alpha <- 9.959069e-07
beta <- 1.527191
ke0 <- 0.0007571589
