alpha <- 4.848334e-06
beta <- 1.661929
ke0 <- 0.0005927011

