nId <- 60
nt <- 120
nPNObs <- 54
nPNCens <- 6
iPNObs <- c(2,4,6,8,10,12,14,20,22,24,26,30,32,40,42,44,46,48,50,52,54,56,58,60,62,64,66,68,70,72,74,76,78,80,82,84,86,88,90,92,94,96,98,100,102,104,106,108,110,112,114,116,118,120)
iPNCens <- c(16,18,28,34,36,38)
amt <- c(1200,0,1200,0,1200,0,1200,0,1200,0,1200,0,1200,0,1200,0,1200,0,1200,0,1200,0,1200,0,1200,0,1200,0,1200,0,1200,0,1200,0,1200,0,1200,0,1200,0,1800,0,1800,0,1800,0,1800,0,1800,0,1800,0,1800,0,1800,0,1800,0,1800,0,1800,0,1800,0,1800,0,1800,0,1800,0,1800,0,1800,0,1800,0,1800,0,1800,0,2400,0,2400,0,2400,0,2400,0,2400,0,2400,0,2400,0,2400,0,2400,0,2400,0,2400,0,2400,0,2400,0,2400,0,2400,0,2400,0,2400,0,2400,0,2400,0,2400,0)
rate <- c(0,0,0,0,0,0,0,0,0,0,0,0,0,0,0,0,0,0,0,0,0,0,0,0,0,0,0,0,0,0,0,0,0,0,0,0,0,0,0,0,0,0,0,0,0,0,0,0,0,0,0,0,0,0,0,0,0,0,0,0,0,0,0,0,0,0,0,0,0,0,0,0,0,0,0,0,0,0,0,0,0,0,0,0,0,0,0,0,0,0,0,0,0,0,0,0,0,0,0,0,0,0,0,0,0,0,0,0,0,0,0,0,0,0,0,0,0,0,0,0)
ii <- c(504,0,504,0,504,0,504,0,504,0,504,0,504,0,504,0,504,0,504,0,504,0,504,0,504,0,504,0,504,0,504,0,504,0,504,0,504,0,504,0,504,0,504,0,504,0,504,0,504,0,504,0,504,0,504,0,504,0,504,0,504,0,504,0,504,0,504,0,504,0,504,0,504,0,504,0,504,0,504,0,504,0,504,0,504,0,504,0,504,0,504,0,504,0,504,0,504,0,504,0,504,0,504,0,504,0,504,0,504,0,504,0,504,0,504,0,504,0,504,0)
addl <- c(5,0,5,0,5,0,5,0,5,0,5,0,5,0,5,0,5,0,5,0,5,0,5,0,5,0,5,0,5,0,5,0,5,0,5,0,5,0,5,0,5,0,5,0,5,0,5,0,5,0,5,0,5,0,5,0,5,0,5,0,5,0,5,0,5,0,5,0,5,0,5,0,5,0,5,0,5,0,5,0,5,0,5,0,5,0,5,0,5,0,5,0,5,0,5,0,5,0,5,0,5,0,5,0,5,0,5,0,5,0,5,0,5,0,5,0,5,0,5,0)
cmt <- c(1,1,1,1,1,1,1,1,1,1,1,1,1,1,1,1,1,1,1,1,1,1,1,1,1,1,1,1,1,1,1,1,1,1,1,1,1,1,1,1,1,1,1,1,1,1,1,1,1,1,1,1,1,1,1,1,1,1,1,1,1,1,1,1,1,1,1,1,1,1,1,1,1,1,1,1,1,1,1,1,1,1,1,1,1,1,1,1,1,1,1,1,1,1,1,1,1,1,1,1,1,1,1,1,1,1,1,1,1,1,1,1,1,1,1,1,1,1,1,1)
evid <- c(1,0,1,0,1,0,1,0,1,0,1,0,1,0,1,0,1,0,1,0,1,0,1,0,1,0,1,0,1,0,1,0,1,0,1,0,1,0,1,0,1,0,1,0,1,0,1,0,1,0,1,0,1,0,1,0,1,0,1,0,1,0,1,0,1,0,1,0,1,0,1,0,1,0,1,0,1,0,1,0,1,0,1,0,1,0,1,0,1,0,1,0,1,0,1,0,1,0,1,0,1,0,1,0,1,0,1,0,1,0,1,0,1,0,1,0,1,0,1,0)
start <- c(1,3,5,7,9,11,13,15,17,19,21,23,25,27,29,31,33,35,37,39,41,43,45,47,49,51,53,55,57,59,61,63,65,67,69,71,73,75,77,79,81,83,85,87,89,91,93,95,97,99,101,103,105,107,109,111,113,115,117,119)
end <- c(2,4,6,8,10,12,14,16,18,20,22,24,26,28,30,32,34,36,38,40,42,44,46,48,50,52,54,56,58,60,62,64,66,68,70,72,74,76,78,80,82,84,86,88,90,92,94,96,98,100,102,104,106,108,110,112,114,116,118,120)
time <- c(0,1277.06692201103,0,953.072087133589,0,1309.37176795762,0,1521.55446861437,0,1211.80741624228,0,1467.60116861099,0,975.583684404184,0,3024,0,3024,0,1856.81116146016,0,1315.60235460012,0,2139.70617206974,0,1984.56449056426,0,3024,0,860.206795113236,0,2804.51994443576,0,3024,0,3024,0,3024,0,1647.90337252925,0,1314.05775433165,0,2364.39976367971,0,1658.82723137821,0,860.847857790407,0,2424.40999304274,0,1083.46864853048,0,1209.93707173429,0,1390.36208980216,0,1217.24610286986,0,1319.05622709874,0,780.901666170424,0,244.895875698066,0,618.749553906888,0,568.889226325648,0,1819.68239811087,0,2176.88808473824,0,2607.27811114095,0,796.770213356993,0,799.255168653567,0,1528.99245301278,0,1357.94845238164,0,420.78875802405,0,969.108414243753,0,1964.82677370709,0,2831.84445940603,0,914.806339716018,0,1240.22630400037,0,1233.51747554174,0,1350.7223486622,0,1243.71802571299,0,1223.28222067541,0,1936.36093588698,0,1713.875385322,0,2573.53837532148,0,1815.35815026141,0,1477.61410027814,0,1561.86615842669,0,1722.08506473832,0,1776.68940861008,0,1939.01190146838)
CL <- c(0.00334894125826476,0.00385582514355155,0.00537566937361782,0.00472956723700421,0.00418379328280317,0.00468542241443291,0.00509741239546968,0.00509607207057106,0.00604802536915267,0.0065505997967793,0.00506922730327715,0.00795586713654747,0.00444480384543793,0.00685280370894779,0.00701448725436476,0.00661456599216552,0.00666311265247565,0.00619219105407599,0.00293613508199109,0.00572113967093489,0.00479195675650638,0.00609288309843328,0.00506425323754538,0.00510889061249396,0.00735082831148927,0.00846399065073895,0.00349222729010639,0.00663130660064267,0.00324595991529635,0.00460196518058117,0.00508073400848075,0.0058166277099801,0.00402624246022156,0.00572448615767026,0.00357130328250639,0.00329464488402483,0.0066612343710272,0.00510407454503821,0.00668823802943385,0.00568179641638305,0.00482776819324476,0.00507954329618894,0.00348539791896273,0.00356991316462791,0.00609770921352137,0.00404999318769984,0.00397460440989801,0.00446806870511704,0.00812403949524211,0.0031513902705674,0.00560324090811528,0.00722045214975247,0.00544399223871357,0.00689899454647882,0.00561846540709315,0.00380012126582416,0.00274204977952992,0.0051093253436822,0.00565191751212832,0.00565115475294857)
V <- c(0.233369065997579,0.254159211279694,0.435688828381693,0.236904342714777,0.291943352024651,0.219421073469658,0.283822388575315,0.301702359606342,0.183495562899181,0.374238488710107,0.18805419847376,0.205411690467813,0.219546250842657,0.244985166526537,0.236966935480348,0.251953606356803,0.264406857849611,0.332514080155373,0.198791007968926,0.280193333774092,0.213632379315908,0.282281425351549,0.259721236410909,0.244847266078919,0.255889889622712,0.255305650274272,0.200809914460005,0.18356224126977,0.261007387136555,0.20630270241284,0.309140871308576,0.263300338041674,0.256524171253826,0.281156101990738,0.24514424113322,0.227288702708562,0.25142537954164,0.285977514045417,0.280759934095175,0.267780378447655,0.250638367610049,0.200293385483593,0.154064140709541,0.269443865610231,0.212183821552738,0.172907537047878,0.172902928432173,0.287434952820863,0.234300117217972,0.25950538426278,0.200595484343238,0.209998965026463,0.272147749737831,0.283622984843303,0.267178303538917,0.236934555873226,0.283670888869281,0.255717939696154,0.191226049156208,0.202230922914921)

