CL    <- c(7.4367958406427 , 7.4367958406427 , 7.4367958406427 , 7.4367958406427 , 7.4367958406427 , 7.4367958406427 , 7.4367958406427 , 7.4367958406427 )
ka    <- c(1.0811298754049 , 1.0811298754049 , 1.0811298754049 , 1.0811298754049 , 1.0811298754049 , 1.0811298754049 , 1.0811298754049 , 1.0811298754049 )
Q     <- c(28.0799996152587, 28.0799996152587, 28.0799996152587, 28.0799996152587, 28.0799996152587, 28.0799996152587, 28.0799996152587, 28.0799996152587)
V1    <- c(78.4460632446725, 78.4460632446725, 78.4460632446725, 78.4460632446725, 78.4460632446725, 78.4460632446725, 78.4460632446725, 78.4460632446725)
V2    <- c(68.1255965629187, 68.1255965629187, 68.1255965629187, 68.1255965629187, 68.1255965629187, 68.1255965629187, 68.1255965629187, 68.1255965629187)
sigma <- c(0.58,0.40,0.50,0.58,0.51,0.47,0.40,0.45)
