# stan_version_major = 2
# stan_version_minor = 18
# stan_version_patch = 0
# model = lv_group_model
# method = sample (Default)
#   sample
#     num_samples = 1000 (Default)
#     num_warmup = 1000 (Default)
#     save_warmup = 0 (Default)
#     thin = 1 (Default)
#     adapt
#       engaged = 1 (Default)
#       gamma = 0.050000000000000003 (Default)
#       delta = 0.80000000000000004 (Default)
#       kappa = 0.75 (Default)
#       t0 = 10 (Default)
#       init_buffer = 75 (Default)
#       term_buffer = 50 (Default)
#       window = 25 (Default)
#     algorithm = hmc (Default)
#       hmc
#         engine = nuts (Default)
#           nuts
#             max_depth = 10 (Default)
#         metric = diag_e (Default)
#         metric_file =  (Default)
#         stepsize = 1 (Default)
#         stepsize_jitter = 0 (Default)
# id = 0 (Default)
# data
#   file = lv.data.R
# init = 2 (Default)
# random
#   seed = 2531315077
# output
#   file = sample2.mpi.csv
#   diagnostic_file =  (Default)
#   refresh = 100 (Default)
lp__,accept_stat__,stepsize__,treedepth__,n_leapfrog__,divergent__,energy__,theta.1.1,theta.2.1,theta.1.2,theta.2.2,theta.1.3,theta.2.3,theta.1.4,theta.2.4,z_init.1.1,z_init.2.1,z_init.1.2,z_init.2.2,sigma.1.1,sigma.2.1,sigma.1.2,sigma.2.2,z.1.1,z.2.1,z.1.2,z.2.2,z.1.3,z.2.3,z.1.4,z.2.4,z.1.5,z.2.5,z.1.6,z.2.6,z.1.7,z.2.7,z.1.8,z.2.8,z.1.9,z.2.9,z.1.10,z.2.10,z.1.11,z.2.11,z.1.12,z.2.12,z.1.13,z.2.13,z.1.14,z.2.14,z.1.15,z.2.15,z.1.16,z.2.16,z.1.17,z.2.17,z.1.18,z.2.18,z.1.19,z.2.19,z.1.20,z.2.20,z.1.21,z.2.21,z.1.22,z.2.22,z.1.23,z.2.23,z.1.24,z.2.24,z.1.25,z.2.25,z.1.26,z.2.26,z.1.27,z.2.27,z.1.28,z.2.28,z.1.29,z.2.29,z.1.30,z.2.30,z.1.31,z.2.31,z.1.32,z.2.32,z.1.33,z.2.33,z.1.34,z.2.34,z.1.35,z.2.35,z.1.36,z.2.36,z.1.37,z.2.37,z.1.38,z.2.38,z.1.39,z.2.39,z.1.40,z.2.40
# Adaptation terminated
# Step size = 0.0309682
# Diagonal elements of inverse mass matrix:
# 0.0729994, 0.238081, 0.0839467, 0.0886417, 0.114671, 0.124956, 0.0897789, 0.0458104, 0.00648717, 0.111444, 0.0564014, 0.036952, 0.0257123, 0.0308464, 0.030093, 0.0285362
30.2875,0.724452,0.0309682,7,127,0,-23.8087,1.40123,0.765814,0.0385098,0.0218699,0.319117,0.560166,0.0159874,0.205313,6.54159,5.55002,30.8627,39.0528,0.297413,0.277169,0.266794,0.287245,9.06607,25.3286,14.8741,22.1646,26.0499,22.1582,41.5192,27.6327,45.6025,41.6041,27.7685,55.159,13.0334,54.713,7.46889,46.4595,6.04204,37.4875,6.7194,30.097,9.54374,24.8249,15.8731,21.9735,27.7702,22.45,43.088,28.8217,44.3324,43.6142,25.4579,55.8539,12.0133,53.9505,7.1528,45.3647,6.02522,36.5163,6.92562,29.3608,3.9442,60.99,2.07916,63.5248,1.27148,50.4221,1.06414,36.3551,1.16618,25.9896,1.53528,19.4899,2.24548,16.2979,3.39831,16.4822,4.86422,21.9703,5.57415,37.7404,4.0756,60.0546,2.15737,63.9942,1.29763,51.3077,1.06647,37.0916,1.1531,26.4859,1.50524,19.7759,2.19227,16.3984,3.31809,16.3575,4.78168,21.4223,5.58908,36.4636
31.4193,0.996325,0.0309682,7,127,0,-21.2564,1.35418,0.782357,0.0294728,0.0236342,0.313354,0.521793,0.0162546,0.176854,6.42235,5.43775,38.7839,42.4675,0.289629,0.245552,0.330624,0.293069,8.82432,31.9928,14.2169,28.0558,24.4308,27.8642,38.8207,34.0115,44.537,50.2829,29.3436,68.2908,14.1605,70.1557,7.86162,60.7873,6.00035,49.5487,6.25332,39.919,8.35333,32.7644,13.2343,28.4055,22.6962,27.5998,36.8873,32.6314,45.0686,47.4978,32.0095,66.578,15.6389,70.8462,8.37348,62.3192,6.10651,51.0312,6.11731,41.1012,3.59355,56.6767,2.04728,54.5747,1.39681,43.472,1.2511,32.4337,1.40875,24.2542,1.85562,19.1207,2.66819,16.8255,3.90644,17.7535,5.29539,23.8543,5.65078,38.3199,4.05063,54.7624,2.30368,56.2793,1.48579,46.1445,1.25404,34.6838,1.34992,25.8072,1.72764,20.0169,2.45017,17.0887,3.59697,17.2015,5.01585,21.8626,5.74747,34.3661
30.9631,0.873216,0.0309682,7,127,0,-23.3336,1.28029,0.790508,0.0452202,0.0248955,0.339804,0.548626,0.0154139,0.180911,7.21155,5.97489,22.7647,36.7179,0.311111,0.265854,0.299192,0.316248,10.282,18.4804,17.0438,16.1406,29.7732,16.3387,47.0892,21.037,51.1941,33.0889,30.4867,44.8847,13.9973,44.2575,7.94926,36.9855,6.41282,29.3074,7.10157,23.0969,10.0004,18.6957,16.4637,16.224,28.7679,16.2243,46.0883,20.5405,51.8277,32.1533,31.9459,44.4861,14.6563,44.5914,8.15441,37.4926,6.43515,29.7564,6.99997,23.4364,4.16132,54.4176,2.25068,55.226,1.43006,43.926,1.23004,32.0792,1.37004,23.3439,1.81902,17.9048,2.66469,15.4115,3.9973,16.1493,5.55033,22.1964,5.94323,37.5011,4.06791,54.8438,2.19921,54.9053,1.41325,43.4187,1.22989,31.6649,1.38171,23.0667,1.84433,17.7504,2.7083,15.373,4.05944,16.2656,5.60208,22.6073,5.90712,38.2915
22.8691,0.989557,0.0309682,7,127,0,-15.2672,1.52661,0.598504,0.149226,0.0202085,0.252736,0.667168,0.0126099,0.185802,7.20907,6.36627,8.49555,24.9645,0.357851,0.273671,0.585638,0.335233,10.2345,7.34586,16.6094,6.72718,28.0279,6.88357,42.2763,8.34391,45.0542,11.4905,29.2821,14.4087,14.9139,14.6503,8.55198,13.1081,6.43773,11.1576,6.42456,9.38123,8.1433,7.97102,12.3247,7.02042,20.6017,6.67502,33.9849,7.28145,45.9153,9.45306,39.9294,12.9133,22.3581,14.8355,11.5625,14.139,7.35255,12.3152,6.22829,10.3969,5.96963,41.6384,4.01203,54.4773,2.47064,50.2525,1.83629,38.0521,1.73976,27.0537,1.98856,19.5342,2.55915,15.2143,3.49491,13.6195,4.78939,15.0208,6.1028,21.3257,6.32925,35.7354,4.67931,52.1002,2.85047,53.1313,1.96428,42.079,1.7284,30.2098,1.87516,21.5583,2.33972,16.2832,3.15386,13.8392,4.34597,14.1761,5.73108,18.5687
30.8795,0.979442,0.0309682,7,127,0,-18.1226,1.51752,0.618751,0.0797635,0.018869,0.288369,0.760852,0.0151522,0.190434,7.2195,7.10399,17.5863,24.0514,0.343424,0.334743,0.503556,0.265443,9.07772,14.8721,13.6284,13.183,22.2229,12.889,34.225,14.7981,40.0367,19.8237,29.4129,25.5689,16.0101,26.8369,9.39671,24.1957,7.20711,20.4875,7.37168,17.1061,9.57818,14.5355,14.6677,13.0318,23.9646,13.0128,35.9442,15.3694,39.3991,20.8166,27.0205,26.1287,14.5506,26.5996,8.84305,23.6363,7.10245,19.9215,7.57113,16.646,7.00599,45.0861,4.49776,64.0348,2.56933,57.2418,1.89898,40.3472,1.88665,26.8308,2.29987,18.5585,3.1451,14.4553,4.49556,13.8659,6.24264,17.9649,7.41299,31.5825,6.05797,55.7577,3.47288,63.8628,2.16588,49.9715,1.83465,33.8211,2.01641,22.653,2.60881,16.3319,3.66612,13.7589,5.22983,14.888,6.93421,22.2782,7.19442,41.674
30.7747,0.997789,0.0309682,7,127,0,-19.9093,1.25827,0.761774,0.0261909,0.0238223,0.322892,0.567651,0.0148405,0.185786,7.02785,6.09172,36.5288,28.1849,0.229765,0.341741,0.29652,0.328742,10.4157,30.0001,17.603,26.5777,30.9301,27.3482,48.7299,35.7882,52.3649,56.8454,30.6919,77.3152,13.7993,76.5608,7.59391,64.4145,5.8861,51.3745,6.24786,40.6165,8.46998,32.7144,13.5915,27.7692,23.768,26.3221,40.4184,30.4814,54.2821,45.3758,42.2794,69.754,20.0337,79.3333,9.66566,70.6616,6.3602,57.3319,5.86531,45.3447,5.31387,48.0636,3.0449,59.0996,1.71103,51.1461,1.27007,37.8926,1.26433,27.0455,1.5602,19.8378,2.19779,15.8465,3.28705,14.8357,4.82345,17.7788,6.0939,28.2482,5.30575,48.1438,3.03708,59.099,1.70792,51.0953,1.26936,37.8426,1.26492,27.0097,1.562,19.8159,2.20115,15.8365,3.29239,14.8382,4.82994,17.802,6.09603,28.3118
30.6422,0.999042,0.0309682,7,127,0,-24.1007,1.60177,0.896902,0.045803,0.0273784,0.251258,0.494184,0.0111418,0.175429,7.11701,6.77463,28.8169,33.7365,0.292736,0.325759,0.256125,0.390495,10.4433,24.6513,17.8124,22.3316,31.9023,22.7495,50.6711,28.0643,53.8207,40.1723,32.0497,50.9054,14.9111,50.8143,8.22226,44.6659,6.215,37.5518,6.40412,31.2837,8.53065,26.3891,13.7083,23.1461,24.3753,22.1149,42.1045,24.7807,56.146,33.8403,43.4161,47.0554,21.2522,52.068,10.468,47.8589,6.79801,40.8215,6.09386,34.0514,4.636,58.7837,2.02113,62.6297,1.05724,49.2096,0.822057,35.1885,0.893929,24.8653,1.22498,18.1898,1.9314,14.5358,3.23662,13.8074,5.23962,17.5785,6.77325,31.6426,4.93964,56.9385,2.18157,63.3606,1.10404,50.6123,0.82831,36.3412,0.877149,25.6548,1.18143,18.6711,1.84502,14.756,3.08503,13.7309,5.03833,16.9302,6.73733,29.6875
31.4765,0.941318,0.0309682,7,127,0,-20.1465,1.31492,0.500836,0.0612884,0.0149,0.328128,0.903625,0.0163424,0.140198,6.17624,10.3694,18.4516,22.4192,0.464738,0.37818,0.392426,0.263896,8.32962,14.9182,13.3813,12.7652,23.3528,12.3118,38.7954,14.6669,48.3177,22.0639,33.8099,31.9923,15.8135,34.0772,8.24323,29.5488,5.99367,23.806,6.07149,18.8771,8.00973,15.2113,12.6932,12.9129,22.0767,12.259,37.166,14.2441,48.3496,21.0676,35.9822,31.2271,17.0963,34.2801,8.6774,30.1153,6.09089,24.3583,5.98432,19.3155,10.8074,41.5281,7.97145,64.6113,4.89629,63.2974,3.57064,45.5996,3.38401,29.7903,3.88206,19.9446,4.96545,14.9187,6.6561,13.5517,8.85319,16.2209,10.7779,26.3533,10.3026,48.8017,6.96541,67.2321,4.36677,58.9427,3.43296,40.6392,3.46244,26.4709,4.12459,18.1284,5.37451,14.1919,7.23064,13.816,9.4818,18.0411,10.9968,31.3661
35.7234,0.949815,0.0309682,7,127,0,-26.3533,1.16224,0.448471,0.0552361,0.0139365,0.382362,0.921705,0.0198298,0.163585,6.34388,8.79,18.7187,27.4103,0.270432,0.311528,0.31214,0.294926,8.1187,14.6908,12.4335,12.2234,20.8329,11.5033,33.9957,13.4369,44.062,20.2873,33.9574,31.1024,16.7617,34.6784,8.7829,30.0657,6.36717,23.7041,6.42252,18.3015,8.37924,14.4103,12.9831,12.0838,21.8206,11.5444,35.2465,13.8019,44.1281,21.1866,32.2742,31.8634,15.6921,34.4934,8.41687,29.5097,6.29332,23.1738,6.51515,17.8964,8.33804,45.6115,6.14262,59.9886,4.22967,54.9314,3.40426,40.275,3.33922,27.5914,3.78476,19.5375,4.66386,15.4237,5.94875,14.5429,7.49775,17.3552,8.74028,26.3536,8.45168,44.0572,6.32663,59.5383,4.33607,55.8719,3.43595,41.4106,3.3243,28.4008,3.73485,20.0028,4.58149,15.6209,5.83742,14.4958,7.37824,16.9666,8.68129,25.3548
34.1402,0.995135,0.0309682,7,127,0,-28.8506,1.28344,1.34501,0.0361784,0.0435613,0.306664,0.368839,0.0163559,0.174483,8.01278,5.47178,28.0072,22.6727,0.34883,0.297203,0.340761,0.367162,11.343,24.0629,17.8142,22.3604,28.2039,23.8585,38.7741,30.5615,37.3954,42.9501,23.4362,52.2605,12.6709,51.1587,8.06609,44.3281,6.73285,36.7048,7.27535,30.2208,9.64321,25.4666,14.6458,22.758,23.4388,22.7388,34.9837,26.9758,40.1457,37.3928,29.6695,49.5578,16.2753,52.7129,9.44559,47.478,7.02063,39.8142,6.84645,32.7389,5.24299,42.9623,2.13032,55.9718,0.802432,48.7725,0.472054,37.435,0.4402,27.9561,0.586006,21.0846,0.997249,16.6521,1.95197,14.7322,3.8565,16.6529,5.92688,27.6137,4.24217,49.6361,1.5201,55.0405,0.644277,45.1958,0.441457,34.1963,0.465806,25.5329,0.677283,19.4446,1.2181,15.7586,2.43204,14.7881,4.62108,18.6973,5.93821,34.0893
28.2952,0.988899,0.0309682,7,127,0,-22.4417,0.976327,1.0601,0.0434985,0.0388575,0.449149,0.443726,0.0257729,0.122547,6.41843,6.70721,17.7477,18.4723,0.270661,0.401189,0.374675,0.38195,8.65928,13.697,13.3698,11.5347,21.7129,11.4678,33.1081,14.8046,38.4184,24.5071,26.253,37.076,12.8435,38.4636,7.36158,31.4371,5.91914,23.6787,6.44211,17.6581,8.71851,13.642,13.4837,11.5135,21.8987,11.4909,33.3038,14.9125,38.3534,24.7447,25.9547,37.2244,12.685,38.3811,7.31073,31.2914,5.91375,23.5535,6.46633,17.5691,7.80019,29.757,5.28391,43.7773,2.60333,44.7431,1.53122,36.5335,1.27516,27.6918,1.44294,20.9082,2.02864,16.5129,3.23111,14.5121,5.26607,15.541,7.50853,21.9918,7.13659,36.1252,3.98988,46.0044,2.01978,41.8832,1.36354,32.7819,1.29825,24.6551,1.62222,18.8433,2.42583,15.4019,3.95424,14.4829,6.25714,17.283,7.86166,26.9751
26.5185,0.976312,0.0309682,7,127,0,-18.7636,1.02707,1.00538,0.0474194,0.0276198,0.435979,0.498732,0.0242124,0.107025,6.52584,10.3134,17.8799,18.7011,0.373319,0.335868,0.263937,0.346769,8.65459,13.8376,13.3187,11.601,21.7745,11.3729,33.6251,14.3436,39.6417,23.197,27.4994,34.8511,13.5066,36.402,7.70147,30.042,6.16141,22.8526,6.70539,17.2073,9.12515,13.4193,14.2394,11.4369,23.2893,11.5472,35.1939,15.158,39.0207,24.9258,25.1242,35.8385,12.2802,35.7793,7.31261,28.9985,6.13129,21.9583,6.91967,16.571,12.9667,42.0378,6.56264,76.2136,2.18622,70.4725,1.12598,50.3894,0.970906,34.0878,1.21665,23.1944,1.93608,16.5841,3.52543,13.3492,6.69492,13.7649,11.4966,22.0136,12.0912,51.6966,4.97492,78.389,1.76607,65.6879,1.04059,45.8987,0.996697,30.9707,1.33868,21.2351,2.22052,15.5026,4.12144,13.0582,7.77346,14.7167,12.4792,26.6651
31.6449,0.998547,0.0309682,7,127,0,-21.8513,0.836801,0.945267,0.0402544,0.0286463,0.525128,0.50171,0.0295651,0.120092,6.70069,8.3891,14.888,20.2609,0.34823,0.406556,0.327865,0.369848,9.23576,11.0904,14.2584,9.21446,22.8395,9.34039,34.2988,12.8344,39.3504,23.417,26.0379,37.7146,12.3192,38.4039,7.13113,29.8324,5.92598,21.274,6.63653,15.0906,9.08923,11.2072,13.9877,9.25539,22.4088,9.28521,33.8421,12.5818,39.5024,22.8068,26.7708,37.3195,12.6872,38.6509,7.24126,30.2194,5.93226,21.583,6.57521,15.2971,9.72041,38.0875,5.87179,60.8586,2.54847,59.3368,1.46028,45.0739,1.25746,31.9592,1.49221,22.7346,2.18818,17.0748,3.60839,14.5097,6.10216,15.5575,9.1782,23.6979,9.05454,45.5149,4.63695,63.0869,2.08909,55.6864,1.34645,41.0199,1.28385,28.9561,1.6344,20.8033,2.49982,16.0425,4.19369,14.3704,6.99276,16.8569,9.71902,28.3624
33.3309,0.962662,0.0309682,7,127,0,-22.9892,0.838375,1.20339,0.0317258,0.0367476,0.517307,0.397127,0.0271382,0.120117,7.46789,8.51753,20.0596,24.3608,0.233495,0.358885,0.302567,0.303714,9.95872,15.0773,14.9575,12.5179,23.4513,12.4576,34.8429,16.3435,40.898,28.0623,29.3745,45.0053,14.7864,47.9863,8.53118,38.655,6.86304,28.2124,7.40594,20.3279,9.80986,15.2363,14.6826,12.5787,23.0167,12.3984,34.3699,16.0556,40.9685,27.3693,30.1021,44.4594,15.2209,48.2096,8.67444,39.12,6.88126,28.6083,7.34716,20.6013,7.90677,47.2422,3.27713,61.4875,1.2825,53.0118,0.775159,40.0332,0.728354,29.3696,0.956567,21.7826,1.57641,16.9601,2.95508,14.814,5.63173,16.4354,8.84421,26.6895,7.26557,50.8058,2.82449,61.2158,1.16,51.1682,0.749692,38.3423,0.743659,28.1165,1.0148,20.9416,1.71311,16.4884,3.2438,14.7615,6.118,17.1667,9.06467,29.3777
30.7333,0.943837,0.0309682,7,255,0,-25.3432,1.57017,1.04093,0.0483351,0.0363688,0.274517,0.470589,0.0131159,0.101764,6.54916,9.3417,28.5415,19.647,0.400591,0.316782,0.40827,0.425061,8.91381,23.9415,14.5381,21.1197,25.7238,20.747,42.297,24.5755,49.524,34.9577,32.5544,46.3271,15.468,47.6559,8.40005,42.0098,6.2795,35.0344,6.47358,28.8872,8.68576,24.1852,14.041,21.2371,24.8084,20.672,41.253,24.1514,49.8386,34.1283,33.9465,45.8531,16.2122,47.859,8.65566,42.4472,6.3331,35.4648,6.40574,29.2388,10.1759,34.6997,5.90918,50.1423,2.70675,47.3768,1.65865,36.5346,1.50003,26.6697,1.84532,19.6683,2.78155,15.451,4.65563,13.953,7.73269,16.2237,10.4678,26.1247,8.2409,44.5136,3.87585,50.6801,1.99453,41.9087,1.50501,31.0648,1.61902,22.6551,2.24235,17.1388,3.61367,14.3066,6.12681,14.5101,9.46945,20.0582,10.0741,35.5368
29.698,0.96902,0.0309682,7,127,0,-24.9035,1.44306,1.26119,0.0439893,0.036129,0.293821,0.423969,0.0161627,0.0965624,6.51607,9.45589,29.1209,16.222,0.253871,0.373841,0.338821,0.445446,8.54429,24.4482,13.2286,21.6319,22.0254,21.3042,34.3188,25.0081,39.9482,34.6839,28.3565,45.7073,14.7675,47.8349,8.41917,42.6523,6.36132,35.6924,6.45799,29.4403,8.36722,24.671,12.8602,21.7358,21.3895,21.2341,33.6302,24.6422,40.1036,33.9838,29.2844,45.2557,15.3448,47.9746,8.63659,43.0382,6.41134,36.0873,6.40567,29.7648,14.2848,35.0971,7.19759,70.1896,1.90773,67.2552,0.815685,49.5121,0.63835,34.6415,0.787619,24.2297,1.32138,17.4832,2.67631,13.7442,5.86598,13.3117,11.7461,20.0612,13.1115,48.5651,4.45547,73.4983,1.3109,61.0932,0.702605,43.7212,0.658203,30.4774,0.919438,21.4663,1.66955,15.8302,3.52365,13.1412,7.68557,14.4265,13.661,26.7168
31.7262,0.997855,0.0309682,7,127,0,-24.4674,1.39123,0.862439,0.0874915,0.0289464,0.304619,0.529292,0.0150457,0.140423,8.1949,8.56177,13.7683,28.5215,0.353011,0.294595,0.388076,0.349101,10.8865,11.6837,16.6754,10.5504,26.7393,10.7254,38.8273,12.9836,41.1193,17.8571,27.8057,22.3606,15.1661,22.5764,9.40966,19.8896,7.66519,16.6192,8.19175,13.7734,10.8783,11.6871,16.6593,10.5515,26.7144,10.7232,38.807,12.9762,41.1337,17.8455,27.838,22.3554,15.1843,22.58,9.41643,19.8963,7.66618,16.6257,8.1886,13.7785,6.44481,50.7904,3.01342,56.9429,1.5922,45.466,1.22919,32.4129,1.32263,22.7425,1.78707,16.5846,2.76313,13.3468,4.50737,12.9624,7.02081,17.0644,8.56258,31.0528,5.94418,53.0211,2.73324,56.0432,1.50845,43.7124,1.22069,30.984,1.35953,21.7847,1.87733,16.0249,2.93538,13.1308,4.79145,13.1658,7.34101,18.1279,8.48138,33.7849
33.1303,0.99788,0.0309682,7,127,0,-27.1769,1.10093,0.704036,0.0393492,0.0189955,0.416015,0.642477,0.0206711,0.189536,6.8693,6.97984,25.2773,31.1323,0.287819,0.35995,0.361228,0.367825,8.62412,19.4989,12.9958,15.9941,21.456,14.9365,34.63,17.4856,44.8404,26.7761,34.88,41.8424,17.3934,46.812,9.27093,40.0891,6.88818,31.0637,7.11618,23.6004,9.43518,18.3997,14.6799,15.4755,24.4046,15.1547,38.157,19.038,44.5711,30.4656,29.9492,44.6188,14.4889,45.7864,8.31375,37.7801,6.75045,28.9765,7.49039,22.0705,6.05985,59.6016,3.22702,75.1428,1.7318,61.7139,1.30288,42.8307,1.34654,28.7988,1.72324,20.154,2.49326,15.6941,3.79459,14.8397,5.62599,18.952,7.05605,33.9451,5.71713,63.2602,2.94828,74.5999,1.63763,59.2565,1.28829,40.7464,1.37562,27.4403,1.79588,19.3863,2.62471,15.3863,4.00051,15.0199,5.86706,20.0463,7.08283,37.0579
30.9993,0.987127,0.0309682,6,127,0,-26.0859,1.37073,0.887031,0.0452295,0.0291517,0.296682,0.519801,0.016639,0.15868,6.33003,8.44338,25.7483,27.8055,0.280121,0.329953,0.418744,0.397465,8.59491,21.6065,13.5449,19.2167,22.6325,19.1747,34.9953,23.0055,40.0129,32.6371,27.7196,43.3647,14.1772,45.2143,7.9993,40.0808,5.98771,33.3438,6.00755,27.3235,7.67731,22.7008,11.6587,19.7378,19.3563,18.872,31.2404,21.2811,40.311,29.1085,32.6365,40.7197,17.4953,45.6909,9.28141,42.0063,6.33287,35.3859,5.83245,29.0318,6.06549,56.3366,2.36504,63.1684,1.10992,48.422,0.825842,33.3531,0.895896,22.6552,1.25034,15.9044,2.02918,12.1795,3.53196,11.1243,6.03039,13.9493,8.40616,26.7367,6.28393,55.1072,2.47654,63.5813,1.13884,49.2216,0.829585,33.9804,0.886463,23.0702,1.22541,16.1529,1.97821,12.2979,3.43784,11.1065,5.89184,13.667,8.3569,25.7172
29.2186,0.937501,0.0309682,7,127,0,-22.4537,1.97883,1.18858,0.0581296,0.04308,0.199996,0.399801,0.00969604,0.132748,7.41038,6.1246,30.3648,17.7282,0.278399,0.30524,0.300796,0.357751,10.1705,27.0168,16.3265,25.0631,27.7056,25.286,42.1542,29.0862,45.3136,37.0017,30.341,44.0705,16.0468,44.8917,9.3487,41.3645,7.01021,36.5758,6.93181,31.9924,8.75726,28.2148,13.3349,25.6387,22.4742,24.8594,36.6357,27.0371,46.5908,33.5042,37.4055,41.8629,20.7756,45.2989,11.3072,43.0587,7.60436,38.5169,6.74444,33.7505,7.41925,30.3718,4.51257,46.416,1.88987,46.4267,1.01197,37.2859,0.81739,28.1024,0.937619,21.1044,1.38225,16.4323,2.37429,14.0245,4.27472,14.4498,6.82898,20.2848,6.92814,35.7402,3.51431,48.2288,1.51226,44.1085,0.912081,34.4337,0.824087,25.8127,1.02778,19.5067,1.60026,15.4895,2.82072,13.7973,5.01571,15.3909,7.3314,23.7701
30.4875,0.703451,0.0309682,7,127,0,-20.2208,1.76381,1.2997,0.0670496,0.0413088,0.239602,0.390627,0.0114271,0.142088,7.36576,6.38549,22.6884,17.5654,0.254991,0.287092,0.454639,0.464351,10.4392,19.7136,17.3028,18.0932,30.0001,18.5458,45.2802,22.518,45.3357,30.4596,27.1192,36.4533,13.5808,35.8508,8.13899,31.7685,6.60055,27.1299,7.19254,23.0582,9.98161,19.9657,16.3504,18.182,28.4111,18.3663,44.011,21.8967,46.5172,29.5742,29.0654,36.1482,14.5245,36.1452,8.46702,32.2474,6.64896,27.5934,7.04168,23.4386,8.31899,35.9486,3.91004,60.1921,1.20131,56.1784,0.571256,42.6436,0.463282,30.9571,0.569524,22.4884,0.935141,16.8634,1.83806,13.7686,3.87228,13.7304,7.28781,20.3655,7.63084,43.4941,2.86536,61.546,0.942675,52.8597,0.516831,39.3753,0.471864,28.5066,0.631458,20.8077,1.09614,15.8379,2.21799,13.4112,4.64806,14.496,8.02896,24.3355
31.8489,0.754534,0.0309682,7,127,0,-21.0717,1.24624,1.2612,0.0275168,0.0411017,0.334797,0.401004,0.0176784,0.151339,7.37653,6.73272,35.4709,20.5965,0.353877,0.335727,0.251658,0.359135,10.5431,29.6236,16.9848,26.8725,27.9473,28.4123,40.1984,37.3427,39.4536,55.7136,23.5002,69.9928,11.9163,67.5907,7.41461,56.9604,6.28652,45.8489,7.05068,36.815,9.77844,30.4604,15.517,27.1035,25.6671,27.7129,38.4243,35.0033,41.1637,52.0547,26.4673,68.6674,13.3493,68.9602,7.89457,59.0369,6.3329,47.7227,6.78551,38.2457,6.93263,42.0386,2.81023,58.5992,0.999356,50.793,0.570587,37.9999,0.529027,27.573,0.706363,20.214,1.2058,15.5568,2.3653,13.4925,4.71539,15.1735,7.49316,26.0583,5.53412,50.7971,1.89838,57.6043,0.77547,46.3028,0.529181,34.0468,0.564522,24.7016,0.830889,18.3187,1.5059,14.5345,3.01992,13.5133,5.79322,17.3808,7.59482,33.7721
27.9574,0.916934,0.0309682,7,127,0,-20.1846,1.28711,0.645224,0.0374647,0.020222,0.336081,0.681173,0.018915,0.169241,7.27173,6.49168,28.7083,22.3301,0.252312,0.349205,0.43061,0.317037,9.87107,24.0387,15.308,21.6771,24.5565,22.4483,35.0653,28.316,35.5123,40.4926,22.6813,50.6133,12.1541,49.7197,7.74761,42.5774,6.61187,34.7256,7.40295,28.2518,10.1904,23.7545,15.9121,21.6052,25.4533,22.6993,35.6741,29.0926,34.7968,41.5896,21.5747,50.9533,11.6066,49.2717,7.56367,41.9208,6.61036,34.1353,7.54687,27.8084,6.95216,36.1979,5.32038,53.0237,3.29527,55.0069,2.28493,44.0182,2.03087,31.8418,2.23821,22.9943,2.84146,17.7817,3.87843,15.7876,5.32712,17.3319,6.73507,24.5268,6.76709,40.1216,4.83307,55.0805,2.99267,53.2727,2.18138,41.251,2.04131,29.6291,2.33335,21.5907,3.02507,17.092,4.15866,15.783,5.66256,18.2789,6.91524,27.1483
29.8312,0.996809,0.0309682,7,127,0,-21.6955,1.07606,0.664528,0.033085,0.0196037,0.373385,0.697153,0.0189327,0.191447,6.27677,7.10764,24.3106,24.9021,0.300985,0.266211,0.314731,0.312576,9.00887,19.2731,14.7139,16.5079,25.2484,16.4405,40.5694,21.0247,48.7755,34.7589,32.7257,53.4119,14.7654,56.5841,7.62032,47.5509,5.54372,36.9075,5.57878,28.1575,7.20558,21.8176,11.0473,17.7727,18.6391,16.0836,31.651,17.6665,46.475,25.6638,44.3048,43.6118,23.3905,57.1825,10.6384,53.3038,6.3432,42.75,5.36316,32.7709,6.81272,49.7015,3.92002,69.8153,2.06089,59.9319,1.48736,41.3725,1.49014,27.2208,1.86348,18.5797,2.64364,14.1393,3.95562,13.1191,5.80539,16.5281,7.34737,29.6065,6.18807,57.0651,3.28315,69.6492,1.83391,55.2282,1.44841,37.2627,1.5502,24.5793,2.01689,17.1187,2.91809,13.5643,4.37858,13.4529,6.29382,18.5584,7.40041,35.4561
32.9731,0.998993,0.0309682,7,127,0,-26.1476,1.30668,0.652128,0.0482636,0.0192671,0.331284,0.669953,0.0148087,0.115231,7.94392,11.0696,24.1201,30.2324,0.350985,0.461962,0.325787,0.309608,10.2448,19.7548,15.6656,17.101,25.9291,16.5911,40.8334,19.477,49.3262,27.841,36.2279,38.5588,18.7348,41.181,10.4823,36.3455,7.85671,29.7584,7.9803,23.96,10.3593,19.6449,15.9034,17.049,26.3413,16.62,41.2982,19.646,49.2563,28.1896,35.6,38.801,18.3418,41.1081,10.3384,36.1451,7.82617,29.5592,8.01877,23.8014,9.6024,53.1762,5.64691,65.3495,3.32415,54.9482,2.58433,39.1159,2.64675,26.8996,3.27883,19.2622,4.53339,15.358,6.54676,14.767,9.19471,18.6592,11.11,31.3998,9.3741,54.5979,5.43772,65.2218,3.24293,53.9588,2.56942,38.2173,2.66988,26.297,3.33743,18.9187,4.63551,15.223,6.6981,14.8529,9.36127,19.1291,11.1346,32.6198
35.0116,0.991106,0.0309682,6,127,0,-27.6663,1.4595,0.595143,0.0576756,0.0194016,0.312881,0.758118,0.0144648,0.136984,6.99691,9.67831,23.9214,23.2224,0.316615,0.390519,0.284948,0.379287,8.65759,19.5376,13.2211,16.664,22.631,15.6805,37.9302,17.6751,49.4107,24.7592,37.6572,34.974,18.778,38.1012,9.92789,33.9271,7.17178,27.9509,7.21868,22.6242,9.52401,18.6188,15.1463,16.1928,26.1943,15.8464,42.2257,18.9732,48.7953,27.5292,32.0042,36.7911,15.5091,37.4415,8.80517,32.3643,6.96843,26.4311,7.59127,21.4216,9.46947,42.0777,6.27157,58.842,3.70643,53.4571,2.75134,38.4439,2.69122,25.9556,3.20514,18.1024,4.27704,14.0635,5.98368,13.2072,8.21595,16.3125,9.9531,27.0036,8.82,47.795,5.43909,59.4915,3.3391,49.7964,2.67137,34.8106,2.77222,23.5205,3.42384,16.7431,4.65179,13.5433,6.522,13.5432,8.78695,18.1057,10.0247,31.5966
35.5018,0.995221,0.0309682,7,255,0,-29.7174,1.59132,0.869281,0.0593188,0.024729,0.282037,0.545878,0.0132806,0.150233,7.06608,7.25914,24.2588,21.4676,0.282736,0.312992,0.298753,0.367592,9.30376,20.3422,14.8076,17.9231,25.7,17.566,41.5189,20.6696,47.9806,28.9326,31.8362,37.6915,15.6468,38.5266,8.84325,33.9227,6.86515,28.3027,7.31279,23.4012,10.0547,19.7484,16.4205,17.6661,28.5321,17.8317,44.258,21.85,46.3083,30.9241,27.9705,38.5357,13.7349,37.8832,8.2045,32.835,6.79012,27.2769,7.64069,22.5905,8.22138,41.7577,4.93074,67.1759,2.18358,64.404,1.29501,47.7582,1.14793,33.0522,1.38113,23.0532,2.01925,17.1379,3.27401,14.636,5.39643,16.0796,7.89315,25.4601,7.6122,50.3059,3.89027,69.4205,1.80157,59.9756,1.2042,43.0858,1.17934,29.7104,1.51637,20.9782,2.30363,16.0808,3.78881,14.5677,6.14723,17.6303,8.30127,30.8956
37.9736,0.996715,0.0309682,7,127,0,-32.7704,1.47339,0.806125,0.0663115,0.0244333,0.297017,0.578817,0.0143446,0.143145,7.22188,8.13404,19.7513,22.9188,0.323186,0.359469,0.341517,0.313504,9.53513,16.5023,14.9812,14.5494,25.3834,14.342,39.9883,17.0126,45.8993,23.9592,31.1712,31.4726,15.7372,32.3848,9.00079,28.5009,6.97301,23.6618,7.32834,19.4341,9.84968,16.2847,15.6394,14.455,26.5157,14.4328,41.1186,17.4246,45.3643,24.6902,29.5739,31.8413,14.8792,32.1746,8.701,28.0966,6.92469,23.2727,7.44935,19.1247,8.29391,43.8484,4.78242,63.6978,2.32497,57.8081,1.53266,42.1787,1.44962,29.1046,1.78669,20.4682,2.59289,15.5943,4.07378,13.9537,6.36619,16.3716,8.58518,27.1772,7.52435,51.0988,3.87786,64.384,1.99537,53.6623,1.46085,38.1539,1.50227,26.307,1.95465,18.7897,2.922,14.8227,4.62729,14.12,7.07688,18.19,8.77064,32.6433
34.0562,0.987261,0.0309682,7,127,0,-29.6886,1.39982,0.587981,0.0792904,0.0176593,0.283553,0.761512,0.0152598,0.177377,7.02,8.47393,14.6159,29.2988,0.258637,0.324733,0.399704,0.332159,9.78137,12.4761,15.5414,11.3439,25.6419,11.6293,37.9874,14.2635,40.3003,19.9778,26.4658,25.3205,13.7531,25.6643,8.11189,22.6783,6.30408,19.0039,6.47371,15.7447,8.3629,13.246,12.7121,11.6698,20.9356,11.2951,33.1677,12.8142,41.6097,17.33,33.1196,23.5987,18.0229,26.1206,9.78341,24.1003,6.74912,20.5004,6.20703,17.0037,7.15512,57.9721,3.89347,71.4541,2.22594,55.9467,1.77763,36.8417,1.89338,23.6737,2.41587,16.1025,3.39557,12.4943,4.94356,12.1141,6.99328,16.2373,8.50554,30.732,6.95055,59.8218,3.72955,71.063,2.17117,54.6289,1.77156,35.8009,1.91482,23.0388,2.46385,15.7665,3.47677,12.3731,5.06333,12.2124,7.12765,16.7567,8.52304,32.2444
32.8251,0.744668,0.0309682,7,127,0,-26.5422,1.324,0.775444,0.0429885,0.0267594,0.306626,0.582172,0.0164958,0.114283,6.69519,9.24705,24.5797,19.0918,0.288619,0.347582,0.346637,0.295996,9.5844,20.6205,15.6305,18.5804,26.3925,19.204,39.6743,24.4377,41.3669,36.1198,25.4578,46.6242,12.5161,46.333,7.3072,39.8539,5.80198,32.5725,6.17112,26.4012,8.27559,21.8276,13.0072,19.0576,21.983,18.588,35.2521,21.8635,43.2605,31.3761,31.8409,43.9548,16.0422,47.5469,8.56239,42.4375,6.07643,35.0882,5.85808,28.4271,10.1745,33.5333,6.96138,51.3445,3.64887,51.5585,2.31002,39.908,2.02474,28.3734,2.31339,20.2135,3.14305,15.3364,4.68208,13.295,7.0766,14.4311,9.71208,21.1768,9.80999,37.6577,6.11926,53.1222,3.23793,49.5805,2.19035,37.3149,2.04279,26.3955,2.43677,18.9565,3.39535,14.6891,5.10709,13.2315,7.65291,15.225,10.0711,23.7209
34.0272,0.813858,0.0309682,7,127,0,-27.1538,1.24293,0.600436,0.0478746,0.0176809,0.338747,0.683055,0.0174561,0.145246,7.34694,7.84322,21.0017,35.0306,0.320189,0.341452,0.314,0.374166,10.2249,17.3862,16.2433,15.5217,26.7838,15.992,39.6464,20.4089,41.5036,30.4058,26.1547,39.5833,13.2438,39.2687,7.98286,33.411,6.54301,26.931,7.14237,21.5716,9.71954,17.7512,15.2567,15.6473,25.201,15.7619,38.238,19.5493,42.4424,28.9305,28.3408,38.9064,14.3734,39.7565,8.37114,34.2475,6.59665,27.7029,6.96793,22.1662,6.6212,51.829,4.44448,58.3156,3.06117,50.1556,2.56565,37.798,2.63467,27.6954,3.13443,21.1606,4.06309,17.9291,5.42159,17.9477,6.97841,22.3304,7.84785,33.6677,6.79879,50.532,4.61447,58.4437,3.14078,51.1801,2.58286,38.8273,2.6109,28.4321,3.07441,21.5919,3.96471,18.0858,5.28922,17.8005,6.85155,21.7155,7.83639,32.3593
35.7729,0.99149,0.0309682,7,127,0,-30.0286,1.32582,0.65877,0.0337826,0.0218591,0.325374,0.678577,0.0164198,0.214122,6.73097,6.07701,33.5381,21.7604,0.257452,0.240225,0.31236,0.291393,9.09943,27.4986,14.4723,23.9752,24.6313,23.6905,38.9927,28.8022,45.087,42.5953,30.2191,58.2559,14.7692,60.0794,8.27155,51.9429,6.36706,42.1408,6.68618,33.7946,8.97338,27.6714,14.211,24.0516,24.1763,23.6274,38.5014,28.4869,45.2511,41.972,30.9074,57.8931,15.1434,60.2495,8.39986,52.2908,6.39039,42.4713,6.64374,34.054,5.9765,42.1576,3.61754,60.632,1.91914,54.2231,1.34561,38.4977,1.29964,25.757,1.57444,17.68,2.1808,13.3199,3.21458,11.9384,4.7138,14.055,6.17872,23.1666,5.80763,44.6595,3.38523,61.0584,1.82473,52.7543,1.32363,37.0319,1.31341,24.7617,1.61839,17.1014,2.26212,13.0554,3.34336,11.966,4.87786,14.5471,6.26214,24.7121
33.5351,0.947372,0.0309682,7,127,0,-25.7445,1.54279,0.962343,0.0625259,0.0308134,0.280398,0.469459,0.013686,0.105589,7.3532,11.0361,22.0432,30.1159,0.345248,0.418607,0.341125,0.399171,9.69522,18.6624,15.1627,16.638,25.4792,16.4962,39.5555,19.4429,44.6232,26.7069,30.3925,34.2056,15.7034,35.0883,9.13093,31.1874,7.09559,26.2392,7.41715,21.8436,9.884,18.5243,15.5555,16.5789,26.1461,16.5572,40.2007,19.7064,44.3051,27.1552,29.4769,34.4307,15.1961,34.9658,8.94775,30.9406,7.06318,25.9961,7.48637,21.6468,7.88391,54.0711,3.33627,59.5853,1.64619,47.6021,1.22548,34.43,1.30553,24.5253,1.78944,17.9865,2.8686,14.2872,4.94408,13.3501,8.28072,16.6242,11.0246,29.6034,8.02061,53.5793,3.40922,59.7524,1.66703,47.9496,1.2286,34.7202,1.29898,24.7271,1.77158,18.1119,2.83192,14.3467,4.87724,13.3339,8.18869,16.4608,11.0089,29.1005
36.47,0.963653,0.0309682,7,127,0,-29.7263,1.65883,0.918232,0.0761388,0.0268576,0.238078,0.487832,0.0122359,0.145501,7.39246,7.6436,18.6355,27.6052,0.265211,0.330514,0.360546,0.319506,10.3207,16.3269,16.5211,15.1008,27.4296,15.4963,40.264,18.5344,41.5169,24.5747,26.958,29.667,14.2622,29.8517,8.54476,26.9016,6.66136,23.2084,6.82333,19.8298,8.81285,17.1613,13.4719,15.4477,22.3686,15.0832,35.3998,16.8922,43.4048,21.8625,33.7209,28.0902,18.5165,30.3322,10.2511,28.3033,7.12966,24.7226,6.55001,21.145,6.78274,51.255,3.33992,65.339,1.58672,56.1153,1.07426,41.4531,1.0457,29.5744,1.32992,21.4992,2.00735,16.728,3.30788,14.9787,5.4412,17.2112,7.65597,27.7652,6.75387,51.4911,3.31419,65.3368,1.57813,55.9819,1.07233,41.3262,1.0469,29.4828,1.33412,21.4408,2.01607,16.6978,3.3237,14.9779,5.46416,17.2598,7.66806,27.9266
32.4051,0.92635,0.0309682,7,127,0,-25.7657,1.59814,1.02657,0.0508236,0.0316174,0.257379,0.448155,0.0138627,0.125884,6.66875,6.82913,27.1585,20.6333,0.371773,0.28167,0.388467,0.429596,9.18512,23.3721,14.7363,21.2317,24.9226,21.4802,37.9413,25.7116,40.7415,35.0604,26.5413,43.6642,13.6119,44.1748,7.95475,39.4029,6.17003,33.4962,6.38788,28.1954,8.4112,24.0941,13.138,21.5409,22.1998,21.1503,35.2469,24.307,41.8765,32.6566,30.295,42.3472,15.7915,44.7138,8.77438,40.6754,6.36313,34.8035,6.19379,29.2934,8.16552,35.0465,5.42395,54.4973,2.49501,56.0836,1.38914,45.1329,1.12332,33.5918,1.25532,24.8358,1.76303,19.0965,2.83903,16.1755,4.77579,16.5194,7.33561,22.63,7.91452,39.4287,4.65659,56.6459,2.14819,54.2844,1.2889,42.5797,1.12277,31.5137,1.32628,23.402,1.93057,18.2575,3.1629,15.939,5.29346,17.1686,7.76425,25.1281
30.8659,0.931903,0.0309682,7,127,0,-24.5462,1.35987,1.10316,0.0429616,0.0338434,0.29748,0.454163,0.0150617,0.219381,7.42943,5.12031,25.8992,26.5494,0.29653,0.275443,0.348011,0.432014,10.4227,21.934,16.6675,19.8746,27.618,20.476,40.8672,25.5421,42.7052,36.515,27.2578,46.4159,13.9504,46.5014,8.29249,40.543,6.58327,33.571,6.93399,27.5441,9.16865,23.0316,14.1794,20.3039,23.5239,19.9049,36.902,23.2516,44.4211,32.4675,33.0059,44.1198,17.2935,47.4683,9.5355,42.7583,6.86627,35.7833,6.62939,29.3506,4.26867,50.7438,1.77465,61.2842,0.786226,50.3799,0.545434,36.7615,0.57144,26.2909,0.803196,19.3274,1.35542,15.431,2.47776,14.7255,4.28231,19.4637,5.2208,36.8103,2.9595,59.5083,1.15458,57.4019,0.624909,43.7296,0.533342,31.3845,0.651067,22.6123,1.01012,17.132,1.79349,14.6446,3.26516,15.9707,5.05177,25.5054,4.42377,49.231
34.6611,0.870887,0.0309682,7,127,0,-19.508,1.32388,1.07181,0.0434029,0.0341562,0.329836,0.431235,0.0165059,0.198149,7.48841,5.77758,26.3169,25.4246,0.303978,0.292849,0.285889,0.408054,9.97399,21.7844,15.5124,19.2297,25.5689,19.2754,38.6817,23.5697,42.5491,33.9907,28.3762,44.5614,14.6535,45.1749,8.74647,39.076,7.0585,31.8895,7.62517,25.8145,10.342,21.4549,16.2465,19.1075,26.7571,19.461,39.7339,24.2834,41.8462,35.1832,26.765,45.0887,13.8133,44.7735,8.45766,38.3921,7.02776,31.2557,7.78011,25.3273,4.73439,50.4918,1.86427,61.6313,0.77567,50.8276,0.506173,37.2469,0.501319,26.6608,0.672647,19.3965,1.10104,14.9389,2.0087,13.0698,3.69902,14.7344,5.72106,24.6221,4.87204,49.3156,1.95381,61.7798,0.799743,51.4651,0.511002,37.8086,0.49782,27.065,0.660419,19.6611,1.0735,15.0855,1.95262,13.0927,3.60443,14.5404,5.65821,23.8576
26.0596,0.969494,0.0309682,7,127,0,-22.2816,1.24668,1.3625,0.0434737,0.0471863,0.389412,0.300068,0.0197969,0.142729,6.51388,4.79196,27.1706,37.07,0.366464,0.281088,0.451043,0.444833,7.98618,21.1723,12.1112,17.4049,20.5291,16.1466,34.1232,18.6666,44.3009,28.1124,32.9701,42.4323,15.8948,45.9674,8.53734,39.1383,6.53757,30.6157,7.04475,23.6447,9.81056,18.8446,16.0184,16.3669,27.4157,16.8864,41.3918,22.7138,40.8715,36.2156,22.5818,46.2328,10.9189,42.8679,7.05285,34.4163,6.55747,26.576,8.21715,20.7637,2.4977,46.2629,1.12842,43.7188,0.659676,36.5571,0.545265,29.4347,0.612554,23.6363,0.872055,19.4114,1.45691,16.8922,2.6107,16.5896,4.37585,20.1526,5.3184,30.6368,3.519,43.7238,1.57917,45.8957,0.802627,39.895,0.569291,32.471,0.562445,26.0242,0.727388,21.089,1.14311,17.7833,2.01134,16.3841,3.55196,17.9072,5.18971,25.0042
30.766,0.985673,0.0309682,7,127,0,-19.3787,1.20897,1.28241,0.0618928,0.0394239,0.364683,0.348479,0.0188287,0.199258,7.32795,4.59742,16.8708,37.2085,0.346009,0.265326,0.47593,0.34181,9.59877,13.6908,14.6833,11.8839,23.8987,11.7814,36.262,14.4071,41.1767,21.2772,28.4943,29.0451,14.7783,29.9457,8.73486,25.6972,6.99692,20.6016,7.51476,16.351,10.1087,13.3537,15.6918,11.7543,25.5306,11.9473,37.7894,15.0895,40.35,22.5054,26.1819,29.6573,13.5341,29.5387,8.30912,24.9771,6.95262,19.9435,7.74008,15.8557,2.58146,55.0203,1.02066,54.2459,0.523839,44.1964,0.405805,34.0994,0.449649,26.1479,0.65087,20.5268,1.12446,17.184,2.10736,16.5546,3.72638,20.7364,4.66598,35.0355,2.82637,53.9368,1.11814,55.0212,0.550944,45.3273,0.409248,35.0667,0.438609,26.869,0.620032,21.0089,1.05598,17.4218,1.97251,16.4546,3.54345,19.9365,4.69417,32.9559
30.508,0.924648,0.0309682,7,127,0,-22.1778,1.14653,0.946019,0.0596338,0.028164,0.39741,0.427713,0.019048,0.145,6.49852,6.9636,16.891,37.4088,0.278951,0.245855,0.420017,0.327452,8.44208,13.0422,13.1851,10.7092,22.5715,10.0257,37.6145,11.8688,49.1831,18.6626,36.5619,29.5599,17.0313,32.5738,8.74725,27.5796,6.42801,21.2988,6.66983,16.1648,8.98115,12.5634,14.3289,10.4772,24.6542,10.1104,40.2496,12.5475,49.0535,20.3617,32.8857,30.848,15.0092,32.0894,8.11126,26.5436,6.32935,20.3702,6.89236,15.4792,4.58528,58.0904,2.1179,60.3384,1.15161,49.2186,0.884471,37.0095,0.925821,27.4338,1.21653,20.8231,1.85366,16.8727,3.04393,15.5631,4.94585,17.9665,6.84662,27.8868,6.09962,48.7171,3.14376,61.9301,1.50247,55.4635,0.967141,42.9094,0.874805,31.8614,1.03623,23.7912,1.47951,18.5394,2.3616,15.8632,3.90762,16.147,6.01826,21.5778
30.7976,0.91969,0.0309682,6,63,0,-22.2775,1.042,0.814739,0.0390919,0.0274091,0.395903,0.517033,0.0210888,0.150423,6.76448,6.52247,19.579,37.5503,0.325722,0.249562,0.376916,0.357911,9.70099,15.6133,15.6312,13.636,26.0148,14.1167,39.4064,18.9587,42.8058,31.4758,26.5052,44.8592,12.4877,44.7112,7.15144,36.6326,5.74169,28.1273,6.22211,21.4174,8.41791,16.7637,13.1427,14.084,21.8683,13.5986,34.9054,16.5718,44.0673,26.2419,33.1865,41.379,16.1283,46.2266,8.35805,39.7124,5.96713,30.9126,5.87719,23.5042,4.25898,51.078,2.3518,49.2736,1.57331,39.0517,1.40567,28.979,1.59856,21.5723,2.14224,16.9594,3.14332,14.9505,4.68632,15.9621,6.38904,21.9986,6.63122,36.0692,4.47359,50.474,2.4635,49.9282,1.60968,39.9861,1.40447,29.7434,1.56937,22.0905,2.08005,17.25,3.03699,15.0172,4.53688,15.7238,6.26892,21.1984,6.71861,34.6031
31.3119,0.993925,0.0309682,7,127,0,-27.5464,1.06567,0.761528,0.0453948,0.0253267,0.375745,0.5589,0.0202248,0.163455,7.12339,6.41574,17.8554,36.5946,0.324495,0.246237,0.346288,0.343101,9.97653,14.523,15.6624,12.8502,25.3757,13.2683,37.5277,17.2393,40.856,26.9385,26.9181,37.3926,13.5365,38.1121,7.87901,32.1851,6.20781,25.3792,6.50506,19.7672,8.48458,15.748,12.8041,13.3479,20.7067,12.7738,32.4764,14.9529,41.6333,22.0917,34.115,33.7214,18.1831,39.0632,9.59348,35.0582,6.6168,28.1956,6.18202,21.9725,4.40288,51.6215,2.48261,51.0166,1.65709,40.4313,1.46768,29.6669,1.64923,21.7888,2.17573,16.9451,3.13292,14.8548,4.5827,15.8603,6.16892,21.942,6.43388,36.2813,4.445,51.4734,2.50584,51.1518,1.66479,40.6352,1.46747,29.833,1.64323,21.8996,2.16314,17.0057,3.11188,14.8674,4.55388,15.8083,6.14651,21.7708,6.45118,35.9688
34.0042,0.989505,0.0309682,7,127,0,-24.7824,1.03638,0.752079,0.0435974,0.0221313,0.436747,0.53343,0.0210061,0.173891,7.25002,6.08591,20.1083,38.1748,0.349742,0.246746,0.347928,0.317556,9.48964,15.4285,14.5764,12.7565,24.0364,12.2544,37.937,15.1136,46.5508,24.3742,33.4593,37.8121,16.2373,40.4987,8.95456,33.6221,6.97732,25.5358,7.48385,19.138,10.1384,14.8169,15.873,12.4971,26.2299,12.4513,40.374,16.1717,45.9187,26.7751,29.8695,39.3564,14.331,39.6817,8.35194,32.1511,6.91759,24.2662,7.78078,18.2325,4.43298,57.3618,2.45835,60.446,1.52637,49.4758,1.25168,36.7152,1.32289,26.8298,1.67513,20.3377,2.36706,16.858,3.49804,16.3544,5.01098,20.0449,6.12264,31.4976,5.22304,51.3347,3.05658,61.6847,1.76021,54.1282,1.30153,41.0923,1.26494,29.9941,1.51367,22.3123,2.07164,17.7849,3.03529,16.1564,4.44513,18.0608,5.87048,26.1757
35.3051,0.984531,0.0309682,7,127,0,-29.5298,1.28137,1.05484,0.0554208,0.0348296,0.340552,0.417802,0.0160715,0.141478,7.3139,7.08394,20.0148,31.9791,0.279103,0.258309,0.327977,0.286222,9.70234,16.2719,15.1906,14.0645,25.5644,13.7767,40.4274,16.6177,47.6661,24.6068,32.9868,34.2403,16.3496,35.7484,9.15401,30.9046,7.02813,24.931,7.36033,19.8557,9.83631,16.1651,15.4672,14.0171,26.0425,13.8133,40.9456,16.8055,47.5079,24.984,32.2586,34.4666,15.9461,35.6447,9.01542,30.6897,7.00429,24.7283,7.40938,19.6983,4.7589,50.4717,2.13068,52.9731,1.12776,43.329,0.865859,32.6866,0.927874,24.3609,1.2687,18.6677,2.02623,15.4218,3.46616,14.8321,5.66501,18.5223,7.09984,30.9864,4.93919,49.7481,2.22395,53.2874,1.15633,43.931,0.870187,33.2099,0.917943,24.7405,1.24163,18.9107,1.97073,15.5343,3.36698,14.7798,5.53947,18.1522,7.10274,30.0223
34.5765,0.889958,0.0309682,7,127,0,-30.5243,1.80076,0.883579,0.0607219,0.0291329,0.247042,0.524509,0.0125294,0.148519,6.45513,7.78905,28.0762,22.3692,0.266381,0.374604,0.318188,0.433802,8.09647,23.9697,12.5281,21.2254,21.6833,20.418,36.071,22.826,44.885,30.1208,32.7903,39.0022,16.6835,41.2084,9.09046,37.5393,6.60626,32.2421,6.58759,27.2989,8.61087,23.397,13.6871,20.9285,23.8354,20.5499,38.534,23.6966,44.2962,31.7615,29.6248,39.9671,14.835,40.861,8.4182,36.6733,6.46217,31.3503,6.77579,26.5521,7.43164,43.5556,3.78016,59.4209,1.74667,51.6176,1.15557,37.5129,1.11643,26.1618,1.41926,18.612,2.14235,14.2591,3.52346,12.7259,5.77143,14.8673,8.04696,24.9384,6.89978,47.6639,3.28147,59.4112,1.58408,49.2847,1.12187,35.3553,1.14347,24.6519,1.50575,17.6827,2.31876,13.8067,3.83747,12.7722,6.20773,15.7994,8.20171,27.9464
34.6152,0.981478,0.0309682,7,127,0,-29.146,1.50928,0.972242,0.0644276,0.0323891,0.288052,0.4565,0.0151684,0.124492,6.54643,8.30114,20.5143,28.8431,0.265214,0.376676,0.365625,0.425295,8.83511,17.2334,14.1262,15.3032,24.1897,15.2365,37.9678,18.2999,42.3271,25.8625,27.6041,33.4304,13.7299,33.9038,7.90248,29.7232,6.19651,24.7162,6.5932,20.3716,8.96772,17.1359,14.4036,15.2626,24.666,15.2832,38.4262,18.4986,42.0646,26.2021,26.9475,33.5865,13.3923,33.8005,7.78627,29.5376,6.17874,24.539,6.64256,20.2304,6.36667,47.5369,3.10071,53.4939,1.63662,44.7734,1.21872,33.6613,1.26004,24.7911,1.65786,18.7573,2.54079,15.3357,4.16958,14.6181,6.59864,18.0021,8.31069,29.5863,6.20646,48.2248,2.99895,53.3132,1.60309,44.2737,1.21279,33.2119,1.26976,24.4667,1.68494,18.5531,2.59474,15.2436,4.26206,14.6621,6.71132,18.2994,8.31131,30.3495
33.1098,0.938207,0.0309682,7,255,0,-26.881,1.43013,0.544045,0.0488559,0.0182641,0.291036,0.850616,0.0141923,0.101019,7.03875,13.4324,25.5014,20.9988,0.281142,0.346636,0.378104,0.310998,9.42031,21.3648,14.8394,18.8831,25.0896,18.6144,39.6477,21.9916,46.5175,30.9605,32.6349,41.3572,16.537,43.3858,9.18965,38.5956,6.81261,32.1984,6.82603,26.4546,8.77911,22.0341,13.4921,19.2102,22.7015,18.4456,36.8681,20.9608,46.786,28.8426,36.2685,39.8268,18.8902,43.7182,10.0766,39.7482,7.03977,33.4026,6.68023,27.4567,13.8603,36.8233,10.2173,54.3882,6.39986,52.8745,4.73945,39.0153,4.5237,26.3693,5.21882,18.2994,6.7189,14.1869,9.04749,13.3462,11.9659,16.4457,14.1082,26.6828,12.6359,45.7611,8.29456,56.3897,5.43399,47.242,4.51187,32.9413,4.7294,22.2711,5.77686,16.0649,7.64113,13.4193,10.2971,14.1031,13.1545,19.7776,14.0406,34.4015
31.0451,0.985617,0.0309682,7,127,0,-23.138,1.22238,0.537336,0.0325417,0.0183393,0.356563,0.805207,0.0190146,0.129609,6.52843,10.2846,33.6322,24.5248,0.279726,0.294232,0.23349,0.432747,8.31625,27.0283,12.6073,22.9725,20.8113,21.9354,33.1757,25.55,41.6564,37.1606,31.9168,53.9087,16.4452,59.2012,8.94944,52.1521,6.55756,42.0943,6.56721,33.2877,8.44512,26.7929,12.8768,22.8563,21.2856,21.9779,33.7484,25.8689,41.659,37.8857,31.1593,54.4934,15.9408,59.0735,8.76564,51.7186,6.51683,41.6628,6.60949,32.9479,9.7072,41.4333,6.74182,54.3191,4.36655,49.0382,3.42539,35.8654,3.38343,24.7385,3.9481,17.677,5.07337,14.0903,6.77382,13.4912,8.8614,16.5892,10.3775,26.2088,9.41751,43.7333,6.36548,54.6171,4.18152,47.5288,3.38065,34.2775,3.42311,23.6435,4.05702,17.0584,5.25383,13.854,7.02127,13.6409,9.11422,17.348,10.4294,28.0412
30.8062,0.98306,0.0309682,7,127,0,-27.824,1.30391,0.711518,0.0652162,0.021308,0.338817,0.602677,0.0166479,0.203874,7.74041,5.75026,17.2382,28.9103,0.327282,0.336404,0.448218,0.226376,10.2896,14.2246,15.9599,12.5444,26.1888,12.6091,39.3313,15.5202,42.7958,22.4952,28.2976,29.3976,14.6712,29.6014,8.87973,25.4501,7.28622,20.668,7.98783,16.6781,10.944,13.8629,17.2519,12.4204,28.2386,12.8397,41.0226,16.3565,41.4137,23.8298,25.5983,29.9139,13.3145,29.1066,8.42551,24.6744,7.26201,19.9653,8.28984,16.148,5.11346,49.9291,3.01847,62.6356,1.72008,54.516,1.27908,40.1098,1.26606,28.3042,1.54338,20.5301,2.1367,16.2532,3.13421,15.1102,4.52916,17.9766,5.73279,28.4185,5.16707,49.262,3.07579,62.6006,1.74386,54.9286,1.2848,40.5256,1.26204,28.6007,1.53074,20.7103,2.11331,16.3366,3.09753,15.0954,4.48419,17.8057,5.71357,27.9384
36.107,0.975762,0.0309682,7,127,0,-24.0147,1.25928,0.603301,0.0491094,0.0183376,0.334259,0.666527,0.0190314,0.152129,6.5722,7.98408,21.7881,34.1512,0.331791,0.347107,0.348243,0.283265,8.77312,17.9914,13.5637,15.8484,22.1813,15.8352,33.6102,19.2738,37.9566,27.9226,26.3002,37.5152,13.6732,38.858,7.96894,33.8742,6.20559,27.6379,6.45438,22.2594,8.45064,18.306,12.9201,15.9817,21.1137,15.7106,32.5104,18.7038,38.2867,26.832,27.8611,36.8303,14.6163,39.1166,8.3165,34.498,6.27734,28.2506,6.35386,22.7456,6.4741,54.3368,3.96415,61.2939,2.55169,50.8602,2.0918,36.8596,2.16207,26.0188,2.6273,19.1378,3.5097,15.5836,4.8688,15.0421,6.59886,18.4379,7.92286,28.999,7.17197,48.5916,4.64,61.5417,2.84824,54.9271,2.16105,40.8536,2.09771,28.832,2.44704,20.8174,3.19762,16.333,4.41142,14.8681,6.06746,16.869,7.66295,24.8099
33.5354,0.734432,0.0309682,7,255,0,-27.6238,0.986706,0.69105,0.0427224,0.0203971,0.407691,0.624961,0.0219344,0.150004,6.79378,8.34985,16.4904,29.3585,0.41272,0.379623,0.331014,0.275258,9.74565,13.0972,15.5803,11.4258,25.6548,11.8452,38.6979,15.9654,42.7172,26.8566,27.1791,39.3295,12.847,39.8279,7.24913,32.6556,5.70648,24.9257,6.0543,18.8099,8.01434,14.5514,12.2589,12.0264,20.1155,11.3194,32.3043,13.2918,43.1448,20.5456,36.368,34.087,18.6016,41.1723,9.23735,36.5496,6.15872,28.5852,5.69177,21.5829,7.27093,53.1849,4.08878,66.5392,2.27527,56.1879,1.70425,40.1304,1.71821,27.6181,2.13287,19.6362,2.99623,15.3436,4.44718,14.2369,6.49849,17.2221,8.30578,28.4212,7.41615,51.8836,4.23284,66.5424,2.33073,57.0102,1.71628,40.9062,1.70732,28.1514,2.10126,19.9524,2.93816,15.4877,4.35547,14.2109,6.38371,16.9194,8.25391,27.5241
31.5521,0.892553,0.0309682,7,127,0,-26.2821,0.997709,0.408979,0.0373042,0.012777,0.424212,1.04674,0.0244174,0.148797,7.05932,11.1588,24.5782,27.5634,0.396852,0.389244,0.306359,0.328721,8.48641,19.373,11.9328,16.1861,18.1601,15.1944,27.2215,17.232,34.6752,24.3211,30.4956,36.3266,18.174,43.0433,10.3462,39.3847,7.41925,31.7865,7.04682,24.7188,8.43407,19.4686,11.8271,16.2353,17.9838,15.1885,27.0026,17.1395,34.6009,24.09,30.7399,36.0616,18.4257,43.0212,10.4579,39.5368,7.45145,31.9616,7.03519,24.8604,10.3405,49.766,7.27715,65.4066,4.94258,55.8406,4.09448,37.8369,4.1703,24.3532,4.85739,16.6235,6.07064,13.0754,7.77317,12.787,9.75621,16.5337,11.1745,28.0079,10.2785,50.4011,7.19673,65.4577,4.90394,55.3859,4.08685,37.4081,4.18112,24.0852,4.88242,16.4848,6.10903,13.0277,7.82296,12.8249,9.80625,16.7105,11.1885,28.4613
32.7165,0.982296,0.0309682,7,255,0,-22.4261,0.867096,0.757003,0.0202853,0.0236818,0.501381,0.575917,0.025384,0.186567,7.02556,6.37059,35.3785,28.6374,0.341127,0.324992,0.258689,0.246166,9.0229,26.1602,13.4035,20.9343,21.3096,19.5279,33.1895,23.4662,43.3306,38.2444,35.9871,66.4741,18.4526,79.6199,9.62976,67.5744,6.96131,50.1245,6.96515,36.0802,8.84302,26.5996,13.0503,21.1457,20.709,19.4902,32.4022,22.9997,43.0552,36.8885,37.0149,64.7816,19.3104,79.7271,9.93484,68.6197,7.02906,51.1187,6.9113,36.799,5.37432,50.4542,2.91469,61.0392,1.60493,51.2747,1.20433,37.1276,1.22478,26.0533,1.54484,18.875,2.21883,14.9781,3.3745,14.0696,5.01996,17.215,6.36743,28.5288,5.38889,50.3204,2.92717,61.051,1.60951,51.3627,1.20525,37.2086,1.22372,26.1096,1.54187,18.9088,2.21329,14.9932,3.36562,14.0649,5.00907,17.1766,6.36416,28.4206
33.3184,0.906792,0.0309682,7,255,0,-24.8044,0.71471,0.793592,0.0164583,0.0246171,0.580315,0.570592,0.0294364,0.155896,7.75023,8.02222,27.2362,26.7922,0.371715,0.364314,0.294776,0.239067,10.8078,19.9297,16.4425,16.5332,25.6503,17.0302,37.8391,24.2041,44.321,47.0552,30.7369,83.1906,14.4556,88.2991,8.0876,67.6325,6.50238,46.5989,7.03706,31.7034,9.27151,22.4581,13.707,17.5151,21.3244,16.269,32.6345,19.9913,43.4658,34.8156,38.601,69.0974,19.953,91.2661,9.87599,77.2539,6.83013,54.7347,6.61098,37.1623,6.89982,51.4275,3.44463,64.5169,1.73723,53.3156,1.25835,37.7059,1.28453,25.8597,1.66256,18.3029,2.48017,14.1894,3.94506,13.1032,6.15661,16.1465,8.09672,28.3015,6.63098,53.456,3.23351,64.2585,1.6688,52.0316,1.24625,36.592,1.3017,25.1085,1.7095,17.8583,2.57028,13.9902,4.0961,13.1621,6.35127,16.6766,8.1468,29.9192
34.7676,0.967708,0.0309682,7,127,0,-30.2681,0.741283,0.593669,0.0227095,0.0186557,0.604796,0.750746,0.0319145,0.18487,7.47283,7.52095,24.812,24.6637,0.293481,0.282786,0.316085,0.406118,9.74416,17.7443,14.3242,14.127,22.0681,13.6623,32.786,17.826,40.1122,32.0302,30.6992,56.8829,15.4778,63.7626,8.74976,50.2603,7.01498,35.0167,7.59656,24.0296,10.0429,17.2989,14.8663,13.9553,22.9175,13.7987,33.7464,18.5568,40.0835,33.99,29.1955,58.6663,14.555,63.0614,8.4594,48.8216,6.98988,33.8618,7.73417,23.2804,7.09459,47.1842,4.35398,64.7804,2.47497,56.0793,1.84911,38.9552,1.84751,25.6977,2.24953,17.6099,3.06356,13.4891,4.37201,12.5574,6.13762,15.5848,7.62739,26.7051,6.82506,50.3854,4.03722,64.9753,2.34713,54.0233,1.82325,37.0429,1.87621,24.4506,2.32556,16.9173,3.19552,13.2077,4.56798,12.674,6.36375,16.3761,7.69737,28.9737
35.8381,0.875641,0.0309682,7,191,0,-24.7702,0.987382,0.659017,0.0345396,0.021687,0.447375,0.646842,0.0232502,0.131625,6.82433,8.8918,22.9062,27.0727,0.28764,0.295232,0.290385,0.433775,9.17204,17.5639,14.2141,14.6414,23.3285,14.3514,36.2434,18.2777,43.2433,30.3468,30.0568,47.044,14.4537,49.5447,8.06643,40.5933,6.36761,30.5227,6.87142,22.6804,9.29364,17.424,14.452,14.584,23.7254,14.4006,36.6843,18.531,43.1381,30.9333,29.3984,47.44,14.1001,49.3485,7.95396,40.2305,6.35416,30.2101,6.92068,22.4577,7.96694,44.5369,5.06344,55.1171,3.10653,48.5973,2.39337,36.1839,2.3773,25.7877,2.84663,18.9487,3.81582,15.2932,5.36543,14.5594,7.38144,17.5982,8.9035,27.3448,7.9199,44.8768,5.0119,55.1341,3.08337,48.3758,2.38775,35.9554,2.38191,25.6241,2.86019,18.8509,3.83975,15.2516,5.40064,14.5766,7.42042,17.7084,8.9142,27.6203
33.3647,0.893743,0.0309682,7,255,0,-29.3736,0.718276,0.620637,0.0142196,0.0192075,0.608661,0.691778,0.0319719,0.151522,7.52316,9.13271,35.4056,28.9425,0.373706,0.428366,0.3205,0.305018,10.0828,25.391,15.0059,20.4774,23.1712,20.3163,34.2338,27.5684,41.1153,51.6147,30.234,92.2601,14.8198,100.94,8.38925,78.0553,6.78868,53.7102,7.39728,36.4893,9.79707,25.9997,14.4948,20.7074,22.3722,20.1197,33.3158,26.5304,41.0984,48.7307,31.6807,89.4398,15.7204,101.937,8.67201,80.2208,6.82069,55.4488,7.28283,37.6179,7.69998,54.6201,4.23757,67.0486,2.40362,54.2506,1.86703,37.1495,1.93472,24.6675,2.42635,17.0946,3.39081,13.2097,4.95877,12.3467,7.1274,15.3585,9.03412,26.5894,8.08771,51.3121,4.60375,67.2345,2.53887,56.4253,1.8929,39.0687,1.90268,25.9229,2.34211,17.8085,3.24147,13.523,4.72852,12.2826,6.8402,14.6777,8.88935,24.4839
27.0987,0.934112,0.0309682,6,127,0,-21.1272,0.872451,0.718112,0.0236101,0.0227485,0.546385,0.578512,0.0265158,0.109643,6.23428,9.52434,29.7901,35.2944,0.312871,0.381247,0.502018,0.420481,8.28192,20.8143,12.9444,15.8541,21.8291,14.3906,36.2013,17.788,49.3576,32.8171,37.7888,64.7293,16.122,74.5884,7.89988,58.0533,5.98222,40.1049,6.52843,27.2967,9.08329,19.3432,14.5546,15.1985,24.6825,14.6243,39.9917,19.8055,49.6371,39.2231,31.9142,70.6523,13.2131,71.8881,7.12626,53.5609,5.93653,36.6529,6.92529,25.0651,7.26117,50.7966,4.40655,53.4773,2.93707,44.2995,2.49962,33.2372,2.66972,24.6276,3.34757,19.1142,4.60363,16.478,6.50099,16.891,8.67927,21.8112,9.57636,34.038,7.50511,49.8973,4.58117,53.8336,3.0059,45.1737,2.50871,34.0276,2.63861,25.1812,3.27596,19.4353,4.48345,16.5807,6.33439,16.7284,8.527,21.2046,9.60766,32.8147
30.8725,0.89308,0.0309682,7,127,0,-17.2838,1.86571,1.41306,0.0511838,0.0475237,0.235522,0.345197,0.0118998,0.106381,7.26846,8.57548,34.7041,23.3488,0.405079,0.327418,0.327542,0.355599,8.98297,30.1389,13.5081,27.1293,22.4408,26.4135,35.4425,29.4068,42.2169,37.4449,31.3331,46.491,17.1002,48.722,9.90114,44.9185,7.41249,39.2193,7.41986,33.7802,9.55791,29.4591,14.7579,26.7979,24.6193,26.6275,37.6614,30.4956,41.472,39.2826,28.392,47.5167,15.2772,48.3408,9.1917,43.9311,7.25904,38.1744,7.63859,32.894,7.68645,42.0045,3.09718,52.052,1.21351,45.3918,0.731897,35.4297,0.688196,26.9879,0.91719,20.7583,1.5611,16.685,3.05677,14.9468,6.01381,16.907,9.06834,27.2986,6.40033,46.7119,2.35489,51.278,1.01499,42.7693,0.692222,33.0144,0.720438,25.143,1.03386,19.4853,1.84465,15.9811,3.67418,14.993,6.98897,18.5113,9.07701,32.1506
30.6158,0.948479,0.0309682,7,255,0,-23.4046,0.763935,0.395047,0.028757,0.0128283,0.576847,1.03059,0.0285815,0.230976,7.18192,6.86109,16.7029,30.1072,0.248866,0.387877,0.306169,0.319088,10.2767,11.9753,16.2324,9.74162,26.4317,9.9519,40.5526,14.4975,47.6381,30.036,30.0736,53.7022,12.882,53.8603,7.16072,39.5908,5.98632,26.6668,6.8342,17.9169,9.52099,12.6496,14.8428,9.98613,24.1627,9.68527,37.8666,13.1003,47.9875,25.9153,34.4836,50.3536,14.987,55.6933,7.73531,42.3709,6.0228,28.7584,6.54782,19.2516,6.12604,49.6316,4.4053,59.9297,3.17259,50.4521,2.7235,35.125,2.79085,23.5066,3.21618,16.6809,3.94648,13.5347,4.94436,13.4235,6.06597,17.0901,6.83093,27.4424,6.35738,46.313,4.69044,59.7331,3.31876,52.895,2.7562,37.5549,2.752,25.1016,3.12262,17.5396,3.80355,13.8469,4.7615,13.2215,5.883,16.1152,6.764,25.0613
35.0275,0.990715,0.0309682,7,127,0,-22.8806,1.30918,0.543658,0.0304691,0.0165255,0.330872,0.777987,0.0168262,0.131365,7.73356,10.1044,37.6774,26.933,0.372043,0.303685,0.272242,0.31954,10.0717,31.3355,15.284,27.7227,24.6037,27.6805,36.6467,33.3063,40.741,46.9228,28.4489,61.2843,15.3107,62.9942,9.25214,55.1778,7.40725,45.4153,7.85697,36.9899,10.413,30.8807,15.9569,27.5492,25.6752,27.9165,37.6074,34.2214,40.2038,48.4634,26.9918,62.055,14.4822,62.5295,8.95137,54.2807,7.36536,44.5582,7.99756,36.3223,9.57833,46.7156,6.52664,62.4807,4.0939,56.6246,3.13432,41.2838,3.05758,28.2739,3.55745,19.9393,4.59172,15.5474,6.20125,14.4175,8.28564,17.0961,10.0771,26.5436,9.63541,46.118,6.61186,62.3396,4.13715,56.9832,3.14618,41.687,3.05157,28.5586,3.53738,20.1054,4.55691,15.6208,6.15106,14.4048,8.22804,16.9572,10.0481,26.1624
32.7538,0.607405,0.0309682,7,127,0,-22.55,1.63649,0.606064,0.0468073,0.0195598,0.263983,0.711003,0.0142221,0.144882,8.11999,8.82129,32.3545,28.2096,0.330849,0.350189,0.232177,0.30946,10.162,28.2238,14.8594,25.7995,23.0655,25.8377,32.9394,29.6001,35.5688,37.5742,25.9247,45.1164,15.2917,46.1992,9.81119,42.1765,7.96046,36.6386,8.32698,31.5202,10.7735,27.6522,16.0497,25.5972,24.8485,26.1918,34.2803,30.7485,34.573,39.1777,23.7511,45.8369,13.9532,45.7401,9.2765,41.2259,7.8822,35.6666,8.59725,30.726,7.74442,47.7827,4.85393,58.4595,3.01928,49.8618,2.39622,35.8721,2.44222,24.8589,2.96364,17.962,3.97539,14.4914,5.53977,14.0853,7.50221,17.7664,8.84265,29.0667,7.60764,48.8024,4.71868,58.4052,2.96228,49.1382,2.38504,35.1902,2.45826,24.3975,3.00404,17.7005,4.04368,14.3925,5.63678,14.1586,7.6036,18.1285,8.85611,29.9538
33.5465,0.90278,0.0309682,7,127,0,-24.6805,1.51456,0.382122,0.07038,0.0109178,0.287951,1.1474,0.0134125,0.202045,6.15443,8.62365,18.3328,26.7738,0.31886,0.299951,0.390263,0.292263,8.67652,15.1412,14.6685,13.2079,26.8804,12.9736,45.5598,15.7616,53.3911,23.6562,32.8868,32.25,14.5014,32.7053,7.63793,28.203,5.73293,23.0551,6.04018,18.6691,8.34585,15.375,13.936,13.3203,25.4863,12.9015,43.9018,15.3339,53.9549,22.7718,35.1005,31.7761,15.5558,32.9557,7.97261,28.6624,5.79552,23.4872,5.94059,19.0139,8.43325,49.3632,6.30199,70.8225,4.30523,64.406,3.48427,44.1371,3.46668,27.9906,3.95922,18.6766,4.86248,14.3607,6.13125,13.7655,7.61279,17.505,8.72502,29.3947,8.2025,53.5994,5.92776,71.7882,4.10718,61.5136,3.43969,41.1904,3.51335,26.1451,4.0728,17.7334,5.03579,14.0376,6.35312,14.009,7.8329,18.6561,8.78621,32.3547
33.5522,0.982876,0.0309682,7,127,0,-29.3204,1.1953,0.720051,0.0344439,0.0206564,0.381689,0.632056,0.0179367,0.145075,7.66868,9.0219,31.6399,26.9492,0.293699,0.354335,0.232073,0.292012,9.60047,25.1313,14.4021,21.1661,23.5886,20.1605,37.2747,23.6635,46.1232,34.8795,34.6415,50.5927,17.8363,54.6912,9.99007,47.3571,7.6433,37.6719,7.99435,29.4943,10.6439,23.7079,16.5493,20.5314,27.2367,20.596,41.1749,25.9912,44.9753,39.623,29.0902,53.4635,14.6949,53.26,8.9263,44.5179,7.51763,35.0711,8.50615,27.5543,8.28323,53.2891,4.4496,71.395,2.27364,60.1694,1.6318,41.9777,1.64086,28.1317,2.07823,19.4807,3.01263,14.8739,4.63793,13.6386,7.03074,16.772,9.1833,29.4409,7.84823,57.1035,4.03925,71.2413,2.13276,57.803,1.60576,39.8912,1.67347,26.7526,2.167,18.6869,3.178,14.5284,4.90564,13.7441,7.36735,17.6833,9.28223,32.2416
31.9348,0.84863,0.0309682,7,127,0,-27.3163,0.932946,0.629193,0.0293302,0.0189583,0.492485,0.7213,0.0226167,0.204704,6.45903,6.96693,24.1693,23.1734,0.346297,0.313654,0.392078,0.308523,8.98213,17.5118,14.5115,13.857,25.0407,13.092,41.6831,16.8585,54.2001,31.487,37.2458,57.3134,15.3717,61.6302,7.71313,48.0181,5.93209,34.0341,6.51474,23.8572,9.12571,17.3234,14.8021,13.7734,25.5621,13.1312,42.3689,17.1511,54.1933,32.3667,36.1987,58.0462,14.8775,61.2828,7.57893,47.445,5.91902,33.5788,6.57316,23.5504,6.79086,48.8525,3.87952,71.7387,1.97815,61.5691,1.39827,41.695,1.38499,26.7713,1.71727,17.777,2.4179,13.1014,3.60407,11.6859,5.3383,14.0711,7.07574,24.6839,6.59946,51.7324,3.63635,72.0412,1.88924,59.8267,1.38035,40.1193,1.40112,25.7614,1.76291,17.2139,2.50098,12.8521,3.73588,11.7167,5.50941,14.562,7.16726,26.3407
25.2574,0.984104,0.0309682,7,255,0,-19.6204,0.852498,1.64971,0.0290044,0.0616248,0.497019,0.28749,0.0227411,0.141361,8.27527,5.67819,19.2954,24.7156,0.407454,0.313764,0.337445,0.403492,11.9316,14.6962,18.9492,12.6019,30.7592,13.3597,45.7007,19.4129,49.2411,36.3603,29.5081,55.4732,13.5396,53.6754,7.97478,41.1762,6.76258,29.47,7.68496,21.0545,10.6478,15.7067,16.5837,12.9323,26.983,12.7861,41.7468,16.9164,50.8204,30.4245,35.885,51.8289,16.6148,56.0373,8.89252,44.8069,6.84537,32.3954,7.2448,23.0485,4.13798,38.9463,1.60057,42.9638,0.685413,37.3786,0.444943,30.2489,0.436999,24.1038,0.599793,19.4109,1.04838,16.2828,2.09996,15.1098,4.11751,17.3982,5.73416,26.9453,3.62039,40.6688,1.35996,42.406,0.618711,36.1859,0.431849,29.1378,0.451113,23.2216,0.648765,18.7795,1.16916,15.9329,2.36514,15.1794,4.51028,18.3539,5.65424,29.3684
24.2003,0.988281,0.0309682,7,127,0,-12.8901,0.938503,1.18168,0.0401907,0.0440486,0.498637,0.408622,0.0225715,0.133768,7.50884,6.99679,20.2023,21.9171,0.449682,0.371346,0.281848,0.402647,9.57515,14.8145,14.4627,11.7253,23.6763,10.8461,37.934,13.1053,49.4954,21.8546,38.3934,37.6226,18.3962,42.6585,9.69256,34.9271,7.38479,25.5399,7.88247,18.3524,10.6697,13.6769,16.6546,11.2233,27.4302,11.0963,42.4386,14.7872,49.1249,26.2383,31.7199,41.0209,14.7522,41.0933,8.59504,32.0321,7.29996,23.1464,8.44714,16.724,6.30434,37.363,3.06315,46.2129,1.42693,40.6631,0.950683,31.4484,0.928966,23.6149,1.21984,18.0514,1.94748,14.7342,3.41609,13.8744,5.76474,16.9202,7.28264,27.7733,4.87575,43.2311,2.1453,44.9574,1.14128,36.7278,0.902136,27.8433,1.01233,20.9616,1.46243,16.3631,2.46236,14.0267,4.33596,14.5282,6.74267,20.3326,6.69614,34.9134
27.4711,0.999791,0.0309682,7,127,0,-18.4694,0.904984,0.812886,0.0133865,0.0211319,0.469438,0.595041,0.0238495,0.164771,7.09638,7.12325,47.9483,23.3282,0.242125,0.299019,0.475854,0.319692,10.0265,36.6107,15.8667,30.9532,26.0216,31.5934,39.68,43.1854,45.1932,77.171,29.0542,120.633,13.4114,122.346,7.562,96.9358,6.11077,70.9803,6.70486,51.5429,9.11798,38.7665,14.1426,31.7861,23.1776,30.7313,36.4631,38.9181,45.7991,66.6479,33.9786,112.828,16.0513,125.856,8.38737,103.58,6.2314,76.6174,6.41139,55.5142,7.93752,46.8481,4.72456,75.8022,2.13098,71.1915,1.31212,51.3652,1.20446,34.6438,1.47964,23.7186,2.17258,17.554,3.48565,15.2732,5.60956,17.6292,7.8599,29.8899,7.02603,60.1075,3.44188,77.9679,1.68135,63.819,1.21679,44.242,1.26802,29.7905,1.68859,20.8495,2.59039,16.2282,4.20773,15.4923,6.57245,20.6315,8.12001,39.5895
34.2405,0.994726,0.0309682,7,127,0,-20.784,1.43422,0.686991,0.0411387,0.0188122,0.303687,0.626583,0.0160215,0.146597,7.03152,8.06751,31.6818,29.2916,0.332898,0.317967,0.305086,0.34817,8.9706,26.5062,13.6068,23.3376,22.3355,22.8297,34.5804,26.5472,40.5438,36.4814,29.4334,48.0387,15.6844,50.4629,9.09077,45.0447,6.95921,37.6593,7.14123,31.041,9.31733,26.0622,14.3243,23.1378,23.5478,22.9867,35.8165,27.3002,40.1336,37.8505,27.7179,48.8408,14.6496,50.1342,8.70555,44.2714,6.88549,36.8872,7.27291,30.4195,7.61647,51.4891,4.73047,68.5845,2.67559,61.8324,1.92957,45.7895,1.85624,32.1061,2.21248,23.0056,3.00966,17.9205,4.35916,16.3146,6.273,18.9047,8.06316,29.2273,7.62493,51.3893,4.74177,68.5661,2.68064,61.8896,1.93091,45.8518,1.85563,32.1511,2.21026,23.0331,3.0055,17.9336,4.35261,16.3138,6.26478,18.8828,8.05877,29.1632
36.8546,0.903166,0.0309682,6,79,0,-28.1053,1.00808,0.67827,0.0434164,0.0203041,0.40944,0.632778,0.0217217,0.13376,7.26418,8.66102,18.2835,27.5908,0.29126,0.317555,0.309949,0.306503,9.81959,14.5597,15.0239,12.5884,24.0013,12.6762,35.7888,16.1044,40.8896,25.2659,28.7757,36.6492,14.7842,38.5321,8.53424,32.5842,6.65889,25.3894,6.93197,19.4795,8.98118,15.3212,13.4203,12.9075,21.3919,12.4174,32.9092,14.8126,41.1513,22.4084,32.8644,34.3567,17.4978,39.1083,9.53119,34.3584,6.87887,27.0985,6.70466,20.785,8.12515,46.7374,5.20137,60.9884,3.06194,55.2958,2.25497,41.4522,2.17731,29.4353,2.57821,21.3796,3.46326,16.9083,4.93136,15.6349,6.94319,18.2973,8.68866,28.0008,8.06253,47.3291,5.1204,61.0866,3.02443,54.9479,2.24493,41.0693,2.18239,29.1559,2.59599,21.2088,3.49593,16.8294,4.98135,15.6481,7.0027,18.4514,8.71433,28.4198
34.3755,0.93782,0.0309682,7,127,0,-26.3137,1.0575,0.417342,0.0255259,0.0120406,0.432364,1.03926,0.0208967,0.161758,7.15401,9.95891,36.3739,26.3755,0.349334,0.458233,0.293891,0.29609,9.14033,27.8789,13.8707,22.8745,22.8426,21.5954,36.4481,25.8966,46.1134,40.7765,34.6902,63.9479,17.0815,70.2672,9.25419,59.177,7.04632,45.263,7.42761,34.0477,9.96275,26.3879,15.5428,22.2074,25.714,21.978,39.7547,28.2198,45.5599,46.185,29.93,67.718,14.4266,68.5611,8.40084,55.8102,6.94766,42.3068,7.81571,31.9223,9.78999,47.7179,7.26223,68.3545,4.86179,63.3097,3.84651,44.5522,3.77569,28.9119,4.3062,19.5236,5.33255,14.9612,6.82079,14.0601,8.61649,17.3048,10.056,28.0844,9.60709,50.5362,6.94616,69.172,4.68901,61.5054,3.80217,42.5679,3.80737,27.6085,4.39405,18.8267,5.47225,14.6956,7.00595,14.1808,8.80969,18.0125,10.1305,29.9491
32.9833,0.915123,0.0309682,7,127,0,-23.2803,0.942153,0.445452,0.04234,0.0137187,0.499051,0.959391,0.0242403,0.123344,7.30507,12.9026,20.6364,31.7783,0.318435,0.425498,0.327109,0.287156,8.85398,15.1734,12.8951,11.9184,20.6266,10.7662,32.8234,12.3964,44.0725,19.43,37.4607,33.2624,19.3366,39.8841,10.1291,33.9495,7.43079,25.2947,7.62953,18.3505,10.0035,13.7304,15.237,11.2395,24.6498,10.9599,37.8017,14.1415,44.4824,24.0661,30.4534,37.5039,14.8037,38.6061,8.65482,30.7027,7.24715,22.4663,8.23694,16.3858,11.1032,55.64,7.2838,66.0828,4.95194,52.7399,4.24557,35.1908,4.48023,22.9181,5.38281,16.0288,6.91147,13.0231,9.04464,13.2735,11.4706,18.0379,12.9024,31.7578,11.1068,55.6167,7.28723,66.0869,4.95335,52.7586,4.24574,35.2065,4.47963,22.9277,5.38157,16.0336,6.90959,13.0245,9.04221,13.2714,11.4683,18.0295,12.9023,31.7373
36.2178,0.998293,0.0309682,6,127,0,-25.4909,0.961376,0.507634,0.027077,0.0149205,0.443083,0.856437,0.0225075,0.127125,7.21956,11.6153,25.5698,27.8526,0.25589,0.37162,0.317372,0.24962,10.2702,19.8992,16.3792,17.1218,26.9697,17.7414,40.6439,24.3975,44.2881,42.3753,27.2679,62.2305,12.7722,61.3808,7.44217,48.9077,6.16458,36.4261,6.88266,26.9992,9.49371,20.7575,14.9031,17.4234,24.5689,17.284,38.1689,22.4104,45.3712,38.016,31.1251,59.738,14.6668,62.9858,8.03037,51.4913,6.22873,38.6042,6.61221,28.5458,10.8237,51.3752,7.11337,68.859,4.4178,59.5326,3.46617,41.1579,3.48976,26.9883,4.15492,18.5155,5.4261,14.3606,7.34635,13.6404,9.76662,17.1452,11.6742,28.9167,10.649,52.9692,6.89417,68.9992,4.31998,58.4653,3.44565,40.1393,3.51288,26.3295,4.21376,18.158,5.52293,14.2228,7.48158,13.7111,9.9137,17.5564,11.7219,30.0337
26.6035,0.934465,0.0309682,7,127,0,-21.7833,1.00836,0.98864,0.0373771,0.0310532,0.468945,0.475525,0.0231235,0.0740929,6.59058,14.9635,24.8882,23.6121,0.502275,0.534707,0.283146,0.372,8.11537,18.384,12.1349,14.4511,20.0783,13.0002,33.1205,14.9113,45.5524,23.5631,37.9401,40.7683,18.4728,48.4259,9.28547,40.9674,6.6998,30.6061,6.88865,22.3171,9.17499,16.7385,14.3596,13.6518,24.0609,13.1827,38.2891,16.8821,46.0304,28.9912,30.6573,45.6524,14.0979,46.8476,7.92869,37.2815,6.52728,27.4158,7.42873,20.0791,14.1002,45.9785,6.66354,61.5098,2.90937,53.0908,1.87439,39.043,1.8044,27.7012,2.33307,19.9933,3.6456,15.4131,6.28365,13.6965,10.8183,15.8545,15.5473,26.6063,12.8472,50.5796,5.63657,61.2758,2.59881,50.5283,1.81161,36.7069,1.85584,26.0394,2.50203,18.9432,4.0062,14.8831,6.96144,13.7332,11.8061,16.9353,15.8577,30.1638
32.8983,0.98712,0.0309682,7,127,0,-22.8669,1.40127,0.671563,0.0451756,0.021371,0.288265,0.647828,0.0161052,0.0944355,7.3019,13.0669,27.2542,27.7321,0.230294,0.371086,0.35167,0.27129,9.51196,23.3264,14.2652,21.0864,22.5456,21.1532,32.961,24.8118,36.7004,33.1681,26.8427,42.0354,15.1708,43.9054,9.18186,39.7601,7.0627,33.8451,7.06177,28.3589,8.81562,24.0946,12.8878,21.4281,20.3166,20.8792,30.6949,23.5619,37.0873,30.9058,29.8604,40.4368,17.3748,44.1755,10.1208,40.9966,7.32511,35.2157,6.9108,29.5299,11.4712,48.2155,6.80798,59.7415,3.98341,51.0126,3.05419,36.8303,3.09049,25.6077,3.8031,18.4547,5.25131,14.7104,7.60469,14.0158,10.7438,17.3798,13.1139,28.5832,11.2551,49.2805,6.59972,59.6961,3.90019,50.2954,3.03725,36.1551,3.11108,25.1449,3.85821,18.1855,5.34888,14.5995,7.75119,14.0715,10.9087,17.7174,13.1485,29.4663
35.0284,0.993546,0.0309682,7,127,0,-28.3881,0.962866,0.46697,0.0309344,0.0139323,0.476106,0.919706,0.023658,0.191143,6.77722,7.81184,24.1599,28.1636,0.424548,0.359304,0.270847,0.336727,9.30882,18.0721,14.7636,14.8168,24.7749,14.5394,39.2209,19.174,46.6043,34.1292,30.2805,54.6059,13.6134,55.6224,7.58305,43.7686,6.2098,31.8328,7.02106,23.0396,9.91271,17.4025,15.9478,14.5649,26.7629,14.8364,41.348,20.6138,45.5964,37.4719,27.0072,56.2989,12.1745,54.1936,7.17919,41.8107,6.21197,30.2818,7.31077,21.9922,7.32637,49.4702,5.12265,65.4831,3.38382,57.7586,2.71808,40.6871,2.7222,27.058,3.17238,18.8256,4.01981,14.8285,5.25687,14.2617,6.74487,17.8812,7.84484,29.1973,7.22064,50.9471,4.98159,65.6713,3.31458,56.7581,2.70235,39.6783,2.73835,26.3935,3.21373,18.4651,4.086,14.6947,5.34556,14.3453,6.83607,18.309,7.87072,30.2796
34.1772,0.871243,0.0309682,7,127,0,-26.8335,1.01209,0.512647,0.0270726,0.0160802,0.43886,0.851507,0.0246595,0.18,6.83672,7.77574,32.9924,28.7805,0.288774,0.328415,0.293287,0.252238,8.56729,25.6216,12.5732,21.3194,19.8483,20.3453,30.2936,24.2527,37.3653,36.7717,29.2838,55.7185,15.6731,61.9409,8.88914,53.3341,6.78713,41.4607,6.99441,31.5651,9.04759,24.7022,13.52,20.9112,21.4054,20.5799,32.0271,25.6067,37.2176,39.8095,26.8372,58.0928,14.0681,61.2043,8.31476,51.3765,6.69213,39.6386,7.20009,30.2218,7.0355,48.226,4.7924,59.9323,3.19949,51.5877,2.62767,36.7508,2.68504,25.113,3.18623,18.0669,4.10406,14.7665,5.42892,14.7801,6.94923,19.2355,7.8122,31.6422,6.69421,51.519,4.43605,59.7124,3.04054,49.0799,2.601,34.4235,2.74149,23.5949,3.31382,17.2586,4.30406,14.5278,5.68844,15.1629,7.18216,20.6756,7.78389,34.7936
35.0118,1,0.0309682,7,127,0,-31.1719,0.916254,0.523348,0.0297083,0.0159153,0.428105,0.827717,0.0232324,0.136952,7.63392,10.4539,20.6058,26.7631,0.345107,0.343254,0.294817,0.362054,11.043,16.6081,17.3798,14.9557,27.5641,16.3088,39.0655,23.1704,39.579,39.0756,24.0458,54.0431,11.8897,52.5167,7.21545,42.3092,6.00753,32.0153,6.57015,24.0776,8.75505,18.6837,13.2213,15.6332,21.095,15.0635,32.5645,18.2223,41.573,28.611,34.1404,46.6883,17.9192,55.3123,9.3326,48.6994,6.44704,37.8636,6.05547,28.4379,9.79743,48.7761,6.46344,65.5534,3.99297,57.3907,3.10005,40.2183,3.09531,26.6633,3.67266,18.4098,4.80095,14.2797,6.52579,13.462,8.72492,16.6691,10.5019,27.5967,9.66817,50.0368,6.29552,65.7056,3.91638,56.5673,3.08284,39.4054,3.1115,26.1265,3.71608,18.1131,4.87352,14.161,6.62833,13.5118,8.83825,16.9877,10.543,28.465
35.8274,0.968375,0.0309682,5,63,0,-28.6411,0.945941,0.535315,0.0377454,0.0167368,0.485535,0.823922,0.0253195,0.137928,7.58534,10.0407,22.6199,25.7627,0.33832,0.32725,0.305269,0.33002,9.28864,17.1599,13.3825,13.9867,20.8131,13.164,31.5413,15.6496,39.2839,24.0957,31.5056,37.6793,17.0672,42.4911,9.76544,36.1729,7.57247,27.5284,7.93032,20.5249,10.3551,15.8455,15.4568,13.4288,24.1517,13.5353,35.1143,17.6551,38.6847,28.5574,26.2633,40.9265,13.7879,41.1308,8.64246,33.2225,7.4632,24.9275,8.4996,18.6964,9.57091,45.3902,6.52998,61.1746,4.11351,54.8465,3.19251,39.2885,3.16536,26.5155,3.7298,18.5985,4.84675,14.6445,6.54413,14.0014,8.65172,17.4872,10.1911,28.6268,9.12554,49.4632,5.96285,61.5943,3.84943,52.1343,3.13461,36.5795,3.22829,24.7086,3.89301,17.6038,5.11589,14.2794,6.9145,14.2724,9.02934,18.8091,10.2465,31.8936
38.5886,0.989895,0.0309682,7,255,0,-30.0693,1.54385,0.724617,0.0595321,0.0221382,0.263245,0.613831,0.0130536,0.191469,6.75671,6.39916,21.7031,26.5479,0.264389,0.300189,0.319377,0.276258,9.61739,18.5104,15.9049,16.7234,27.6717,16.9669,43.1627,20.7266,46.4755,29.3381,29.0402,37.3277,14.0954,37.5899,7.95205,33.1325,6.07263,27.8238,6.26773,23.1347,8.29595,19.5084,13.129,17.1751,22.7493,16.5766,37.8182,18.8425,48.1092,25.811,36.2665,35.2145,18.2329,38.3189,9.45516,34.9632,6.44864,29.6943,6.00309,24.7039,5.84093,48.7128,3.32628,63.5559,1.79524,54.914,1.30371,39.5614,1.29421,27.308,1.60456,19.4106,2.27301,15.1293,3.41867,14.0013,5.05831,16.9618,6.47275,28.1713,5.63207,51.0319,3.11534,63.572,1.71525,53.4695,1.28681,38.1969,1.31051,26.3697,1.65157,18.8561,2.36021,14.8841,3.55713,14.0739,5.22723,17.5761,6.52369,29.9284
35.5952,0.839632,0.0309682,7,127,0,-29.5668,1.46458,0.601843,0.0329093,0.0178583,0.29894,0.7391,0.013221,0.160434,7.34449,8.75177,38.7878,26.91,0.294055,0.310488,0.282968,0.265531,9.95309,32.1562,16.0812,28.183,28.0401,27.7666,45.3302,33.3863,52.3229,48.4838,34.1608,64.8535,16.3578,66.2949,9.08389,57.6758,6.98476,47.3978,7.38492,38.5645,10.0703,32.003,16.331,28.1147,28.4853,27.826,45.8016,33.6778,52.1136,49.0306,33.5072,65.1298,16.0264,66.134,8.973,57.3799,6.96662,47.1179,7.42714,38.343,8.03722,52.0134,4.74762,69.5893,2.67496,58.7716,2.01979,40.3885,2.04617,26.5483,2.5233,18.1849,3.47537,13.9524,5.00981,13.0506,7.09119,16.3706,8.83479,28.557,7.79271,54.5137,4.48592,69.5978,2.57445,57.1416,2.00089,38.9279,2.07096,25.6057,2.58695,17.6633,3.58605,13.741,5.1755,13.1408,7.28444,16.981,8.89448,30.3356
30.5398,0.890821,0.0309682,7,127,0,-26.0841,1.32384,0.430339,0.044863,0.0124561,0.355543,0.97058,0.0181195,0.223034,6.81379,7.13059,27.2466,33.1288,0.297903,0.288588,0.332691,0.464043,8.5691,21.8761,13.1068,18.5591,22.0577,17.7441,35.5398,20.8769,43.256,30.6086,30.6512,43.0001,15.241,45.0822,8.59478,38.7938,6.74828,31.0972,7.30555,24.6757,10.1162,20.1687,16.3495,17.8471,27.5797,18.474,40.8087,24.1859,39.987,36.5028,22.9114,45.4633,11.4753,42.8678,7.41398,35.3882,6.74019,28.0931,8.20618,22.4694,6.24947,57.9425,4.19669,70.3978,2.86127,57.429,2.42429,38.7324,2.51908,25.2712,2.98187,17.5709,3.77941,14.0616,4.89918,13.9457,6.20315,18.2176,7.1065,30.983,6.43834,55.2147,4.40537,70.4857,2.95518,59.4709,2.44105,40.5732,2.48963,26.4263,2.91544,18.1777,3.67676,14.2755,4.76416,13.7848,6.06459,17.4489,7.06275,29.0001
26.7647,0.984337,0.0309682,6,63,0,-20.5039,1.20658,0.387741,0.0519307,0.0107017,0.356083,1.14117,0.020454,0.195226,6.35017,8.69435,19.3857,26.6841,0.291453,0.23079,0.265113,0.422321,8.57697,15.7624,13.4212,13.7485,22.1933,13.7578,33.9275,17.1021,38.1637,25.7362,25.5819,35.273,12.8573,36.1168,7.46053,30.8422,5.91321,24.6645,6.31187,19.5215,8.47565,15.8509,13.2194,13.784,21.8587,13.7178,33.5916,16.9268,38.3065,25.4007,26.0755,35.0864,13.1261,36.2175,7.55303,31.0352,5.92759,24.8437,6.27516,19.6587,8.68511,48.0497,6.69655,70.4784,4.61451,66.8186,3.68424,47.1458,3.60788,30.3643,4.07511,20.3795,4.9718,15.6406,6.24476,14.8515,7.73485,18.5559,8.85932,30.386,8.37787,54.133,6.14742,72.2935,4.30494,62.832,3.60733,42.7695,3.67238,27.5403,4.24251,18.9133,5.2297,15.1329,6.57427,15.2261,8.05696,20.3187,8.93919,34.7917
28.9776,0.952812,0.0309682,7,127,0,-20.3655,1.07778,1.05538,0.0223601,0.034021,0.372684,0.450208,0.0179776,0.177099,8.45654,6.1543,38.1574,25.6274,0.334876,0.406855,0.397821,0.252919,11.4935,31.3348,17.5373,27.8697,27.6571,28.6395,39.9795,36.3028,43.4644,54.3093,29.9688,73.64,15.984,75.8019,9.6022,65.1121,7.61768,52.135,7.92662,41.1836,10.1899,33.2812,15.0782,28.6358,23.7686,27.7912,36.0154,32.6756,44.278,47.127,35.6598,68.4147,19.8155,77.1567,11.0912,69.3731,7.97424,56.4066,7.61206,44.5638,5.19384,47.5693,2.29871,58.0076,1.04581,48.651,0.71493,35.9844,0.722853,25.962,0.972357,19.156,1.56941,15.193,2.76588,14.0606,4.74532,17.2605,6.32311,30.2036,4.41392,52.587,1.83597,56.7766,0.912874,45.3957,0.693741,33.1742,0.761087,23.9746,1.08126,17.9132,1.79976,14.6256,3.19133,14.3316,5.291,19.2589,6.22476,35.6592
23.5594,0.889364,0.0309682,6,127,0,-12.7819,1.20547,0.902091,0.0488868,0.0324873,0.342196,0.441341,0.016424,0.148928,8.03348,5.72723,19.8352,27.8027,0.280267,0.408539,0.428316,0.240956,11.1225,16.4292,17.487,14.6764,28.5004,15.1047,41.9616,19.18,44.5293,28.4902,28.8819,37.4776,14.8313,37.6385,8.88664,32.2096,7.16555,26.0001,7.6616,20.8025,10.2016,17.0539,15.7015,14.9073,25.6288,14.7647,39.2296,17.8381,45.8123,26.0504,32.9854,36.1171,17.155,38.3176,9.7234,33.6018,7.32369,27.3285,7.38737,21.8428,4.69557,39.7835,2.84538,44.6883,1.74122,40.0022,1.32793,32.1348,1.29881,25.0398,1.55267,19.8449,2.12532,16.7094,3.11045,15.7825,4.48636,17.8156,5.63897,24.6159,5.19338,36.4096,3.35219,44.4323,1.98083,42.0252,1.40148,34.5102,1.27666,26.982,1.44684,21.1834,1.91526,17.4284,2.76837,15.8018,4.05187,16.8096,5.39643,21.959
30.0957,0.971163,0.0309682,6,127,0,-16.6796,1.28834,1.13522,0.0394771,0.0343557,0.331003,0.464374,0.0173198,0.160829,7.50293,7.97091,28.494,22.4456,0.318722,0.432052,0.354858,0.310792,9.77479,23.6917,14.7973,20.948,23.7549,20.8786,35.429,25.0401,39.8315,35.2694,28.2741,46.4596,15.276,48.2009,9.14119,42.4094,7.2049,34.9471,7.51585,28.4342,9.81102,23.6517,14.8689,20.9317,23.8704,20.8964,35.5397,25.1145,39.7871,35.4019,28.1128,46.5361,15.1783,48.167,9.10451,42.3328,7.19813,34.8718,7.52898,28.3746,7.16274,53.4601,2.35269,69.6887,0.833876,54.8933,0.529765,38.2378,0.552921,26.1422,0.810936,18.2678,1.46987,13.6901,2.9641,12.1023,5.88875,15.1826,8.6802,32.1295,4.92301,65.6779,1.45434,65.1853,0.647617,47.7239,0.512402,32.7873,0.62439,22.5145,1.01119,16.0625,1.93694,12.667,3.95413,12.5418,7.35083,19.3496,8.00639,46.1761
30.3771,1,0.0309682,5,63,0,-28.7187,1.29935,1.09352,0.0396917,0.0342994,0.326461,0.45076,0.0171736,0.162008,7.5423,8.00663,28.6013,22.1184,0.318719,0.435761,0.352589,0.312635,9.82135,23.8776,14.8346,21.1874,23.7251,21.1591,35.1951,25.3304,39.3779,35.4163,28.0162,46.3156,15.2604,48.023,9.18078,42.3883,7.23966,35.0715,7.53208,28.6482,9.79274,23.909,14.7782,21.2001,23.6346,21.145,35.1089,25.2721,39.4121,35.3134,28.1416,46.2558,15.3376,48.0485,9.21013,42.4477,7.2453,35.1305,7.52198,28.6952,6.97032,53.1311,2.25633,68.8248,0.787663,54.4785,0.484377,38.2266,0.484429,26.2752,0.679534,18.3418,1.18377,13.5124,2.32603,11.3037,4.68013,12.4485,8.03149,22.294,6.92273,53.4667,2.22982,68.7689,0.781998,54.3144,0.483397,38.094,0.485299,26.184,0.682481,18.2836,1.19074,13.4798,2.34138,11.2959,4.70927,12.4844,8.05595,22.4718
26.3987,0.98589,0.0309682,7,127,0,-22.0326,0.749318,1.09217,0.0363117,0.0325429,0.597692,0.416706,0.0303478,0.115689,7.96186,9.03397,16.1233,40.678,0.37103,0.255372,0.391448,0.372791,10.2506,11.6322,14.916,9.30849,22.7837,8.99211,33.575,11.5867,40.8628,20.2445,31.6906,35.057,16.4517,39.4252,9.43399,31.5165,7.55798,22.2532,8.13153,15.4549,10.6689,11.2482,15.6741,9.16071,23.9609,9.11294,34.8758,12.215,40.7905,21.8622,29.6701,36.4854,15.1784,38.8716,9.02112,30.3397,7.52082,21.2915,8.32829,14.8242,4.8831,61.3433,1.96272,58.4094,1.07483,45.3962,0.895738,33.4069,1.04849,24.5728,1.55611,18.7531,2.66914,15.6635,4.82347,15.735,8.00538,21.7038,9.05808,40.3784,4.9351,61.2347,1.98147,58.5389,1.07972,45.5521,0.895698,33.5298,1.04491,24.6582,1.54733,18.8053,2.65095,15.6834,4.79069,15.7092,7.969,21.5748,9.08123,40.0795
30.3863,0.83213,0.0309682,7,159,0,-16.6405,2.63895,0.849386,0.104388,0.0257095,0.160679,0.53698,0.00900297,0.161033,6.09166,7.51586,23.8899,26.0098,0.30979,0.435217,0.351243,0.320627,7.96322,21.638,12.6861,20.1645,22.1485,20.0034,35.3302,22.0645,39.4745,26.6736,26.8007,30.8387,14.115,31.4093,8.14156,29.4443,6.07727,26.6787,6.06638,23.9645,7.87528,21.695,12.4888,20.1926,21.7914,19.9816,34.9774,21.9635,39.6345,26.5206,27.2592,30.7637,14.384,31.4393,8.24736,29.5197,6.10422,26.7619,6.04259,24.0395,6.70406,50.867,3.27323,65.9726,1.55595,55.4629,1.07448,39.6927,1.07005,27.4508,1.38043,19.4598,2.08807,14.9408,3.41174,13.4624,5.52554,16.0016,7.60927,27.3851,6.46257,52.9217,3.07043,65.8411,1.49129,54.2523,1.06178,38.6115,1.08253,26.7058,1.418,19.0063,2.16334,14.7223,3.54408,13.4858,5.70925,16.4527,7.68248,28.8625
27.2599,0.847555,0.0309682,7,127,0,-17.8652,1.95017,0.880512,0.0466086,0.0289495,0.203563,0.548696,0.00949051,0.11753,7.61665,9.17045,36.1423,18.7105,0.325618,0.218343,0.404193,0.371987,10.9732,32.1305,18.2959,29.9961,31.6162,30.8578,47.1192,36.7106,46.817,47.707,28.5282,55.8953,14.5265,55.5069,8.59231,50.3021,6.7033,44.0339,6.94611,38.2723,9.18535,33.6451,14.5484,30.6214,25.1895,30.0143,41.1473,33.4784,50.055,42.721,36.8795,53.4247,19.2762,56.5666,10.4186,52.799,7.18677,46.6927,6.62144,40.6087,10.4159,35.8217,6.32371,57.2245,2.8413,54.984,1.70215,40.8892,1.52043,28.3811,1.84093,19.8854,2.70404,14.9097,4.39014,12.94,7.1883,14.6028,10.2236,23.7516,9.23196,45.8459,4.5586,59.2402,2.2019,49.6348,1.55679,35.4208,1.59313,24.5056,2.11003,17.5106,3.2599,13.7636,5.37596,13.0614,8.52881,16.9687,10.6018,31.2384
26.7516,0.358015,0.0309682,7,127,0,-16.4855,1.37706,1.20115,0.0568248,0.0379972,0.308239,0.400558,0.0171238,0.242823,6.24521,4.1621,21.7447,25.4476,0.232686,0.347341,0.258474,0.319103,8.04976,18.0066,12.3393,15.6833,20.5622,15.1716,32.747,17.5418,40.223,24.5337,30.1444,33.6968,15.6737,36.3396,8.61757,32.5591,6.27278,27.0582,6.18583,22.0636,7.85047,18.2316,11.917,15.7975,19.8107,15.1307,31.8407,17.2348,40.2176,23.8692,31.3036,33.1713,16.4743,36.4264,8.9236,32.9326,6.35094,27.4518,6.13511,22.3887,3.59876,46.7208,1.52531,57.4661,0.649274,49.0638,0.420547,37.1783,0.413005,27.476,0.555206,20.6347,0.919928,16.4366,1.70016,14.9695,3.09347,17.7357,4.32938,30.0641,3.01169,51.9474,1.18348,56.3633,0.554112,45.8814,0.403514,34.3524,0.434958,25.4073,0.623819,19.283,1.07424,15.7635,2.00615,15.1614,3.52046,19.7156,4.27869,35.66
27.4746,0.996577,0.0309682,7,127,0,-20.1088,1.66592,0.924333,0.0518623,0.0310943,0.242496,0.517088,0.0119389,0.0874761,7.74838,10.4167,26.6374,19.1738,0.391486,0.34166,0.492241,0.369638,11.2861,23.3488,18.6829,21.8041,31.4294,22.9572,44.7366,28.5658,41.9301,38.4737,24.6045,45.0093,12.6864,43.7279,7.87865,38.6033,6.53025,32.9347,7.14851,27.9916,9.81704,24.2456,15.7514,22.0694,26.7761,22.1958,41.2821,26.1634,45.3607,35.1438,30.2548,43.8013,15.5519,44.7948,8.91594,40.4201,6.71844,34.7189,6.75329,29.4709,12.2198,31.7304,8.67709,48.7987,4.43194,50.712,2.66529,40.6536,2.25605,29.8691,2.56369,21.8885,3.55847,16.9612,5.50562,14.9104,8.62908,16.3671,11.8464,24.1509,11.0306,40.9719,6.24316,52.1406,3.302,46.2743,2.35097,34.9988,2.33148,25.4838,2.96312,19.061,4.39083,15.5691,6.93011,15.0947,10.4164,19.173,12.2199,31.7286
25.1932,0.992792,0.0309682,7,127,0,-13.356,1.533,0.893183,0.0325117,0.0327416,0.262076,0.527599,0.0138707,0.0963096,7.49294,12.5134,42.06,21.6617,0.345435,0.384376,0.385893,0.272103,9.75038,36.3835,14.7164,33.045,23.5544,32.9963,34.9432,38.108,39.3405,49.8901,28.9115,62.4267,16.2798,65.3293,9.72408,59.8111,7.34715,51.633,7.22945,43.863,8.94329,37.6707,13.0812,33.6534,20.8378,32.605,32.0685,36.1327,39.6472,46.2727,32.5795,59.7891,19.0412,65.6325,10.9215,61.7103,7.70433,53.8146,7.08664,45.7769,10.9894,42.3242,5.18391,53.8775,2.44296,44.7576,1.70727,31.9639,1.7366,22.1642,2.29798,15.8095,3.56903,12.2856,5.96618,11.3478,9.74008,14.1333,12.8773,25.4525,9.62487,47.1431,4.25095,52.9517,2.16521,41.6984,1.66424,29.3751,1.81735,20.4108,2.51647,14.7641,4.00497,11.8304,6.7257,11.5673,10.6981,15.7069,12.8389,30.0203
29.2394,0.914434,0.0309682,5,47,0,-20.8941,1.45123,0.951558,0.0334809,0.0253712,0.29993,0.504289,0.0148925,0.0992325,7.45097,10.6962,39.0478,23.6055,0.337505,0.377441,0.377071,0.284799,9.61969,32.7561,14.7268,28.9592,24.2932,28.5095,37.4767,33.4293,43.1464,46.0931,30.5452,60.1198,16.1324,62.4834,9.41357,55.5422,7.29032,46.4236,7.56779,38.3223,9.97411,32.2569,15.4569,28.7428,25.5182,28.7118,38.6804,34.3318,42.6398,47.678,28.8395,60.9784,15.1442,62.0666,9.05145,54.6498,7.2264,45.5442,7.70481,37.6174,11.9022,46.1839,6.60064,71.6963,2.78865,66.8619,1.6419,49.6737,1.46958,34.836,1.80643,24.6531,2.72598,18.533,4.59335,15.9344,7.86191,17.6345,11.6931,28.3603,10.7387,55.7504,5.04224,73.2349,2.26981,61.9189,1.52494,44.734,1.52073,31.2911,2.0104,22.4189,3.16581,17.3827,5.41876,15.8928,9.09077,19.5148,12.245,34.8927
31.7906,0.992023,0.0309682,7,127,0,-23.2091,1.32284,1.29383,0.045032,0.0381493,0.300298,0.397052,0.0149258,0.101134,7.16375,9.76068,23.6279,19.8937,0.233291,0.357563,0.315825,0.333129,10.1647,19.853,16.4515,17.8408,27.7166,18.2475,42.149,22.7926,45.6124,33.369,29.3342,43.8337,14.5221,44.4935,8.27,38.7543,6.33384,31.8978,6.49672,25.9423,8.44345,21.4255,12.9734,18.5417,21.7401,17.6789,35.5052,19.9759,46.6826,27.7105,38.3242,39.8032,20.2569,45.4131,10.4253,41.8229,6.90752,35.0757,6.20889,28.5784,11.6146,42.6659,4.77967,66.6953,1.48169,59.2132,0.753831,44.1658,0.653189,31.7914,0.846627,23,1.44477,17.2812,2.90917,14.328,6.16217,14.9443,11.154,24.1143,9.99079,52.3238,3.31353,66.8454,1.14706,54.8247,0.688084,40.1975,0.67973,28.8897,0.965944,21.0477,1.74825,16.1361,3.62015,14.0468,7.55136,16.279,12.04,30.2553
27.9882,0.996922,0.0309682,7,255,0,-24.2932,1.11678,0.402186,0.038583,0.0110954,0.400582,1.04114,0.0177564,0.246001,6.97886,7.17565,24.1904,37.2926,0.408621,0.305931,0.307285,0.327313,9.39534,18.6746,14.9722,15.4392,25.805,14.7149,42.6937,17.9959,54.1525,29.2855,38.0897,46.2541,17.2475,49.7001,8.93452,41.4265,6.68201,31.7148,7.0316,23.925,9.54649,18.502,15.2881,15.3581,26.3765,14.7518,43.4116,18.2593,54.0966,29.9486,37.0727,46.7496,16.707,49.5037,8.76695,41.0256,6.65534,31.3593,7.08762,23.6634,5.95913,69.2872,3.7471,80.0149,2.54409,59.7945,2.23094,37.4964,2.39938,23.2186,2.90595,15.6408,3.73076,12.4092,4.87225,12.5455,6.20926,17.2965,7.15059,32.2174,6.37325,62.9102,4.14081,81.1887,2.69742,64.801,2.24692,41.4128,2.33598,25.4791,2.77792,16.7629,3.53767,12.785,4.61788,12.2297,5.93999,15.7797,7.05103,27.9212
27.8921,0.909668,0.0309682,7,127,0,-19.3033,1.17593,0.456404,0.0300879,0.0120882,0.371147,0.928553,0.0169245,0.2062,7.18589,7.99188,30.194,36.402,0.327836,0.265228,0.232702,0.307252,10.3677,24.075,17.2282,20.8391,29.9877,21.236,47.2883,28.1798,51.2729,46.5691,29.9023,64.9266,13.4412,63.3806,7.64338,51.7717,6.25694,40.0261,7.03557,30.8206,9.99608,24.4703,16.4737,20.9863,28.6895,21.019,45.9801,27.2308,52.1064,44.6859,31.8383,64.1275,14.2833,64.094,7.8961,52.7981,6.27823,40.9046,6.89919,31.4666,6.72433,68.7848,4.08829,82.2997,2.62835,63.4446,2.22172,40.8208,2.36472,25.6932,2.89363,17.3483,3.80299,13.579,5.11898,13.3688,6.73222,17.8877,7.94543,32.717,7.08029,63.8851,4.43326,82.9225,2.76201,67.0767,2.23993,43.7772,2.31747,27.4605,2.79134,18.2578,3.64181,13.9094,4.89778,13.163,6.48854,16.7649,7.85003,29.4702
30.281,0.948025,0.0309682,7,127,0,-22.8673,1.44018,0.500043,0.0363046,0.0136319,0.300489,0.910381,0.015963,0.168315,7.4818,9.84632,37.4129,26.858,0.348628,0.413384,0.374384,0.302714,9.08662,31.5329,13.1656,27.7758,20.8353,26.833,31.761,30.1752,38.4431,39.7124,30.4891,51.9371,17.4954,56.14,10.2908,51.4705,7.68891,43.8048,7.57802,36.5417,9.45822,30.9108,13.94,27.4718,22.1361,26.982,33.1569,31.0459,38.2856,41.3663,28.6833,53.1165,16.1886,55.9072,9.75208,50.5336,7.55771,42.7931,7.70675,35.6992,9.33892,57.5347,5.67267,82.9122,3.22789,68.3695,2.48916,43.8043,2.56287,26.7452,3.15221,17.2905,4.2509,12.8731,5.93554,12.1026,8.14506,15.85,10.0071,29.9441,8.92003,62.93,5.18322,82.9431,3.04542,64.7296,2.46208,40.8196,2.61748,24.9919,3.27643,16.4013,4.45412,12.5499,6.2255,12.2994,8.47318,16.9952,10.1052,33.4895
24.4269,0.994573,0.0309682,7,127,0,-16.6508,0.783371,0.85488,0.0556006,0.0288396,0.540964,0.460048,0.0278059,0.121974,7.17985,7.21368,9.50811,34.6288,0.238501,0.34097,0.330151,0.272061,9.99788,6.99451,15.437,5.75665,24.6742,5.7959,37.3682,7.965,44.5585,14.9961,30.86,26.0569,14.2791,27.7253,7.83469,21.5734,6.21618,15.1695,6.71744,10.5301,8.94742,7.58885,13.5001,5.99686,21.5189,5.6277,33.5322,6.99015,44.1744,12.2222,36.6818,23.1762,17.9697,28.5091,9.0005,23.6126,6.41452,16.8875,6.39802,11.6992,5.12892,47.1615,2.95497,48.2147,1.91194,40.5467,1.59322,31.532,1.68539,24.2249,2.12954,19.2245,3.00701,16.516,4.43351,16.3174,6.26563,19.7587,7.3966,29.1948,6.1222,43.1479,3.67374,49.3192,2.20632,44.0274,1.65894,34.9471,1.60816,26.8205,1.91045,20.9088,2.60305,17.3028,3.80617,16.0534,5.53856,17.8428,7.16542,24.6496
23.2642,0.871263,0.0309682,7,127,0,-15.6202,1.08485,0.787183,0.0134202,0.0262864,0.421556,0.600583,0.02094,0.143721,7.4568,6.31835,68.8972,18.7436,0.461275,0.292249,0.378668,0.413055,9.75058,53.9029,14.9197,45.5013,24.3482,44.6526,37.3839,55.8069,43.3295,87.7811,29.7457,127.047,14.8914,130.916,8.7175,108.687,7.11906,83.7309,7.87162,64.0372,10.8519,50.8791,17.0757,44.4043,27.8189,46.2308,40.591,62.3491,41.2585,100.048,24.7267,132.425,12.4458,126.007,7.9597,101.414,7.12499,77.5776,8.45439,59.6939,7.60165,28.4813,6.42723,44.2892,3.89882,50.7994,2.44129,43.2642,1.98894,32.3449,2.10723,23.6797,2.68765,18.2262,3.79986,15.823,5.48453,16.812,7.23648,23.1616,7.29209,37.3092,4.95468,50.0676,2.92177,47.6058,2.1,37.0303,1.99798,27.0917,2.37366,20.234,3.23925,16.5052,4.68406,15.8844,6.54169,19.4983,7.61606,30.2484
19.5712,0.943111,0.0309682,7,127,0,-11.4303,1.12342,0.869582,0.0135629,0.0299532,0.345794,0.532929,0.0184579,0.214993,7.97552,5.56386,58.9357,18.4558,0.478788,0.297793,0.480075,0.368593,11.7997,49.8505,19.0096,46.5853,30.3849,51.7154,41.3568,71.6527,37.8414,108.669,21.7162,133.503,11.1499,126.279,7.10552,105.051,6.09668,83.7097,6.80457,66.5683,9.26304,54.4655,14.3407,47.6834,23.341,47.4533,35.7171,57.8127,42.3838,85.9573,31.2773,123.018,16.2107,133.603,8.90286,117.941,6.42924,95.6947,6.20543,75.8974,5.82947,39.3852,2.94346,60.3147,1.21389,53.4756,0.734283,38.2347,0.676783,25.994,0.844765,17.8963,1.27587,13.1157,2.13496,10.9988,3.65072,11.8649,5.62735,18.914,5.76041,40.4266,2.84391,60.512,1.18214,52.9395,0.727117,37.7124,0.679172,25.6282,0.855242,17.6683,1.29841,12.9933,2.17761,10.9708,3.71983,11.978,5.68863,19.393
28.9927,0.980817,0.0309682,7,127,0,-13.659,0.919933,0.865144,0.0166343,0.0302784,0.456919,0.480553,0.0226897,0.165407,8.38287,5.70281,39.6444,26.7275,0.459095,0.301732,0.378934,0.357932,11.7243,31.3895,18.1144,27.692,28.5058,29.5346,40.4916,41.0958,41.6945,68.5789,26.0265,95.069,13.229,92.306,8.27736,73.8258,7.12479,55.4122,8.03764,41.5302,10.9672,32.4838,16.7476,27.9865,26.4507,28.7029,38.7109,38.0923,42.9532,62.8886,29.051,92.3715,14.7521,94.5506,8.76958,77.2448,7.1561,58.2905,7.74982,43.5595,4.88165,40.9062,2.91064,48.0883,1.70469,42.9695,1.26638,33.7241,1.23303,25.5371,1.48581,19.6981,2.06017,16.2509,3.0579,15.2475,4.46998,17.5063,5.65129,25.3264,5.08581,39.2875,3.11924,47.9871,1.7973,43.9439,1.29225,34.8058,1.22162,26.3827,1.44111,20.2572,1.97289,16.5338,2.91633,15.2234,4.29376,17.0116,5.57344,24.029
29.6268,0.994902,0.0309682,7,127,0,-23.1545,1.00365,1.05399,0.0176732,0.0312492,0.426648,0.438497,0.0213992,0.191684,7.61909,6.63131,43.4916,31.2657,0.429844,0.279436,0.381268,0.384632,10.5212,34.3218,16.416,29.6891,26.578,30.4459,39.512,40.3461,43.1792,65.9843,27.9088,94.0889,13.8069,94.3035,8.20572,77.0466,6.772,58.7491,7.47007,44.5111,10.1673,34.943,15.7458,29.9041,25.5115,30.1003,38.4788,38.9334,43.7005,63.1459,29.5294,92.5572,14.6419,95.3174,8.47748,78.7357,6.80015,60.2118,7.3357,45.5667,4.38838,62.7013,1.48126,68.0596,0.634003,52.7622,0.447707,37.5609,0.477873,26.4067,0.680587,18.9711,1.16536,14.5156,2.19926,12.7738,4.15308,14.8978,6.45938,26.9823,5.09409,57.6071,1.80521,69.6056,0.711654,55.7885,0.460591,40.0143,0.460769,28.1167,0.628279,20.0711,1.04772,15.12,1.95514,12.8679,3.72658,14.0733,6.15577,23.4802
30.4138,0.999581,0.0309682,7,127,0,-23.4725,0.926767,1.01148,0.0161491,0.0338862,0.453006,0.435519,0.0238249,0.198543,7.75121,4.65276,41.9117,24.6686,0.435772,0.293056,0.376244,0.344266,10.7572,33.0664,16.5818,28.917,26.1945,30.3641,37.7215,41.4532,39.9988,68.877,25.6709,97.545,12.9944,96.5741,7.95364,77.9336,6.69749,58.7036,7.43366,44.009,10.043,34.3073,15.2771,29.3019,24.1929,29.5738,35.8572,38.4178,40.9885,62.8208,28.7059,94.199,14.6047,98.7601,8.48651,81.6162,6.7537,61.8701,7.17423,46.2683,4.30939,40.4756,2.40316,51.0901,1.22453,46.5569,0.8209,36.597,0.765339,27.6025,0.929479,21.053,1.3507,16.9921,2.15978,15.456,3.45009,17.3272,4.70319,25.4932,4.20186,41.5956,2.2903,51.1935,1.17999,45.95,0.809088,35.9354,0.76968,27.0865,0.948499,20.7064,1.39078,16.8081,2.23115,15.4563,3.54786,17.6291,4.74507,26.3615
31.2177,0.976066,0.0309682,7,127,0,-21.0064,0.894001,0.743174,0.0346605,0.0244267,0.509955,0.634996,0.0237308,0.213085,7.09123,5.06089,20.9109,19.7375,0.353726,0.249441,0.390395,0.344733,9.34762,15.1953,14.3598,12.008,23.6547,11.2069,37.9668,13.8719,49.5695,24.1281,37.899,43.1809,17.5477,49.0983,9.03558,39.6435,6.81557,28.5286,7.23199,20.1582,9.73354,14.7377,15.1246,11.8024,24.976,11.288,39.6505,14.5003,49.7132,25.9316,35.3998,44.889,16.1011,48.5143,8.60018,38.3787,6.75961,27.4755,7.39582,19.4403,5.65583,33.8352,4.095,52.3147,2.26076,53.6247,1.47016,41.6354,1.30563,29.4322,1.49634,20.9063,2.01801,16.0075,2.94981,14.2858,4.30912,16.3078,5.56918,25.0814,5.14108,43.4649,3.09687,55.627,1.77397,48.5312,1.33823,35.4422,1.35749,24.8786,1.70003,18.1563,2.4055,14.7932,3.55481,14.6743,4.99873,19.3408,5.67491,32.9471
29.4419,0.954015,0.0309682,7,127,0,-24.8707,0.925602,0.784095,0.0341467,0.0258836,0.451826,0.580756,0.0258245,0.199299,6.84409,5.02193,19.6156,18.7008,0.348172,0.245484,0.383623,0.340495,9.56572,15.3624,14.8872,13.3165,23.8324,13.858,35.0016,18.8821,38.0149,31.9689,24.4564,46.6032,12.029,46.6262,7.14206,37.5708,5.89542,28.1568,6.47758,20.955,8.72973,16.165,13.3358,13.5953,21.3804,13.4345,32.5137,17.0986,38.9164,28.1183,28.351,44.1428,14.1553,47.9057,7.84462,39.9356,5.99437,30.2111,6.20057,22.4298,5.85765,31.8494,4.34861,51.1157,2.31149,54.6431,1.40149,43.5482,1.172,31.2547,1.29477,22.2494,1.72454,16.7245,2.54704,14.2138,3.85743,14.9337,5.38922,21.0699,5.69839,36.9897,3.73646,54.1997,1.97475,52.4792,1.29646,40.1413,1.17525,28.5505,1.37526,20.4955,1.89603,15.7907,2.84078,14.0501,4.26627,15.8501,5.6783,24.1518
31.6075,0.996466,0.0309682,7,127,0,-27.2571,0.970664,0.84602,0.0382876,0.0273616,0.428663,0.570288,0.0247661,0.193878,6.92205,6.09262,19.625,18.9501,0.366301,0.22493,0.351309,0.344631,9.37267,15.5776,14.2678,13.515,22.5318,13.7831,32.9859,17.866,36.7248,28.3997,25.3093,40.8022,13.1046,42.1536,7.77899,35.1609,6.25228,27.111,6.65648,20.6522,8.73104,16.2143,13.0678,13.7564,20.6371,13.501,31.038,16.6357,37.2063,25.8109,28.2306,38.9723,14.9047,42.8394,8.42316,36.7681,6.37034,28.5963,6.45247,21.7579,6.67798,39.1486,3.71037,62.2858,1.60112,56.9403,0.979306,40.7734,0.906233,27.5225,1.13038,18.8691,1.69415,13.9347,2.78627,12.0356,4.61095,13.7716,6.64066,23.4501,5.96945,48.3741,2.79977,63.4336,1.3035,51.8928,0.917624,36.0331,0.947118,24.2919,1.26684,16.9363,1.97354,13.0074,3.28595,12.1012,5.31673,15.6064,6.90487,29.7822
33.0717,0.999019,0.0309682,7,127,0,-26.3797,1.05772,0.769474,0.0425071,0.0232362,0.43702,0.595053,0.0206727,0.169999,7.76849,7.34817,22.4638,25.3954,0.386724,0.250524,0.388258,0.330195,9.67896,17.3097,14.3579,14.2522,23.1532,13.4549,36.2255,15.9812,45.2932,24.5166,34.7196,37.5026,17.8674,41.2206,9.99425,35.0204,7.72029,27.0015,8.16327,20.4762,10.9,16.0369,16.8114,13.7029,27.2438,13.8395,40.621,18.0497,44.119,28.9764,28.2987,40.3342,14.2475,39.7486,8.80816,32.2399,7.62279,24.5613,8.81228,18.7329,6.81093,49.4485,3.62765,66.3341,1.81449,56.6069,1.27576,40.1605,1.26878,27.3531,1.60829,19.1708,2.35701,14.7097,3.69208,13.4359,5.70063,16.3348,7.52171,28.2428,6.36185,53.7488,3.20975,66.1804,1.672,53.9837,1.2485,37.8072,1.29986,25.7659,1.69607,18.2383,2.52446,14.2948,3.96909,13.5556,6.05272,17.4159,7.61287,31.523
31.7999,0.927413,0.0309682,6,127,0,-24.4361,1.04874,0.817951,0.0356513,0.025038,0.403702,0.537103,0.0178834,0.137726,8.17308,8.62427,22.0453,28.183,0.409178,0.294832,0.425905,0.317008,11.604,17.4985,18.6158,15.2096,30.9417,15.6844,46.833,21.0202,50.7143,34.831,31.3056,49.3593,14.8453,48.8809,8.63399,39.8527,7.06405,30.4946,7.79695,23.1913,10.7108,18.2068,16.8863,15.4674,28.0969,15.3115,43.9358,19.4177,52.0432,31.5053,35.7258,47.5215,17.0573,50.0244,9.34293,41.7799,7.15817,32.1774,7.49966,24.4255,7.26832,51.9529,3.64991,63.7815,1.86018,53.3063,1.3399,38.5017,1.34941,26.9611,1.72464,19.3878,2.55294,15.1172,4.05359,13.7981,6.36273,16.3887,8.56517,27.1959,7.45746,50.6046,3.81031,63.8641,1.91501,54.127,1.35143,39.2556,1.33931,27.4893,1.69369,19.713,2.4921,15.2761,3.94934,13.7874,6.22008,16.0937,8.49517,26.2563
36.3859,0.985154,0.0309682,7,127,0,-26.1501,1.21394,0.633095,0.0344586,0.020695,0.346314,0.723034,0.0177077,0.200032,7.16853,6.0146,28.8549,21.2801,0.248761,0.337,0.341662,0.356891,9.83182,23.6423,15.5029,20.8106,25.6536,21.0365,38.9117,26.3671,42.9942,39.5984,28.3655,53.6057,14.239,54.5607,8.28111,46.6779,6.55185,37.4979,6.95672,29.8126,9.28395,24.2684,14.416,21.0625,23.8495,20.7534,37.0775,25.1263,43.6923,37.2083,31.037,52.204,15.7372,55.2183,8.80799,48.0414,6.64955,38.7893,6.78493,30.8175,6.32808,36.6867,4.57191,54.2991,2.71769,53.7216,1.91134,40.806,1.77005,28.389,2.03443,20.0343,2.66946,15.4616,3.72263,14.1167,5.14574,16.5654,6.35399,25.7491,5.87122,44.1483,3.7753,56.5558,2.31341,49.496,1.80235,35.8294,1.82537,24.8223,2.22332,17.9503,3.00672,14.5961,4.21655,14.4865,5.67926,18.9185,6.45147,31.6813
33.9824,0.976658,0.0309682,7,127,0,-30.7337,1.61862,0.673237,0.059052,0.0219826,0.268834,0.603683,0.0142014,0.107307,6.6337,10.5196,25.1251,31.6735,0.349933,0.281871,0.329227,0.256199,8.54351,21.333,13.2273,18.9505,22.3347,18.5299,35.4661,21.3139,41.7438,28.7363,29.625,37.0679,15.3791,38.6667,8.73486,34.8062,6.5867,29.5557,6.71277,24.7712,8.80241,21.0812,13.7809,18.8318,23.3054,18.6134,36.4853,21.7387,41.4023,29.4997,28.2496,37.4997,14.5742,38.49,8.43779,34.3919,6.52563,29.1354,6.80424,24.4246,8.44114,49.3652,5.06018,55.2852,3.19424,46.382,2.58468,34.307,2.6645,24.7393,3.2665,18.5089,4.44274,15.2186,6.30235,14.7173,8.70408,17.9625,10.4713,27.9205,9.22639,45.4318,5.77213,55.5973,3.49798,49.2007,2.65466,37.0775,2.59625,26.7292,3.07342,19.7212,4.10082,15.7611,5.79107,14.5595,8.11244,16.7174,10.2327,24.7055
32.9769,0.904917,0.0309682,7,127,0,-24.5052,1.26217,0.810105,0.0966197,0.0236522,0.341894,0.570468,0.0184021,0.142215,7.01637,8.56647,11.0392,25.896,0.253192,0.412217,0.386866,0.332576,9.43498,9.09301,14.6939,8.02209,24.1065,8.08796,36.2148,10.0193,39.6013,14.6842,26.2784,19.4263,13.5302,19.6646,8.08099,16.8977,6.53123,13.6781,7.0513,10.9806,9.52648,9.05495,14.8745,8.00807,24.3978,8.10912,36.4789,10.1017,39.4396,14.8266,25.8748,19.4935,13.3165,19.6179,8.00714,16.8159,6.52211,13.6023,7.08741,10.9225,8.01106,50.4824,4.18923,68.0572,2.03896,58.345,1.4075,41.694,1.39097,28.612,1.77136,20.1552,2.6304,15.4741,4.19739,14.0731,6.60919,17.0068,8.82468,29.3617,7.3655,55.7165,3.60455,67.8354,1.84447,55.1966,1.37032,38.8675,1.43251,26.6889,1.8909,19.0125,2.86299,14.9584,4.59045,14.2168,7.11577,18.3549,8.939,33.46
34.351,0.874897,0.0309682,7,127,0,-25.5245,1.41672,0.935824,0.0412296,0.0280379,0.303269,0.486369,0.0152937,0.163822,6.98921,5.74505,31.2775,24.5804,0.343037,0.250663,0.349857,0.327885,8.90258,26.0079,13.5494,22.7017,22.4943,21.9405,35.7245,25.2143,43.7463,34.823,32.8618,47.2222,17.2731,50.7486,9.60433,45.6004,7.04933,38.0828,6.99603,31.2307,8.92602,25.9748,13.5992,22.6851,22.5823,21.9475,35.8272,25.2612,43.7394,34.9203,32.7289,47.2937,17.1843,50.7332,9.57051,45.546,7.04114,38.0261,7.00296,31.184,5.97357,40.9911,3.74624,56.7958,1.92794,54.5495,1.2439,43.0185,1.11556,31.9251,1.31108,23.8472,1.84883,18.891,2.87232,16.9658,4.47883,18.9147,6.0572,27.8872,5.54067,46.2297,3.13844,57.9447,1.66631,51.8621,1.17239,39.8849,1.13776,29.4975,1.41449,22.2579,2.06261,18.0854,3.23985,17.0268,4.95518,20.3876,6.21548,31.9658
33.5616,0.833171,0.0309682,7,127,0,-25.9136,1.56689,0.77985,0.0696188,0.0239901,0.24681,0.589552,0.0135478,0.153418,6.86747,8.07691,19.3907,27.8936,0.241606,0.349501,0.322617,0.334935,9.36568,16.8692,14.6781,15.4492,24.1243,15.6203,36.0762,18.3678,39.6347,24.4048,27.6325,30.4212,14.88,31.4747,8.67506,28.664,6.47,24.7394,6.3202,21.0391,7.80524,18.0523,11.4937,16.0239,18.6864,15.2858,30.0028,16.5481,39.8073,20.9343,35.1266,27.7241,20.6712,31.6088,11.1817,30.398,7.27413,26.793,6.19398,22.8813,6.89355,51.5024,3.58692,63.2974,1.90566,52.3068,1.42776,37.1103,1.48118,25.5949,1.92226,18.3335,2.84407,14.5487,4.43682,13.9685,6.67468,18.0799,8.18399,32.2557,6.15323,56.395,3.05628,62.175,1.73221,48.8449,1.4044,34.1886,1.54425,23.6572,2.07784,17.2264,3.13058,14.1331,4.88852,14.3592,7.16704,20.0622,8.08845,37.3105
34.2201,0.921,0.0309682,6,127,0,-26.6019,1.25232,0.684361,0.0381576,0.0204555,0.362038,0.674343,0.0173157,0.180259,7.29526,7.31004,31.4406,23.6101,0.284466,0.332865,0.342008,0.27552,8.74203,25.0723,12.8076,20.9403,20.9518,19.3901,34.0498,21.6079,45.3497,30.3591,37.8276,44.8834,20.1627,51.3423,10.7327,46.1149,7.61894,37.4177,7.46379,29.5912,9.49786,23.7818,14.4502,20.2666,23.9099,19.5201,37.7664,23.1101,45.6728,33.9145,33.0639,47.9093,16.8316,50.7778,9.51398,43.9352,7.36043,35.2338,7.77155,27.8804,7.22311,47.0531,4.22068,68.2325,2.16525,60.0905,1.51116,42.071,1.47894,27.8846,1.8294,19.0368,2.59349,14.3472,3.90872,13.012,5.82382,15.8216,7.58403,27.4487,6.6827,53.627,3.59069,68.6678,1.93305,56.0953,1.46491,38.3955,1.52597,25.464,1.9612,17.6632,2.83578,13.7612,4.29262,13.2017,6.29445,17.3809,7.71484,32.1792
26.1206,0.76957,0.0309682,7,127,0,-19.3947,0.985079,0.743711,0.0242416,0.0219705,0.412257,0.596333,0.0224625,0.104971,5.99159,10.9506,30.9408,27.4086,0.30051,0.544632,0.258481,0.362016,8.30047,23.968,13.1155,20.0663,21.9094,19.5178,34.9963,24.358,44.1249,40.2091,32.6436,65.6343,15.3589,73.3389,7.81866,62.0535,5.56415,47.4791,5.48871,35.4883,6.94401,26.9389,10.3928,21.5716,17.0718,19.2986,28.318,21.0887,41.3899,30.7295,40.8808,53.5897,22.6075,73.019,10.4554,68.6685,6.27272,54.3625,5.32822,40.8507,10.231,47.8971,6.14871,62.6938,3.41124,55.8971,2.46074,41.4565,2.39686,29.3016,2.91552,21.2251,4.06552,16.7598,6.03392,15.5616,8.81044,18.5904,11.1314,29.6497,9.75252,51.0234,5.62607,62.8804,3.19758,53.9827,2.41116,39.5315,2.43567,27.9331,3.03446,20.4,4.28667,16.3941,6.38083,15.6817,9.21961,19.521,11.2334,32.141
28.8034,0.979527,0.0309682,7,255,0,-17.5636,0.903945,0.561824,0.0241397,0.0167398,0.488106,0.759422,0.0283624,0.159237,6.13376,8.34035,25.7978,31.1615,0.411216,0.475654,0.252529,0.363334,8.83053,19.4812,14.2242,16.4497,23.6413,17.0916,36.0608,24.461,39.4017,45.8752,23.1552,70.0829,10.3442,67.355,6.04912,51.5099,5.17856,36.891,6.00457,26.4401,8.54037,19.8513,13.6755,16.5685,22.7493,16.8673,35.1591,23.4871,39.9469,43.6545,24.5966,69.0597,10.9523,68.3384,6.2185,52.785,5.17795,37.8839,5.88532,27.1059,7.30105,52.5476,4.6813,63.8368,2.99982,54.0694,2.42694,38.553,2.48594,26.5024,2.99488,19.0768,3.95371,15.425,5.39692,15.1012,7.16114,19.1866,8.34534,31.4434,7.26411,52.8813,4.64393,63.8196,2.98367,53.8279,2.42381,38.326,2.49064,26.3506,3.00643,18.992,3.97276,15.3937,5.42335,15.1256,7.18835,19.3032,8.34971,31.7281
30.6362,0.970285,0.0309682,7,127,0,-21.8885,0.841254,0.739277,0.0424983,0.0232467,0.514128,0.583859,0.0249312,0.109783,7.27158,11.6474,15.4962,29.3743,0.32603,0.331636,0.407701,0.343543,9.59443,11.3859,14.4768,9.13233,23.1672,8.65133,36.024,10.7514,46.2713,18.3411,36.714,32.432,18.0592,37.8509,9.43248,31.2797,6.96284,22.7743,7.11807,16.167,9.18012,11.7969,13.6767,9.32303,21.816,8.60059,34.2679,10.2697,45.7338,16.9279,39.1172,30.708,19.9137,38.0488,10.0632,32.3724,7.09422,23.7726,6.99366,16.8742,9.27651,54.5249,4.611,64.1913,2.45957,51.6613,1.86432,36.2241,1.93861,24.7797,2.50052,17.5523,3.6652,13.6428,5.6908,12.6011,8.69655,15.3661,11.4802,26.3717,10.0079,50.603,5.19508,64.6597,2.65671,54.1816,1.90225,38.4345,1.89467,26.2765,2.37761,18.4457,3.43273,14.0656,5.30514,12.5626,8.17776,14.562,11.2002,23.7681
31.1535,0.97985,0.0309682,7,127,0,-24.6229,1.03063,0.774915,0.0337653,0.0233916,0.373862,0.56423,0.0196475,0.126344,7.22777,8.75099,23.3263,25.3223,0.297524,0.329153,0.410227,0.338194,9.9815,18.9401,15.4384,16.6378,24.7853,16.8779,37.0413,21.3048,42.5572,32.8425,30.3875,47.3816,15.6354,50.6353,8.76585,43.7965,6.51871,34.8496,6.44722,27.1623,7.99558,21.4789,11.6048,17.8435,18.3745,16.3795,29.1918,17.8712,40.7309,24.6043,39.9086,38.6126,24.1678,50.2733,12.311,48.7895,7.58922,40.4868,6.29717,31.8123,8.53072,44.7896,5.17079,61.206,2.74511,56.218,1.87626,42.3399,1.75704,30.1307,2.09396,21.7596,2.91032,16.881,4.3723,15.0926,6.5773,17.0266,8.8097,25.8508,8.43975,45.6599,5.04326,61.3942,2.69005,55.7495,1.86143,41.8167,1.76202,29.7428,2.11539,21.5151,2.95269,16.7575,4.44276,15.0884,6.67132,17.2034,8.86456,26.3975
36.591,0.999843,0.0309682,7,127,0,-25.7403,1.02121,0.510471,0.0458186,0.0161865,0.438418,0.806904,0.0231981,0.191107,7.08677,7.31092,18.6166,31.04,0.347204,0.332675,0.280061,0.312573,9.28893,14.4612,14.1151,12.1618,22.7733,11.9343,34.7194,14.9653,40.6911,23.8165,28.6783,35.3578,14.4717,37.0456,8.38384,30.7614,6.73654,23.5178,7.31212,17.7908,9.88227,13.9481,15.265,11.9646,24.6323,12.1582,36.5846,15.9703,39.9036,25.8814,25.8264,36.5209,12.9606,36.3059,7.89511,29.5039,6.70138,22.4329,7.59092,17.0184,6.22329,52.3129,3.98923,61.7528,2.62517,50.906,2.17779,35.5613,2.254,24.0778,2.70456,17.159,3.52214,13.7979,4.72621,13.4609,6.19441,17.0308,7.26745,27.9577,6.57244,48.5717,4.35387,61.8654,2.78687,53.6071,2.21123,38.1045,2.21134,25.7658,2.59819,18.1022,3.34826,14.1731,4.48496,13.2868,5.93152,15.9961,7.16413,25.2452
34.1991,0.944377,0.0309682,7,255,0,-28.1753,1.2882,0.605395,0.0643817,0.0178349,0.344785,0.709961,0.0180581,0.203357,6.2846,7.05803,17.137,30.5983,0.338889,0.337347,0.293447,0.329561,8.47132,13.8237,13.5353,11.8785,23.2798,11.635,37.4785,14.2275,44.0478,21.6511,29.2008,30.4137,13.8609,31.3019,7.67663,26.6616,5.96504,21.2737,6.39051,16.8031,8.76978,13.6022,14.158,11.7827,24.3714,11.7202,38.6451,14.6501,43.5512,22.4928,27.5427,30.8521,13.0357,31.0303,7.41039,26.1908,5.93065,20.8466,6.50999,16.4785,5.87401,59.18,3.16391,72.2023,1.78653,57.3226,1.39961,38.5595,1.46494,25.223,1.8498,17.2775,2.59387,13.255,3.79874,12.3766,5.46993,15.5223,6.96472,27.4631,6.24907,54.6876,3.50904,72.553,1.91009,60.2881,1.4219,41.1007,1.43408,26.8532,1.77086,18.1918,2.45476,13.6543,3.58423,12.3012,5.19936,14.6692,6.81874,24.7406
36.0845,0.913014,0.0309682,7,255,0,-29.785,1.89136,0.732046,0.0688467,0.0226841,0.212832,0.616304,0.0117937,0.140722,6.64474,7.90624,24.4373,25.4688,0.293737,0.296522,0.369215,0.291856,9.0734,21.6229,14.468,20.0059,24.3266,20.2314,36.5945,23.4619,38.8875,30.1178,25.8812,35.9502,13.7657,36.4631,8.15078,33.368,6.24433,29.2886,6.30848,25.4516,8.10744,22.3545,12.4535,20.3329,20.894,19.9119,33.2228,22.1088,40.1364,27.9169,30.4274,34.6967,16.6253,36.837,9.30497,34.4814,6.56283,30.5124,6.11931,26.5324,7.69567,42.7725,5.00576,57.0966,2.90162,52.8237,2.09672,40.0819,2.01073,28.7155,2.39493,21.0288,3.26231,16.8,4.71728,15.7872,6.68187,18.9473,8.16099,29.5879,7.04873,48.367,4.23935,57.6441,2.56281,49.3701,2.01586,36.448,2.07651,26.1,2.59255,19.4677,3.62008,16.1657,5.25211,16.1797,7.24649,21.0597,8.17492,34.569
33.3323,0.58066,0.0309682,7,127,0,-28.3753,1.69696,0.721641,0.0808868,0.0231397,0.26103,0.591726,0.0133595,0.190981,5.98934,6.25449,19.8327,26.242,0.289331,0.27341,0.336365,0.373968,7.51108,16.68,11.682,14.5495,20.4856,13.8029,35.1083,15.3362,46.0059,20.646,34.7925,27.9542,17.2419,30.2277,8.9414,27.4809,6.23948,23.3365,6.05496,19.4724,7.78952,16.4132,12.3229,14.4015,21.7267,13.8321,36.7224,15.6806,45.9902,21.4009,32.7812,28.4997,15.9884,30.1077,8.4905,27.0804,6.13042,22.9177,6.13922,19.1206,5.58741,47.1142,3.17938,60.2293,1.73318,52.1704,1.2572,38.0256,1.23488,26.5571,1.51059,19.0126,2.11458,14.7842,3.15721,13.4277,4.68366,15.6089,6.16554,24.6197,5.79533,44.6737,3.41631,59.9851,1.82915,53.599,1.28103,39.4786,1.22233,27.5947,1.46675,19.6504,2.03096,15.0983,3.02099,13.4304,4.50324,15.1379,6.05455,23.1452
33.3953,0.998358,0.0309682,7,127,0,-26.3323,1.16318,0.787463,0.0270424,0.0261991,0.329234,0.568742,0.018009,0.157561,8.33704,7.8208,34.4774,24.939,0.334204,0.302824,0.303447,0.270676,11.2945,29.5047,16.8965,27.2353,25.6635,28.6228,34.9592,35.7036,35.737,49.5524,24.7919,62.0939,14.2311,62.9748,9.08288,55.507,7.35638,46.1395,7.58908,37.8837,9.5265,31.71,13.6789,28.0052,20.8722,27.3656,30.6227,31.2543,37.0562,41.9021,31.1454,56.8307,18.8878,64.045,11.1068,59.845,7.9266,50.8502,7.26453,41.8294,6.79538,47.2824,3.47089,59.701,1.76502,49.8742,1.27162,35.5358,1.28465,24.4932,1.64406,17.3867,2.4268,13.4774,3.82581,12.3711,5.93932,15.0001,7.8624,25.6563,6.66249,48.2812,3.35826,59.6229,1.72707,49.2553,1.26427,34.9825,1.2929,24.1152,1.66764,17.1605,2.47218,13.373,3.90189,12.3922,6.03898,15.2411,7.89779,26.4011
29.3781,0.894866,0.0309682,7,127,0,-23.4645,1.26459,0.671962,0.0607015,0.0202916,0.369516,0.62594,0.0193096,0.17121,6.095,6.24958,17.8934,26.3624,0.330964,0.332262,0.405288,0.396989,8.2259,14.1483,13.2981,11.9623,23.2614,11.6554,38.0598,14.5123,44.5344,23.0273,28.0758,32.8658,12.7836,33.0704,7.14224,27.4111,5.78053,21.3701,6.51907,16.5809,9.39334,13.3058,15.742,11.6363,27.5038,12.0923,42.0974,16.44,41.3685,26.5549,22.1507,34.0374,10.3094,31.6015,6.43344,25.4712,5.8116,19.7427,7.13582,15.412,6.18354,42.0696,4.37575,56.3102,2.70904,54.5007,1.96123,42.9879,1.81065,31.5478,2.04349,23.3494,2.63032,18.5304,3.61733,16.8155,4.97639,18.6931,6.24857,26.3485,6.18487,42.048,4.37819,56.302,2.71043,54.5111,1.9617,43.0027,1.81059,31.5597,2.04301,23.3571,2.6294,18.5343,3.61591,16.8156,4.97466,18.6881,6.24755,26.3347
33.9853,0.997017,0.0309682,6,127,0,-22.758,1.10115,0.895007,0.0583254,0.0258204,0.374947,0.542072,0.0194321,0.163772,6.77005,7.95893,15.0668,25.07,0.29803,0.334761,0.410808,0.362696,9.28995,12.062,14.6121,10.3982,24.2282,10.341,37.6119,12.9353,44.1564,20.2177,30.6516,29.5099,15.0166,31.1581,8.27087,26.5497,6.24515,20.9136,6.40108,16.2086,8.3123,12.8126,12.6602,10.7435,20.8726,10.1516,33.5935,11.7776,44.1206,17.5125,36.1291,27.2101,18.6464,31.6159,9.57522,28.1849,6.55751,22.5228,6.17868,17.4666,7.21507,54.8953,3.09323,73.2627,1.32032,59.3137,0.89182,40.9641,0.912467,27.4993,1.23695,18.9842,1.98484,14.2673,3.45028,12.7891,5.91727,15.8047,8.31114,30.2105,6.22931,62.6364,2.45641,71.7295,1.15268,54.7534,0.868073,37.3034,0.960112,25.0966,1.36642,17.5704,2.25097,13.6255,3.93837,12.9772,6.59888,17.7039,8.37776,36.7102
34.6471,0.968276,0.0309682,7,255,0,-29.0379,1.10195,0.551231,0.0489944,0.0182134,0.383783,0.735104,0.0200623,0.116233,7.54291,10.8766,17.6246,29.8544,0.257366,0.390854,0.322108,0.308359,10.448,14.3252,16.3432,12.6904,26.3827,13.177,38.4238,17.2525,40.2138,26.6897,25.5436,35.657,13.0435,35.2575,7.98495,29.3938,6.66553,23.1002,7.36507,18.0623,10.0261,14.5955,15.5448,12.7757,25.1392,12.9947,37.3397,16.5856,40.9654,25.5119,27.2924,35.1154,13.942,35.6781,8.28744,30.081,6.69684,23.7125,7.20791,18.5175,9.32784,47.7559,6.11154,56.0775,4.0495,47.7766,3.31596,34.8028,3.3738,24.4669,4.00169,17.9144,5.18892,14.5702,6.96795,14.0806,9.15721,17.2091,10.7905,26.6746,9.91486,43.9802,6.75956,55.9296,4.35842,50.3753,3.39276,37.4786,3.31028,26.3556,3.82141,19.0254,4.88485,15.046,6.53908,13.9315,8.6831,16.1309,10.5818,23.9223
27.8293,0.78196,0.0309682,7,255,0,-16.7794,0.658564,0.846503,0.0172774,0.0231439,0.689265,0.542145,0.0375266,0.189713,7.60822,5.71696,28.548,22.9895,0.454247,0.304952,0.359178,0.33249,9.75802,19.736,13.9998,15.3549,20.9773,14.7179,30.5201,19.3203,37.572,35.6995,30.0265,67.3281,15.5768,78.2709,8.88725,60.7616,7.18713,40.8398,7.79983,27.0022,10.2092,18.8907,14.7926,15.0395,22.1844,14.9665,31.8803,20.659,37.6228,39.4742,27.8597,71.152,14.1667,76.8497,8.44703,57.7599,7.16036,38.5216,8.02494,25.5679,6.35086,43.9985,3.85828,69.4526,1.76058,66.8984,1.0542,50.0964,0.926487,34.9538,1.09511,24.5179,1.56772,18.2506,2.49058,15.4602,4.04661,16.5366,5.96194,24.9337,6.15285,48.2642,3.45,70.9697,1.5975,64.7831,1.01202,47.6691,0.934276,33.1677,1.142,23.3845,1.66774,17.6447,2.67197,15.3439,4.32073,17.1436,6.17404,27.2118
27.0729,0.997859,0.0309682,7,127,0,-21.9048,0.624962,0.651519,0.0152533,0.0245473,0.741612,0.647906,0.0361311,0.183101,7.91925,6.64129,26.4672,26.2512,0.28528,0.342592,0.298383,0.422252,10.6557,17.5261,15.809,13.3512,24.2838,12.9752,36.1255,18.2795,44.9869,38.9416,33.5762,82.512,15.3514,92.164,8.48462,65.7863,7.09323,41.133,8.05086,25.6135,10.9377,17.0859,16.2998,13.196,25.0441,13.1163,37.026,19.0629,45.0245,41.5165,32.0232,85.2032,14.5186,90.8254,8.2648,63.729,7.09755,39.7137,8.19221,24.7961,5.44802,43.0583,3.23026,49.5111,2.00192,41.1093,1.61496,29.6818,1.67732,20.8766,2.07633,15.3211,2.84562,12.4995,4.0533,12.2131,5.59163,15.4217,6.63163,25.1969,5.60444,41.9406,3.36508,49.6694,2.05583,41.9387,1.62508,30.4448,1.66132,21.3993,2.03596,15.6245,2.77593,12.6204,3.95133,12.1385,5.48046,15.0195,6.60989,24.1899
27.1041,0.997762,0.0309682,7,127,0,-18.0009,1.17133,0.764783,0.0254457,0.0247968,0.355387,0.575165,0.0194833,0.163338,7.19549,7.57756,38.1882,37.5316,0.387177,0.26851,0.54871,0.321029,9.63446,31.4258,14.7392,27.7818,23.5933,28.1043,34.7884,34.8222,38.3954,51.0298,26.5481,68.5023,14.0815,70.5427,8.41619,61.0055,6.68021,49.3236,7.00825,39.392,9.14873,32.2104,13.7998,28.0913,22.0884,27.7469,33.305,33.3214,38.8984,48.2057,28.72,66.7331,15.4153,71.235,8.91416,62.6557,6.78037,50.9311,6.85656,40.6528,4.7523,59.5654,2.264,57.8621,1.3811,43.2029,1.20926,29.8515,1.40021,20.6938,1.94043,15.2119,2.96722,12.6766,4.66133,13.1687,6.83388,18.9381,7.63789,36.2273,4.9329,58.8885,2.34676,58.4744,1.40444,44.0062,1.20817,30.455,1.38201,21.0788,1.90125,15.4241,2.89737,12.7414,4.55397,13.0455,6.7255,18.4114,7.68566,34.9519
33.8531,0.999089,0.0309682,6,127,0,-24.0732,1.27903,0.694893,0.0319136,0.0219663,0.320859,0.596234,0.0178302,0.183265,7.14974,6.15353,33.7132,32.5884,0.382725,0.260581,0.443233,0.333417,9.60692,28.3105,14.7586,25.3981,23.6789,25.8061,34.6874,31.556,37.611,44.6192,25.8311,57.7881,13.885,59.1647,8.37342,51.9384,6.62785,42.9127,6.89803,35.0361,8.94716,29.1901,13.4735,25.7471,21.6195,25.3893,32.7014,29.8636,38.3305,41.5921,28.7087,55.9388,15.6882,59.8391,9.06966,53.6576,6.78346,44.6467,6.71236,36.439,4.90686,51.0331,2.89404,56.9845,1.8096,47.5835,1.46522,35.1086,1.52164,25.3053,1.88613,18.9589,2.59723,15.6577,3.72549,15.2949,5.17106,19.0055,6.14722,30.0915,5.20973,48.5615,3.14828,57.3526,1.91306,49.4408,1.48635,36.8668,1.49327,26.5493,1.8112,19.7053,2.46534,15.9718,3.52933,15.1388,4.95266,18.0839,6.09275,27.8094
30.671,0.961481,0.0309682,7,127,0,-25.7772,1.17211,1.0087,0.0734389,0.0314672,0.386093,0.433648,0.0181038,0.113586,6.87656,8.47735,13.9519,27.1459,0.222173,0.379933,0.337475,0.313983,8.97799,10.9088,14.0198,9.07941,23.8639,8.61962,39.1462,10.3056,49.5561,16.0295,35.8245,24.4417,16.9617,26.3772,8.98369,22.3794,6.73798,17.4471,7.05994,13.3953,9.53523,10.5417,15.1895,8.90779,25.9537,8.70726,41.6429,10.8781,49.1442,17.3577,32.3218,25.3409,15.0795,25.9817,8.38235,21.591,6.65097,16.7382,7.29349,12.8686,7.50484,45.6126,3.92863,56.4152,1.95589,50.1531,1.32104,38.8539,1.25325,29.0383,1.55096,21.9933,2.2951,17.643,3.73616,15.9771,6.08251,17.9421,8.45087,26.865,7.56733,45.2345,3.98841,56.3975,1.97808,50.3613,1.32671,39.0714,1.25097,29.2056,1.54136,22.1054,2.27471,17.7036,3.69909,15.9806,6.02934,17.8524,8.42298,26.5886
30.9488,0.81813,0.0309682,7,127,0,-21.5233,2.01244,0.593554,0.0441433,0.0177088,0.205624,0.768201,0.0110502,0.210046,7.38014,6.76007,41.7809,24.5123,0.449192,0.281352,0.317701,0.392164,9.69196,37.3014,14.9296,34.6773,24.3526,34.9343,35.7699,39.7193,37.9433,49.3151,26.2126,57.64,14.6956,58.5116,9.05781,54.0681,7.11014,48.017,7.27538,42.2559,9.38207,37.6421,14.2954,34.8165,23.327,34.7517,34.8926,39.0591,38.4398,48.3563,27.4827,57.1662,15.4824,58.7186,9.38015,54.5793,7.18755,48.5716,7.18591,42.7404,6.55522,48.4324,4.03222,69.2735,2.23589,60.4126,1.64368,41.5152,1.63746,26.9815,2.00156,18.2287,2.74328,13.8164,3.94255,12.8227,5.57224,16.0727,6.94503,28.2703,6.12635,54.6044,3.52158,69.6269,2.03609,56.4446,1.60599,37.9193,1.68552,24.6854,2.12492,16.9784,2.95674,13.3274,4.25932,13.0775,5.93267,17.6453,7.02495,32.8005
30.8054,0.969524,0.0309682,7,127,0,-27.0637,1.37346,0.720057,0.0643149,0.0228122,0.32307,0.606187,0.0152587,0.131497,6.55178,8.66603,18.6455,28.1108,0.193863,0.309548,0.284933,0.243538,8.79402,15.129,14.1738,12.9821,24.8966,12.5571,41.37,15.0097,50.4375,22.4785,34.049,31.8035,15.8329,33.1905,8.43989,28.6213,6.32961,23.0976,6.6196,18.4118,8.99845,14.9692,14.615,12.9062,25.7057,12.602,42.3172,15.2804,50.1792,23.0521,32.7564,32.1416,15.1689,33.0281,8.22404,28.3053,6.29291,22.8027,6.69377,18.1821,7.6577,46.5698,4.65163,57.0683,2.75884,49.7915,2.10574,37.0366,2.10993,26.5069,2.57971,19.5802,3.55695,15.8886,5.15472,15.257,7.25766,18.7735,8.7236,29.8546,7.35051,48.5985,4.35857,56.9788,2.63798,48.4089,2.08011,35.689,2.13999,25.5545,2.66183,19.015,3.70335,15.6609,5.37299,15.4045,7.49135,19.5535,8.74111,31.7242
28.8958,0.945441,0.0309682,7,127,0,-25.2723,0.908508,0.67595,0.0267866,0.0214546,0.495853,0.654281,0.023748,0.147962,8.017,8.85781,27.5665,24.3098,0.545527,0.357611,0.372505,0.413756,10.4789,20.818,15.7294,17.193,24.9447,16.8247,37.6154,21.4804,44.535,35.7305,32.0056,55.9072,16.1506,59.3024,9.3627,48.1898,7.58837,35.6696,8.29152,26.1257,11.1758,19.9534,17.0454,16.8696,27.0353,17.1904,39.7537,23.1566,43.7704,39.4251,28.6637,58.1803,14.359,57.9061,8.79706,45.8487,7.56059,33.7227,8.6322,24.7923,8.25413,47.2757,4.6811,64.3204,2.46783,55.3003,1.76997,38.8658,1.74964,26.0582,2.1607,17.9964,3.04224,13.656,4.54956,12.3394,6.74977,14.6906,8.88143,24.5929,8.20443,47.7465,4.62345,64.359,2.4459,55.0182,1.76514,38.5983,1.7533,25.8777,2.17179,17.8911,3.06283,13.6074,4.58258,12.344,6.79262,14.7806,8.90415,24.8806
27.6023,0.920489,0.0309682,7,127,0,-20.5462,0.898677,0.52771,0.024287,0.0177934,0.491753,0.725918,0.0222385,0.140752,8.33105,8.84084,29.1064,33.4694,0.50518,0.321806,0.366894,0.338385,11.082,21.9894,16.8156,18.2157,26.8427,17.9404,40.6409,23.1706,48.1181,39.1843,34.1831,61.999,16.9228,65.7308,9.66713,53.2357,7.75783,39.2741,8.41868,28.6389,11.3002,21.7082,17.2284,18.1067,27.5075,18.0478,41.3571,23.6921,47.9459,40.3999,33.0826,62.8466,16.3129,65.3064,9.472,52.4545,7.73845,38.6149,8.51229,28.1819,7.04317,50.7773,4.52767,55.0407,3.11562,44.965,2.66003,32.397,2.77338,22.8537,3.31694,16.8934,4.29237,13.8908,5.72391,13.5315,7.4713,16.5499,8.81212,25.5099,8.24351,42.2497,5.74809,55.2196,3.69574,51.1844,2.80693,38.7012,2.65698,27.329,2.98337,19.5703,3.73058,15.1131,4.92659,13.376,6.55052,14.456,8.25007,19.8965
31.2711,0.905977,0.0309682,7,255,0,-18.9347,0.967884,0.610624,0.0279719,0.0189041,0.38586,0.685757,0.0202232,0.149983,8.262,8.38296,24.3307,33.1693,0.499001,0.321423,0.334818,0.315322,11.7353,20.1684,18.114,18.4348,28.1567,19.8929,39.2063,26.8563,40.1212,41.9202,26.0751,56.3931,13.6761,56.5537,8.31038,47.5907,6.67113,37.4926,6.94858,29.1759,8.84078,23.2007,12.8671,19.5595,20.0395,18.4331,30.7775,20.8473,40.8172,29.5239,37.8573,45.8759,22.6525,57.7482,11.9812,54.9731,7.71879,45.2695,6.59421,35.4431,6.77271,53.8743,4.07141,60.6963,2.60266,49.5889,2.15392,35.3656,2.26425,24.6732,2.80025,18.0734,3.79652,14.8371,5.316,14.7054,7.18994,18.9036,8.38125,31.2454,7.05423,51.9322,4.30804,61.0626,2.69713,51.1065,2.1699,36.7275,2.23238,25.5886,2.72402,18.5937,3.66846,15.0338,5.13359,14.5559,6.99698,18.171,8.34872,29.4409
32.8438,0.903207,0.0309682,7,127,0,-25.6961,0.947896,0.491474,0.0281632,0.0149292,0.464223,0.949565,0.0216192,0.160846,7.46405,9.23834,23.6631,21.705,0.410266,0.373267,0.279726,0.322664,10.7819,18.0328,17.5216,15.2737,29.4665,15.7886,45.3949,22.2876,49.6836,40.9939,29.0642,61.7999,12.9031,59.6018,7.46446,46.1355,6.32049,33.5047,7.28455,24.3167,10.3711,18.4166,16.7319,15.4026,28.1624,15.5663,44.0589,21.308,50.4688,38.7879,31.1592,60.7776,13.7905,60.546,7.71477,47.3901,6.32592,34.5001,7.12131,24.9965,9.6959,39.8595,7.29528,62.3676,4.56744,61.525,3.37149,44.2489,3.21803,28.7896,3.70008,19.287,4.72103,14.5835,6.28236,13.5745,8.23916,16.8453,9.75865,28.1878,8.91503,51.1286,5.90748,65.5237,3.85909,54.3648,3.20804,36.6141,3.36572,23.8344,4.09085,16.6781,5.35502,13.6928,7.13453,14.3789,9.07058,20.5555,9.78197,37.3801
30.3394,0.99726,0.0309682,7,255,0,-21.9942,0.67611,0.840157,0.0095759,0.0284654,0.642863,0.530192,0.036321,0.109653,7.44163,10.5955,44.8895,27.602,0.348575,0.394731,0.335622,0.287223,10.1739,32.3148,15.1564,26.7003,23.0936,27.8542,33.1592,40.6469,37.6012,80.381,25.5254,138.693,12.425,141.427,7.44987,104.786,6.38679,70.3183,7.22022,47.1089,9.714,33.5028,14.3647,27.0684,21.905,27.2394,31.9081,37.9348,37.8857,73.2133,27.6569,133.071,13.58,144.561,7.79288,109.82,6.3993,74.1179,7.02517,49.4861,8.37712,48.266,4.1746,55.7216,2.23575,45.7216,1.6935,33.1192,1.76837,23.4625,2.31413,17.1919,3.47099,13.8,5.51736,13.1698,8.47832,16.6029,10.6189,28.5584,8.13376,49.2501,4.01107,55.4779,2.18211,45.0185,1.68496,32.51,1.78542,23.0429,2.35868,16.9403,3.55585,13.6927,5.65699,13.2283,8.64525,16.972,10.6264,29.5507
35.9264,0.994904,0.0309682,7,127,0,-27.4678,1.01081,0.453144,0.0431095,0.0131866,0.439773,0.974067,0.0215953,0.209847,7.32502,7.31147,18.4486,24.4118,0.292583,0.293016,0.281546,0.329012,10.0147,14.2703,15.7132,12.0548,25.9174,12.062,39.8093,15.7775,45.358,26.3934,29.5821,39.2271,14.1235,39.7239,8.15501,32.1539,6.68539,24.1907,7.44084,18.0887,10.3004,14.051,16.2669,11.975,26.8224,12.1723,40.7156,16.2612,44.8866,27.4043,28.1791,39.7372,13.452,39.3293,7.9499,31.5588,6.67537,23.6936,7.5666,17.7391,7.39765,44.67,5.49369,66.8347,3.5405,63.9465,2.69383,45.648,2.59545,29.7303,2.96103,19.9671,3.71383,15.0849,4.84527,13.8913,6.26197,16.7752,7.46255,27.0691,7.18001,49.3549,5.07725,68.4688,3.31247,61.0836,2.63321,42.3737,2.63089,27.5463,3.06784,18.7816,3.88911,14.6153,5.08445,14.0607,6.51915,17.9154,7.56525,30.1602
34.7465,0.774563,0.0309682,7,127,0,-24.9287,1.22989,0.703488,0.0271335,0.0231952,0.346598,0.599755,0.0181947,0.126554,6.95856,8.93955,38.5452,31.2658,0.333434,0.41722,0.360581,0.292647,9.26532,31.4852,14.3521,27.4538,23.6243,27.2279,36.275,33.168,41.7221,48.8753,29.0294,67.1554,14.8441,69.9446,8.52347,60.5842,6.60653,48.9491,6.88951,39.0258,9.07411,31.8046,13.9679,27.5913,22.9794,27.1098,35.5935,32.6005,41.9123,47.751,29.9951,66.4413,15.4149,70.2255,8.72828,61.233,6.64624,49.5744,6.82619,39.515,7.10662,48.8947,4.17909,54.3437,2.62108,45.1826,2.13802,33.2547,2.23975,23.9622,2.79895,18.0046,3.87853,14.9885,5.57793,14.8688,7.70027,18.8963,8.94505,30.3914,7.26811,48.0934,4.30558,54.5263,2.67074,45.8254,2.14655,33.8425,2.22274,24.3712,2.75701,18.2445,3.80584,15.0795,5.47201,14.7902,7.59042,18.5293,8.94102,29.5412
36.0737,0.858243,0.0309682,7,127,0,-26.1785,1.14532,0.455442,0.0499952,0.0145416,0.3602,0.958993,0.0181116,0.179099,7.13608,8.6551,19.1422,23.5272,0.27943,0.314108,0.287859,0.326427,9.50181,15.4728,14.627,13.359,23.9401,13.1183,37.074,15.8617,44.4358,23.6733,32.6296,34.0566,16.7429,36.7452,9.26394,32.0804,6.86142,25.7702,6.85593,20.2964,8.69809,16.2501,13.0068,13.7335,21.1526,12.9625,33.7022,14.7834,44.1543,21.1801,37.0173,31.8197,19.9559,37.0114,10.4909,33.5756,7.18085,27.3212,6.68653,21.542,8.49762,43.5183,6.0657,62.649,3.88434,57.36,3.01026,40.1088,2.95611,25.9926,3.41844,17.5116,4.32611,13.3399,5.67722,12.4426,7.35946,15.2872,8.75293,25.1393,8.31469,46.228,5.7646,63.3465,3.73039,55.6299,2.97247,38.2768,2.9844,24.7952,3.49691,16.8668,4.45375,13.0877,5.8515,12.5438,7.54754,15.9353,8.82786,26.908
33.2258,0.988299,0.0309682,7,127,0,-27.8279,1.1142,0.447121,0.0274237,0.0130118,0.366287,0.923076,0.0202194,0.190836,7.09548,8.05256,34.4836,36.3116,0.307183,0.323035,0.390463,0.26854,9.2211,28.1023,13.7577,24.4574,21.728,24.1192,32.4939,28.8903,38.333,41.8126,29.1726,58.707,15.9782,63.7299,9.21963,56.4145,6.91356,45.8116,6.85704,36.3977,8.52762,29.3909,12.3939,25.064,19.4724,23.8326,29.8985,27.1142,38.1318,37.9138,32.4884,55.1909,18.6226,63.9934,10.3076,58.7512,7.21241,48.3348,6.71366,38.4535,6.6862,60.9662,4.3502,68.9764,3.01059,54.2728,2.61905,36.4869,2.77968,24.0951,3.34225,17.065,4.28716,13.9543,5.60447,14.1704,7.11199,18.9531,8.05406,32.6443,7.06808,56.9853,4.70754,69.6891,3.16028,57.5115,2.63973,39.25,2.7213,25.8159,3.21769,17.9666,4.09581,14.2556,5.35329,13.8734,6.85894,17.6536,7.99284,29.3771
28.9555,0.890797,0.0309682,7,127,0,-19.6695,0.820075,0.540989,0.0495896,0.0177657,0.577808,0.859399,0.0290357,0.171216,7.14632,7.69667,12.6318,21.0999,0.26935,0.311693,0.297647,0.364598,9.57172,8.98747,14.677,7.11465,23.7242,6.89565,36.6517,9.2475,44.3866,17.4603,30.3543,30.4416,13.9011,31.5857,7.89124,23.8875,6.6489,16.4404,7.66167,11.3023,10.7971,8.2423,16.97,6.85946,27.3985,7.24942,40.4559,10.9201,42.4557,21.5624,24.1509,32.4838,11.2241,29.5706,7.19396,21.3972,6.75334,14.6184,8.3691,10.1678,8.10415,35.5776,6.27179,52.9411,4.05556,53.5693,2.9898,40.8017,2.79991,28.0933,3.16683,19.6879,4.00765,15.303,5.31832,14.3046,6.95068,17.2853,8.1557,27.1064,7.42385,45.1447,5.0538,55.8791,3.38484,47.8501,2.81277,34.0191,2.9219,23.3528,3.52619,17.0582,4.60335,14.3879,6.11568,15.1735,7.69075,21.0554,8.10751,35.4909
30.4177,0.983108,0.0309682,7,127,0,-25.4327,1.63471,0.56401,0.0258591,0.0176907,0.254131,0.72883,0.0119954,0.130653,6.98575,9.19432,53.7078,35.1782,0.3477,0.353165,0.347792,0.267245,9.93422,45.9807,16.5541,41.6019,29.1362,42.1524,45.7204,51.2875,48.6347,71.8929,29.735,90.0844,14.3321,89.9927,8.14261,79.3552,6.30598,66.9345,6.62888,55.9995,8.96188,47.5773,14.4884,42.2953,25.4715,41.4137,41.9812,48.0136,50.4374,66.1836,34.8911,87.2251,17.0318,91.4562,9.09257,82.3104,6.51379,69.8714,6.38412,58.4399,7.46107,51.5656,4.94994,55.6191,3.50097,45.9933,3.04596,33.7503,3.21907,24.3789,3.88778,18.6134,5.05288,16.016,6.69167,16.5701,8.46434,21.5758,9.23098,33.7501,7.68443,50.4062,5.13608,55.96,3.58106,47.0742,3.05708,34.7366,3.18365,25.0486,3.81006,18.984,4.93105,16.1235,6.53438,16.3758,8.32633,20.894,9.24772,32.3701
32.6066,0.992979,0.0309682,7,127,0,-22.6722,1.41779,0.827975,0.0947784,0.0262868,0.310727,0.59024,0.0155731,0.191851,6.80189,5.73182,13.5136,19.601,0.248066,0.24303,0.278876,0.344844,8.78238,11.15,13.6128,9.68314,23.0283,9.3736,37.0226,10.9334,44.8225,15.4861,32.1144,21.1287,16.2002,22.3221,8.97644,19.7171,6.73688,16.2649,6.91167,13.224,9.13494,10.949,14.3622,9.588,24.3533,9.43164,38.4914,11.2603,44.4413,16.1319,30.1194,21.5225,15.0545,22.1627,8.57217,19.3558,6.66074,15.9122,7.04342,12.9432,6.47207,36.5642,4.15575,58.1195,1.99737,56.5698,1.24172,42.1256,1.12424,29.1021,1.3556,20.354,1.95398,15.3891,3.07394,13.6793,4.81683,16.0206,6.45949,26.6487,5.52501,49.4024,2.81261,60.3352,1.48415,49.34,1.12951,34.8076,1.20497,24.0044,1.61497,17.3348,2.46274,14.0867,3.91735,14.2457,5.81329,20.0732,6.42824,37.6701
30.2529,0.718598,0.0309682,7,127,0,-21.8563,1.32892,0.95714,0.033546,0.0293062,0.31359,0.444967,0.0146893,0.117359,7.6102,8.72701,32.0089,32.8147,0.38835,0.3949,0.486909,0.310008,10.8083,26.692,17.6105,23.8999,29.8598,24.5741,45.2074,31.2454,47.3524,46.4291,29.0052,60.115,14.1919,59.5364,8.32365,50.943,6.69283,41.4335,7.23737,33.4654,9.86973,27.6484,15.7226,24.2616,26.7008,24.0375,42.1857,29.0892,49.0723,42.597,33.4709,58.2492,16.4853,60.6979,9.11035,53.0431,6.83096,43.4106,6.95892,35.0245,6.40996,53.1716,3.08007,58.4945,1.63852,48.6974,1.22503,36.6968,1.2616,27.1197,1.64583,20.5367,2.50008,16.6902,4.08624,15.6075,6.53817,18.5287,8.65422,29.4887,7.10294,49.8455,3.55107,59.1118,1.7987,50.9471,1.25928,38.7907,1.22928,28.6648,1.54507,21.5422,2.29543,17.2047,3.7241,15.5699,6.03824,17.5493,8.43792,26.5846
28.5828,0.895065,0.0309682,7,127,0,-18.5619,1.22321,0.7553,0.0305862,0.0246692,0.349554,0.56176,0.0173488,0.133801,7.87779,9.01169,33.5361,25.7377,0.334845,0.392203,0.542922,0.28625,10.5701,27.6491,16.3066,24.4777,26.3575,24.8202,38.9394,30.88,42.1696,45.1575,28.2345,59.5235,14.8188,60.2524,8.97837,51.7723,7.30041,41.8669,7.86976,33.573,10.5495,27.6729,16.2667,24.4861,26.2943,24.8064,38.8831,30.828,42.2038,45.0684,28.3217,59.4801,14.8663,60.2811,8.99514,51.8241,7.30259,41.9151,7.86179,33.61,7.86808,47.8119,4.16925,60.7388,2.15502,51.7063,1.53172,37.3742,1.5044,25.9882,1.86364,18.4845,2.66632,14.1883,4.09987,12.617,6.31253,14.3198,8.70054,22.4751,8.5071,42.5655,4.89387,60.1693,2.43191,54.6553,1.60069,40.3445,1.47584,28.1149,1.75258,19.8136,2.44629,14.882,3.72416,12.7235,5.77307,13.5741,8.26886,19.841
31.5484,0.999321,0.0309682,6,63,0,-27.0195,1.18182,0.843814,0.0326922,0.0265554,0.340968,0.509766,0.0173743,0.122206,7.81946,9.27004,28.4838,26.1619,0.330833,0.363322,0.503144,0.291161,10.9213,23.7509,17.1364,21.4313,27.6165,22.3401,39.8759,28.6529,41.3939,42.4181,26.6849,55.1351,13.8758,55.0971,8.41913,47.1723,6.81871,38.1497,7.26655,30.5809,9.59207,25.0978,14.5991,21.9145,23.5969,21.5735,36.0848,25.7148,43.0656,37.102,32.3987,52.0189,17.2522,56.4533,9.67161,50.207,7.08458,41.1013,6.92027,32.9189,8.18622,48.1396,4.20872,61.4077,2.07908,52.9788,1.42608,39.0704,1.37699,27.733,1.71096,20.0383,2.49823,15.4795,3.96828,13.6871,6.34026,15.2941,8.98702,23.616,8.72933,44.0585,4.80316,60.993,2.29778,55.1939,1.48087,41.3237,1.35722,29.3843,1.62711,21.0997,2.32523,16.0519,3.66007,13.7888,5.88067,14.6951,8.62149,21.4619
35.682,0.855467,0.0309682,7,127,0,-23.3107,1.51415,0.691076,0.0592984,0.0219955,0.284858,0.707352,0.0141881,0.137131,6.632,8.81765,21.871,18.6838,0.26165,0.360098,0.318728,0.347457,9.20808,18.3525,15.0977,16.3173,26.3881,16.3513,41.8382,19.9569,45.9087,28.7554,28.6361,37.1856,13.7478,37.3042,7.81339,32.4507,6.13046,26.8594,6.56953,22.0587,9.03598,18.4805,14.7343,16.3708,25.7515,16.2892,41.2095,19.6874,46.2735,28.2849,29.5261,36.974,14.1861,37.4491,7.96057,32.7026,6.15394,27.0978,6.5109,22.2489,10.033,34.806,7.12117,57.9556,3.74071,58.7609,2.40845,43.3532,2.18673,29.0407,2.57573,19.7207,3.54545,14.6831,5.24534,13.1025,7.70898,15.593,9.92741,26.1995,8.78039,49.2025,4.9103,61.8052,2.78115,50.3699,2.19257,34.526,2.34463,23.0786,3.05586,16.3663,4.42538,13.3604,6.59349,13.8921,9.17939,20.2488,9.85917,38.4828
32.7063,0.970349,0.0309682,7,127,0,-29.777,1.42659,1.34596,0.0390292,0.043673,0.296682,0.315098,0.0152047,0.147664,7.1829,5.98987,32.72,32.5908,0.309645,0.256404,0.359871,0.329059,9.29433,27.489,14.1889,24.3181,23.3143,23.8922,36.0258,27.8473,42.1834,38.2455,30.6907,50.3709,16.3528,53.0985,9.39784,47.6069,7.08369,39.9529,7.13507,33.0064,9.14468,27.6894,13.8792,24.4123,22.7847,23.8326,35.4521,27.5303,42.2896,37.6371,31.4569,49.9617,16.8519,53.2077,9.5908,47.9446,7.12971,40.3041,7.09125,33.2964,3.67202,50.2275,1.41728,52.1257,0.660442,43.8413,0.459078,34.6238,0.462484,26.9943,0.623317,21.2952,1.03384,17.4887,1.93818,15.7624,3.68143,17.2165,5.76941,25.4797,5.01439,43.5171,2.16357,53.3974,0.880826,47.9069,0.512144,38.5206,0.442553,30.0943,0.530671,23.5522,0.812014,18.9189,1.45909,16.2247,2.80299,16.0417,4.95738,20.6422
30.9362,0.939111,0.0309682,7,127,0,-19.8978,1.8532,0.868883,0.0945031,0.0261503,0.224762,0.538669,0.0118518,0.166291,6.60452,8.51397,17.3091,27.7951,0.292551,0.370835,0.390617,0.431375,9.14948,15.1416,14.9342,13.8911,25.8128,14.0467,39.6744,16.5685,41.7627,21.8949,26.4163,26.3977,13.4185,26.4717,7.85456,23.8535,6.12111,20.6456,6.39587,17.7293,8.56251,15.4392,13.6922,14.0163,23.6711,13.8917,37.6827,15.9511,42.934,20.9296,29.2206,25.9522,14.9377,26.7175,8.41549,24.3561,6.24365,21.1598,6.23468,18.1663,6.45722,61.6433,2.41401,72.4572,1.06489,55.0469,0.768618,37.1459,0.82641,24.6605,1.15449,16.8948,1.88405,12.6009,3.31242,11.1873,5.77337,13.6898,8.44262,26.5385,6.70876,59.8503,2.55,72.9439,1.09844,56.1056,0.773243,37.9642,0.816935,25.1925,1.12885,17.2106,1.83105,12.7556,3.21259,11.185,5.61772,13.3961,8.35767,25.3562
30.5106,0.999531,0.0309682,7,255,0,-24.2033,1.14765,0.488961,0.0370097,0.0125664,0.387959,0.937652,0.0207299,0.18935,6.65135,9.0262,27.2268,28.4678,0.304873,0.294085,0.328929,0.274732,8.55819,21.5494,13.0217,18.1846,21.4062,17.4886,33.6956,20.9274,41.235,31.6008,30.3585,46.383,15.3628,49.9233,8.5472,42.8743,6.52476,33.8288,6.80472,26.267,9.01732,20.9182,13.9562,17.902,22.9997,17.6717,35.4667,21.9457,40.8673,33.7898,27.8511,47.8483,13.9072,49.315,8.05029,41.5573,6.44821,32.6126,6.99655,25.3541,8.51412,62.2998,5.11567,89.6649,2.91303,72.6481,2.27068,45.7211,2.36099,27.5256,2.919,17.6441,3.94062,13.1227,5.49359,12.4426,7.51518,16.6159,9.18262,32.2661,8.0714,68.9102,4.62216,89.4292,2.73533,68.1318,2.24807,42.1576,2.42036,25.4811,3.04893,16.6281,4.15061,12.7689,5.79068,12.7036,7.84689,18.0399,9.26522,36.7044
33.8052,0.816784,0.0309682,7,127,0,-21.7631,1.34674,0.544282,0.0421609,0.0171471,0.324668,0.764948,0.0170449,0.184949,6.70189,6.5018,27.9867,29.0225,0.278332,0.412271,0.293303,0.365834,8.85039,23.0229,13.8214,20.0848,23.2,19.7586,36.3977,23.697,42.2131,34.2974,29.0178,46.3992,14.612,48.07,8.32317,41.8597,6.45062,34.1768,6.78454,27.5794,9.08978,22.7481,14.3153,19.966,24.0443,19.8665,37.2654,24.2044,41.8626,35.25,27.786,46.9191,13.9394,47.7974,8.08986,41.3225,6.41311,33.667,6.87637,27.1809,6.01352,44.053,4.38862,53.9741,3.06136,49.4342,2.48646,38.0367,2.44833,27.7509,2.79528,20.859,3.48958,17.2654,4.51274,16.7634,5.70858,20.0768,6.50812,29.3035,5.98528,44.3882,4.35193,54.0256,3.04113,49.2164,2.48068,37.7818,2.45211,27.5613,2.80684,20.746,3.50872,17.2208,4.53828,16.79,5.73361,20.2067,6.51376,29.588
35.523,0.903257,0.0309682,7,127,0,-23.3881,1.13676,0.983219,0.0403511,0.0298676,0.376161,0.463121,0.0183158,0.11578,7.07981,8.2157,22.4106,24.4664,0.309577,0.344857,0.317412,0.295012,9.85061,17.8986,15.7812,15.4432,26.6165,15.4985,41.4805,19.8282,47.0576,31.6198,30.4068,45.1278,14.4231,45.921,8.11653,38.344,6.40139,29.9365,6.88242,23.1449,9.34584,18.3705,14.7704,15.6379,24.8936,15.3077,39.6084,18.9065,47.6688,29.6629,33.1319,43.9388,15.8543,46.5161,8.58616,39.472,6.47805,30.9573,6.71692,23.9137,8.34874,41.9457,4.86112,57.4112,2.37267,53.7931,1.5112,41.9584,1.36687,31.0491,1.63877,23.1643,2.37557,18.2927,3.81491,16.3382,6.16467,18.1709,8.58257,27.1605,7.79768,46.2111,4.1744,58.1101,2.10235,51.5868,1.44073,39.5209,1.39059,29.1786,1.74612,21.931,2.60298,17.6484,4.22203,16.3439,6.72491,19.2542,8.80568,30.3652
30.5924,0.750186,0.0309682,7,255,0,-24.8119,0.702128,0.968078,0.0141969,0.0308434,0.611406,0.471201,0.0347393,0.149982,7.88548,6.17316,30.4729,23.1036,0.303267,0.328197,0.354702,0.344169,10.9669,22.8066,16.446,19.7611,24.8919,21.8002,34.5231,33.3598,35.7728,64.2429,22.1925,97.5902,11.1528,92.1176,7.20423,67.8007,6.51524,46.4008,7.5957,32.0222,10.3909,23.6148,15.4747,19.9252,23.4988,21.0894,33.3073,30.7304,36.6576,58.4923,24.4347,94.8296,12.2105,94.9066,7.5085,71.3865,6.49202,49.0642,7.34084,33.6963,6.42729,38.5675,3.96722,53.3328,2.0047,51.1151,1.27933,40.3854,1.14298,30.0837,1.34676,22.5449,1.91464,17.8772,3.01154,16.0201,4.76359,17.7836,6.51699,26.1632,5.95357,43.424,3.31514,54.3581,1.72996,48.644,1.20468,37.5198,1.16532,27.8553,1.45357,21.0743,2.13858,17.1203,3.4032,16.0584,5.28144,19.1258,6.6955,29.9345
31.9733,0.98587,0.0309682,7,255,0,-25.4269,1.3543,1.12059,0.0751706,0.0349298,0.293987,0.438852,0.0154162,0.147435,6.8594,8.12351,15.5881,23.7538,0.319624,0.282527,0.318566,0.300912,9.09148,13.1023,14.0056,11.6173,23.0293,11.4495,35.6731,13.3939,42.46,18.5696,31.6269,24.9873,16.826,26.8498,9.3827,24.2783,6.76776,20.4101,6.49749,16.8105,7.95773,13.9727,11.6575,12.0703,18.9051,11.3224,30.5635,12.2952,41.5812,16.1255,37.6629,22.7142,21.9002,26.82,11.5274,25.5953,7.43358,21.9556,6.3936,18.1544,7.00662,51.3287,2.52667,64.9982,0.960163,52.7645,0.608642,37.9351,0.610821,26.6832,0.850212,19.0983,1.46125,14.5112,2.81157,12.6627,5.4301,14.7288,8.43726,26.9203,6.21151,55.92,2.10817,63.9863,0.861527,50.2573,0.592509,35.8707,0.632043,25.2435,0.916432,18.1795,1.61393,14.0272,3.13336,12.6605,5.96644,15.7027,8.59553,30.6811
30.1486,0.940235,0.0309682,6,63,0,-17.3669,1.46048,1.10941,0.0708868,0.0330061,0.308778,0.469432,0.0140441,0.150124,6.70981,6.58739,17.9847,18.0071,0.284233,0.289676,0.241303,0.324328,9.13464,14.7174,14.9961,12.7355,26.7979,12.4363,44.6269,15.0344,52.4202,22.4774,33.2551,30.7458,15.1883,31.2402,8.25887,26.8032,6.38479,21.7365,6.89428,17.4808,9.67257,14.3748,16.1648,12.5835,28.9291,12.5736,46.8887,15.7186,51.1879,23.7694,30.1329,31.3088,13.7641,30.8033,7.81453,26.1123,6.33557,21.11,7.11692,16.9975,8.54744,37.0287,4.57873,65.2387,1.57086,61.9843,0.803536,45.6842,0.686443,31.8094,0.862431,22.2671,1.39425,16.3996,2.59611,13.6799,4.98621,14.85,8.14372,25.0775,7.00631,53.7136,2.59392,67.1601,1.03887,53.7027,0.699756,37.9938,0.742372,26.3857,1.07816,18.8352,1.89886,14.6069,3.64965,13.6438,6.6884,18.292,8.51508,37.935
34.779,0.975274,0.0309682,6,63,0,-21.048,1.53874,1.16552,0.0647437,0.0339418,0.281747,0.434376,0.0147151,0.148186,6.32347,6.75311,21.5672,19.3352,0.279506,0.328471,0.288408,0.318149,8.21873,18.0623,12.8742,15.846,22.0916,15.359,35.9942,17.7142,43.8068,24.5335,31.3265,32.8448,15.7173,34.6904,8.58353,31.0264,6.30622,26.0205,6.33917,21.4975,8.27119,18.0126,12.9882,15.8211,22.2988,15.3708,36.2356,17.7903,43.7658,24.6866,31.0104,32.9447,15.5279,34.6595,8.51494,30.9435,6.29073,25.9362,6.3554,21.4281,8.31842,40.8742,3.93792,67.8125,1.29739,62.1218,0.664142,45.9991,0.568532,32.5245,0.717162,23.1033,1.17249,17.1257,2.23153,14.1262,4.44405,14.7376,7.73118,23.5112,7.3723,51.1826,2.75864,69.005,0.997376,57.2795,0.60279,41.4551,0.589427,29.2412,0.814889,20.9466,1.41049,15.8984,2.75584,13.8432,5.40888,16.1212,8.39193,29.6995
34.7911,0.824671,0.0309682,7,127,0,-30.3781,1.55564,1.12922,0.0572779,0.0381497,0.274126,0.42074,0.0145502,0.156838,6.26977,6.47322,23.9491,24.3829,0.262,0.373282,0.299857,0.378093,8.4403,20.2099,13.5165,17.9433,23.3447,17.7166,37.3695,20.9212,43.1106,29.2269,28.9727,38.159,14.3368,39.3328,7.99411,34.9043,6.02768,29.2868,6.1878,24.2831,8.19463,20.4447,12.9917,18.0538,22.407,17.6383,36.3426,20.5113,43.4247,28.453,30.3546,37.7082,15.1174,39.511,8.27366,35.3171,6.08879,29.7008,6.11581,24.6238,5.57317,43.7076,2.51448,53.4741,1.13635,45.7858,0.759988,34.6346,0.752849,25.5175,1.00171,19.1551,1.61714,15.3476,2.87501,14.1799,4.98755,17.082,6.68322,28.8041,4.69328,48.5244,1.97276,52.4568,0.976518,42.719,0.731838,31.895,0.793565,23.5267,1.12351,17.8786,1.88003,14.7475,3.36824,14.4434,5.62131,19.0981,6.56064,34.0983
34.7553,0.93644,0.0309682,7,127,0,-29.5529,1.26762,0.588799,0.0372028,0.0203102,0.314217,0.742712,0.0160253,0.199237,8.01616,6.28749,26.9675,24.6601,0.323543,0.247432,0.359251,0.289756,11.3272,22.9192,17.8975,21.0437,28.7726,22.2155,40.628,28.4439,40.3507,40.7843,25.3542,50.8061,13.382,50.0655,8.31369,43.2132,6.84008,35.5206,7.35335,29.0001,9.76253,24.2234,14.9268,21.4636,24.1632,21.3125,36.6601,25.3169,42.7709,35.6334,31.5798,48.1478,16.9605,51.4649,9.6566,46.111,7.12147,38.362,6.95432,31.2864,5.88194,40.7886,4.00927,52.4118,2.56473,47.2227,2.0019,35.0028,1.98113,24.5956,2.33306,17.883,3.04262,14.4467,4.12981,13.9598,5.46384,17.2575,6.36152,27.1426,5.59328,43.933,3.66921,52.6232,2.4043,45.1027,1.96527,32.821,2.01996,23.0773,2.43656,17.0185,3.21557,14.1308,4.36779,14.2301,5.69751,18.4785,6.37304,29.923
35.1336,0.939844,0.0309682,7,255,0,-26.9768,0.943585,0.599608,0.0276653,0.0188981,0.447696,0.73285,0.0252053,0.200032,7.48829,6.93392,26.8995,26.4086,0.373943,0.270351,0.254126,0.316866,9.93674,21.3231,14.8117,18.503,22.8862,18.8853,32.8254,24.3882,36.1946,38.245,25.4104,54.3016,13.6552,56.0305,8.3675,46.736,6.86477,35.9984,7.38067,27.4325,9.67862,21.6477,14.3391,18.6154,22.1672,18.7151,32.1441,23.7154,36.4576,36.9193,26.4805,53.464,14.3,56.4352,8.5982,47.5672,6.89728,36.7502,7.28281,27.9814,6.23993,49.7754,3.69414,64.7269,2.12595,54.3624,1.62869,37.5753,1.65748,24.9204,2.04113,17.2364,2.79902,13.3482,4.01046,12.5727,5.63433,15.7825,6.96373,27.2218,6.13933,50.95,3.58934,64.7137,2.08509,53.586,1.6209,36.8746,1.66769,24.4642,2.06733,16.9821,2.84438,13.2448,4.07794,12.6169,5.71251,16.078,6.98859,28.0672
32.6919,0.890601,0.0309682,7,127,0,-25.7606,0.996565,0.503552,0.0428314,0.016451,0.449843,0.826755,0.021462,0.151801,6.47262,8.68135,19.6808,28.7476,0.312749,0.431775,0.39311,0.306737,8.46656,14.678,13.1197,11.7301,22.1052,10.8133,36.6023,12.8368,49.5053,21.046,39.271,36.6451,18.2686,42.6765,9.0046,35.8012,6.41021,26.7563,6.49788,19.5294,8.54474,14.5809,13.2821,11.6816,22.4001,10.8207,37.0088,12.9457,49.614,21.3695,38.7086,36.9992,17.8957,42.6111,8.88634,35.5726,6.38713,26.5493,6.52428,19.3795,7.83935,45.3295,5.55713,55.0358,3.85591,48.4917,3.18719,35.8141,3.20696,25.2782,3.71757,18.5978,4.67412,15.2963,6.05233,15.0323,7.64375,18.6031,8.67675,28.5187,7.87005,45.0603,5.59363,55.0183,3.87454,48.6817,3.19173,36.0146,3.20244,25.4187,3.70566,18.6778,4.655,15.3259,6.0271,15.0103,7.61909,18.5028,8.67162,28.2919
32.4398,0.986338,0.0309682,7,127,0,-26.2342,1.06128,0.60644,0.0281091,0.0181216,0.409685,0.741026,0.0201771,0.111771,6.85961,13.2754,29.708,30.335,0.351266,0.357759,0.251367,0.317889,9.49531,23.1691,15.1508,19.5962,25.5409,19.4323,40.2789,24.9906,47.1733,41.4328,31.0389,62.3343,14.4028,64.1965,7.94664,52.7464,6.24528,40.2123,6.74521,30.3407,9.20282,23.5687,14.5668,19.7635,24.5393,19.2892,39.1441,24.2448,47.4632,39.7213,32.7041,61.2192,15.2645,64.7477,8.219,53.7624,6.28477,41.1032,6.64199,30.9922,10.9323,59.2493,5.81995,71.1072,3.33201,55.1293,2.68491,36.388,2.88795,23.5367,3.72277,16.1344,5.28746,12.6261,7.77145,12.3714,11.0497,16.8167,13.3175,32.163,10.5221,61.4189,5.51875,70.5094,3.23456,53.5338,2.67614,35.1487,2.93061,22.7807,3.81678,15.7346,5.4471,12.487,8.00741,12.5088,11.3091,17.5016,13.3239,34.1085
30.7804,0.933492,0.0309682,7,127,0,-23.7975,0.732493,0.423372,0.0262399,0.0148025,0.607826,1.02792,0.0322683,0.139137,6.89708,11.0606,17.6982,21.0855,0.28666,0.372962,0.318998,0.371096,9.71647,12.5301,15.1017,10.0976,24.2099,10.2515,36.758,14.863,43.5131,30.8434,28.3891,56.3955,12.4272,57.363,6.9692,41.9255,5.85816,27.8901,6.69393,18.515,9.27777,12.9764,14.3071,10.2553,22.935,10.0714,35.274,13.9363,43.7178,28.1059,30.8604,54.1618,13.6206,58.6288,7.29389,43.8057,5.87001,29.2793,6.51346,19.3834,11.1533,36.4454,8.68281,52.9774,5.95497,51.7709,4.65261,38.1185,4.46177,25.455,4.98778,17.4489,6.08726,13.4032,7.70506,12.4479,9.66046,14.8824,11.246,23.0701,10.8877,39.7522,8.14708,54.2911,5.62828,49.8315,4.55578,35.6667,4.50743,23.7504,5.13727,16.5066,6.32981,13.0309,8.02629,12.5904,9.99187,15.7743,11.3729,25.3364
34.3041,0.910475,0.0309682,7,127,0,-21.6237,1.2177,0.644464,0.0275456,0.0180914,0.353051,0.659648,0.0177354,0.178464,7.73787,7.27428,37.63,36.6861,0.353955,0.340138,0.336077,0.286389,10.2417,30.8993,15.6711,27.171,25.2886,27.2654,37.6893,33.5038,41.8151,48.8391,28.7529,65.2672,15.1597,66.922,9.08594,57.7721,7.29136,46.7342,7.77521,37.4184,10.3409,30.7617,15.865,27.1189,25.5986,27.3355,37.9773,33.7837,41.6683,49.3364,28.3172,65.529,14.9144,66.771,8.99849,57.4816,7.2788,46.4613,7.81392,37.2087,5.63832,62.5318,3.10646,69.5737,1.88616,55.1299,1.54951,38.3976,1.65709,26.2906,2.11038,18.9242,2.96511,15.2861,4.31759,15.0195,6.07444,19.577,7.27031,34.0707,5.949,59.878,3.33802,70.2611,1.96906,57.1831,1.56136,40.1347,1.62693,27.4308,2.0392,19.5692,2.84218,15.5387,4.13447,14.8561,5.86801,18.6779,7.22816,31.657
35.4404,0.996351,0.0309682,7,127,0,-29.899,1.1733,0.69753,0.0406731,0.0225159,0.38268,0.679981,0.0180425,0.184545,6.51028,6.21907,23.9638,19.6895,0.335428,0.309074,0.324728,0.371215,8.90115,18.7155,14.4112,15.6567,25.1681,15.1147,41.6766,18.7421,51.2072,30.4836,34.0145,46.3474,15.1755,48.3024,8.01278,40.1087,6.13261,30.9348,6.58903,23.5967,9.12036,18.4767,14.8714,15.5487,25.9998,15.1844,42.6672,19.1603,50.9501,31.4577,32.6073,46.9417,14.4962,47.9792,7.80659,39.551,6.10582,30.4472,6.67448,23.2373,6.92645,34.6968,5.01537,54.7299,2.77592,55.8464,1.82486,42.5467,1.64116,29.4403,1.89332,20.5446,2.54926,15.5771,3.6962,13.9269,5.34056,16.1481,6.83737,25.522,6.27126,45.3849,3.76517,58.248,2.17595,49.9575,1.66948,35.6796,1.71652,24.5463,2.15955,17.6748,3.04305,14.3629,4.4521,14.4125,6.18484,19.4936,6.9382,34.2521
31.6774,0.991355,0.0309682,7,127,0,-26.176,1.52704,0.692935,0.0586354,0.0221171,0.264784,0.576653,0.0135138,0.104411,6.87016,10.003,21.5558,37.6234,0.255729,0.48378,0.311354,0.286593,9.8462,18.4662,16.2449,16.8186,27.8891,17.2793,42.3116,21.3644,43.8312,30.1077,26.8876,37.5781,13.2769,37.4156,7.7093,32.8736,6.03527,27.6036,6.33523,22.9856,8.45694,19.4461,13.3849,17.2248,22.9789,16.793,37.4027,19.3219,46.01,26.533,33.7854,35.6421,17.1129,38.2565,9.10671,34.7478,6.36703,29.4932,6.03309,24.5607,7.23474,52.9518,4.31361,53.6971,2.91812,43.4882,2.53324,32.2695,2.74176,23.7704,3.45878,18.3728,4.765,15.7664,6.7416,16.0595,9.07814,20.6219,10.2539,32.4594,8.27569,49.3103,5.04508,55.1834,3.20613,47.0471,2.5767,35.4747,2.62485,26.0241,3.18307,19.7106,4.29669,16.2754,6.07119,15.6159,8.38528,18.6149,10.1713,27.9318
28.6875,0.826934,0.0309682,7,127,0,-19.2105,0.877571,0.662039,0.0227705,0.0208556,0.467569,0.593471,0.0228613,0.132113,7.69339,8.28407,26.3333,34.2632,0.333483,0.241519,0.351165,0.490839,10.9454,20.3233,17.2253,17.4457,27.8554,18.1339,41.6387,25.1392,46.4938,44.7784,29.8922,69.0902,14.0523,69.9958,7.99853,55.6924,6.43692,40.9395,6.97086,29.8001,9.31432,22.404,14.1834,18.2528,22.9047,17.323,35.9895,21.1405,46.9678,34.8508,38.3926,60.7142,19.1587,72.6893,9.68393,62.1624,6.75863,46.6525,6.54408,33.9054,6.52068,51.652,3.96114,56.5676,2.56031,47.4309,2.0969,35.3762,2.1611,25.7688,2.62909,19.4466,3.53681,16.0576,4.96175,15.4594,6.80334,18.5341,8.23487,28.0204,7.50249,45.16,4.88795,56.8214,2.97613,51.9969,2.20354,40.0563,2.08495,29.2166,2.3932,21.6009,3.11508,17.0853,4.32733,15.3409,6.04357,16.7341,7.81623,23.2136
31.2989,0.992292,0.0309682,7,127,0,-22.5788,0.81889,0.838995,0.0316425,0.0265346,0.555562,0.530064,0.0275482,0.187028,7.74885,5.8872,21.1637,24.3769,0.304844,0.41216,0.247603,0.394397,9.92781,15.4151,14.6134,12.317,22.8187,11.7267,34.4872,14.7427,42.7325,25.1322,33.0569,42.8663,16.8283,48.1476,9.44781,38.954,7.46504,27.9968,8.01661,19.7891,10.6293,14.6036,15.9288,11.9911,24.9213,11.9655,36.8388,16.0463,42.5005,28.4234,29.4544,45.5461,14.6825,46.9923,8.76619,36.6668,7.41059,26.1148,8.3623,18.5349,5.61002,44.1413,3.1459,59.2753,1.58293,53.0828,1.0696,39.6265,1.01429,28.2023,1.24115,20.4089,1.78699,15.8505,2.79394,14.1967,4.36508,16.1901,5.95652,25.3105,5.48301,45.623,2.99874,59.447,1.52642,52.2625,1.05568,38.7813,1.02084,27.5857,1.26583,20.0201,1.83662,15.6545,2.87926,14.1971,4.4817,16.5062,6.01666,26.3004
36.4054,0.793473,0.0309682,7,127,0,-24.3828,0.891309,0.714775,0.0230432,0.022491,0.46613,0.619096,0.0256898,0.139627,7.72639,8.83621,27.4606,25.105,0.333104,0.302608,0.30364,0.274013,10.7534,21.7432,16.459,19.2186,25.6117,20.5498,36.0786,28.6061,37.2844,47.7229,23.685,66.5943,12.1943,65.0946,7.64547,52.1348,6.55022,39.0627,7.32471,29.1875,9.88018,22.7437,14.8993,19.4941,23.2826,19.821,34.0139,25.9569,38.5437,42.5842,27.1685,63.872,14.0437,67.0121,8.26046,55.2801,6.60814,41.7455,7.00901,31.0869,8.20965,46.6865,4.71638,62.2692,2.51789,54.2745,1.80263,39.0707,1.77018,26.8444,2.1781,18.9463,3.07005,14.6208,4.60798,13.3415,6.84337,15.874,8.90989,26.0478,8.03976,48.1398,4.52758,62.3662,2.44469,53.4015,1.78615,38.2236,1.7826,26.2585,2.21633,18.5976,3.14166,14.4604,4.72295,13.3671,6.98899,16.2046,8.97256,27.0412
34.9013,0.999656,0.0309682,7,127,0,-32.5697,0.770894,0.549337,0.0252924,0.0169587,0.62146,0.781746,0.0304046,0.119131,7.27415,11.3808,23.5903,27.4462,0.289472,0.420677,0.265468,0.306975,9.57867,16.2829,14.4811,12.5093,23.1809,11.7797,35.9834,15.4387,45.5016,29.5321,33.3993,55.9689,15.2759,61.3153,8.35968,46.1692,6.87132,31.0128,7.80137,20.7167,10.8611,14.6893,16.8748,11.9201,27.0508,12.3418,40.331,18.4561,44.3434,37.873,26.3014,61.507,11.9942,57.2004,7.50296,40.6978,6.95733,27.0645,8.55332,18.3102,10.5028,48.0597,6.91728,62.5135,4.32307,54.8076,3.37473,39.1827,3.36909,26.6054,3.99655,18.7698,5.23299,14.7896,7.13103,14.0421,9.53777,17.3009,11.4125,28.0074,10.4028,48.8488,6.79408,62.5903,4.26637,54.2898,3.36162,38.6623,3.38109,26.2529,4.02936,18.5706,5.28829,14.7092,7.20936,14.0779,9.6233,17.5209,11.4404,28.5835
34.6735,0.782442,0.0309682,7,127,0,-27.4659,0.741504,0.352909,0.0262074,0.0111373,0.594322,1.18266,0.0298146,0.166997,7.61647,10.4838,20.8944,26.3441,0.334241,0.327517,0.333815,0.303056,10.0691,14.9355,14.9578,11.8852,23.2603,11.4861,34.9173,15.0124,43.2601,27.3025,33.2351,49.648,16.3969,56.3788,9.01003,44.5267,7.0742,30.9821,7.56486,21.1708,9.94466,15.0942,14.7302,11.9497,22.8968,11.4477,34.482,14.7781,43.2064,26.6333,33.8949,48.9325,16.8353,56.5785,9.1502,45.0444,7.09343,31.409,7.51556,21.4521,10.0375,46.2532,7.65023,62.9996,5.47548,56.8235,4.55026,39.5924,4.52818,25.6426,5.09454,17.4281,6.12227,13.5454,7.54075,12.929,9.17434,15.9898,10.4465,25.5272,10.1246,44.9794,7.79953,62.6237,5.56305,57.6563,4.57398,40.5322,4.51208,26.2615,5.05015,17.7573,6.05394,13.6714,7.45333,12.8792,9.0845,15.688,10.404,24.7449
37.3896,0.994462,0.0309682,7,127,0,-31.7877,1.15807,0.482694,0.0275549,0.0150993,0.377954,0.853397,0.0183586,0.149423,6.96775,9.25648,33.4426,29.1181,0.296573,0.360128,0.276482,0.270701,9.76589,26.6206,15.8289,22.9263,27.0282,23.0747,42.3715,29.8771,47.2789,48.2869,29.3272,68.2224,13.6355,68.0924,7.75428,56.2066,6.26594,43.6254,6.92797,33.6482,9.66529,26.751,15.6265,22.9764,26.6842,23.0097,42.0215,29.5882,47.4698,47.7089,29.8474,67.947,13.8784,68.3019,7.82967,56.5309,6.27327,43.9071,6.88936,33.8558,8.42981,47.9716,5.90831,59.9768,4.00964,52.7539,3.26715,38.2494,3.26877,26.3585,3.78347,18.9056,4.76018,15.1593,6.18812,14.5546,7.90425,17.749,9.2008,27.4979,8.63925,45.8168,6.18525,59.6511,4.15389,54.1719,3.30522,39.7889,3.24161,27.4331,3.70496,19.5204,4.6314,15.4119,6.01303,14.4628,7.71779,17.153,9.12203,25.9965
32.4132,0.966408,0.0309682,7,127,0,-27.636,1.71115,0.685445,0.0681649,0.021193,0.228103,0.626699,0.0103819,0.171383,7.96842,6.75974,21.3918,29.1318,0.311011,0.399592,0.304446,0.329303,11.2859,18.7726,18.3817,17.3591,31.1317,17.7759,46.5804,21.2354,48.4208,28.2481,31.0324,34.2277,16.0072,34.4992,9.35299,31.1549,7.14361,26.9498,7.21305,23.0756,9.25391,19.97,14.1873,17.8963,23.9247,17.2752,39.1137,19.0132,50.4471,24.3828,40.9457,31.7938,22.4171,35.0414,11.925,33.0852,7.8976,29.0834,6.94422,24.9586,5.96525,48.0321,3.69012,58.7332,2.23216,51.2508,1.7198,38.0527,1.72148,27.1545,2.08609,20.0066,2.83638,16.2015,4.04614,15.5079,5.62709,18.9361,6.7775,29.8087,5.87827,48.8418,3.60231,58.7285,2.19452,50.7077,1.71129,37.5114,1.72996,26.7703,2.10993,19.7777,2.87859,16.1062,4.10869,15.5561,5.69563,19.2183,6.79104,30.5047
33.4693,0.998535,0.0309682,6,63,0,-28.5792,1.835,0.685324,0.074423,0.0217312,0.224168,0.626142,0.0103746,0.179153,7.97726,7.0807,22.3104,29.5078,0.304884,0.414033,0.3139,0.333556,10.5716,19.5872,16.5166,17.9492,27.5631,17.9422,42.0188,20.5849,46.4349,26.4736,32.169,32.1351,17.3147,32.9795,10.1917,30.2285,7.74108,26.4408,7.76956,22.861,9.93581,19.9861,15.1821,18.134,25.2787,17.79,39.7167,19.8925,47.1712,25.3135,35.2347,31.4527,19.2761,33.1751,10.9829,30.8261,7.95191,27.0947,7.62152,23.4326,5.8066,52.4139,3.1673,62.0109,1.80824,50.7361,1.40594,35.8468,1.45771,24.6422,1.84021,17.6143,2.60604,13.9334,3.87253,13.2005,5.62232,16.4413,7.04074,27.8449,6.03869,50.3845,3.36438,62.2436,1.88058,52.1167,1.41967,37.0814,1.4392,25.4761,1.79122,18.102,2.51764,14.1464,3.73473,13.1345,5.45446,15.904,6.97888,26.2975
32.3505,0.950362,0.0309682,7,127,0,-24.5449,1.78067,1.00195,0.0546248,0.0317389,0.24472,0.481712,0.0130692,0.195728,6.46584,6.21155,29.3872,24.5468,0.323561,0.205648,0.333692,0.288914,8.66123,25.3354,13.8877,22.8868,23.9793,22.8107,37.6376,26.7245,41.2564,35.8069,26.7754,44.1977,13.5565,44.6244,7.89294,39.9454,6.18515,34.1912,6.5564,29.0366,8.92799,25.0894,14.4559,22.7846,24.9564,22.9397,38.5164,27.2377,40.6502,36.598,25.5124,44.521,12.9094,44.3841,7.66503,39.518,6.15011,33.7719,6.6577,28.6929,5.29229,50.6546,2.1522,63.4955,0.915722,51.606,0.617716,36.7589,0.632563,25.5712,0.867777,18.2213,1.42818,13.9938,2.57015,12.6286,4.55351,15.4561,6.41959,28.7136,4.58428,56.0186,1.75143,62.1774,0.81131,48.3652,0.602289,34.1006,0.661981,23.7579,0.950869,17.1096,1.60593,13.4672,2.90977,12.7703,5.03801,16.9899,6.43684,33.7466
33.781,0.992811,0.0309682,7,127,0,-21.8362,1.2138,0.693866,0.040251,0.0223018,0.332389,0.613838,0.0157862,0.12832,7.17793,8.82251,22.5562,26.5145,0.316523,0.431524,0.296885,0.349357,10.6314,18.5519,17.7884,16.5473,30.6794,17.2545,47.0756,22.9136,49.2009,36.4112,28.7039,48.8816,13.2088,48.0014,7.472,40.1926,5.91141,31.9309,6.34391,25.1716,8.61282,20.2583,13.7202,17.2465,23.6349,16.4822,39.3424,19.3193,51.5942,28.9514,39.7493,44.2068,19.1324,49.919,9.46343,44.2903,6.35224,35.8064,5.92568,28.2242,8.11824,44.1203,5.14303,56.2094,3.04868,50.5885,2.2656,38.1131,2.19959,27.3166,2.61322,20.0367,3.51962,15.9812,5.02239,14.8621,7.07417,17.4128,8.81989,26.475,8.125,44.066,5.15131,56.2019,3.05249,50.6209,2.26662,38.1485,2.19905,27.3427,2.61136,20.0527,3.51621,15.9887,5.01716,14.8608,7.06796,17.3981,8.81726,26.4357
31.8093,0.81561,0.0309682,6,111,0,-23.3808,0.82801,0.891313,0.0272448,0.0289647,0.546752,0.508357,0.0285432,0.110881,6.96216,9.13103,20.1789,24.8578,0.308365,0.378085,0.365412,0.377375,9.96659,14.7914,15.8742,12.2746,26.0395,12.7776,39.4836,18.8282,43.5141,37.4762,25.5155,59.8449,11.2901,56.7965,6.70724,41.9104,5.90611,28.8849,7.00656,20.0206,10.0634,14.7042,16.053,12.2492,26.3239,12.8358,39.7637,19.0793,43.3162,38.0693,25.0535,60.0828,11.1084,56.5049,6.66035,41.5735,5.91205,28.6383,7.05191,19.864,8.63023,41.7168,5.06195,53.8945,2.69773,48.9186,1.8762,37.5552,1.79398,27.5512,2.19481,20.5821,3.14703,16.5476,4.86771,15.396,7.38966,18.1754,9.4129,28.2632,7.85616,46.1156,4.28811,54.0123,2.39262,46.2618,1.80516,34.843,1.849,25.5487,2.37098,19.3277,3.4902,15.9839,5.42772,15.6325,8.03953,19.7973,9.44977,32.279
28.5178,0.995082,0.0309682,7,127,0,-20.7766,0.538244,0.766008,0.0100843,0.0235636,0.822543,0.611769,0.0455023,0.181633,8.84311,6.12449,27.8124,22.8366,0.363225,0.303624,0.354459,0.392499,11.9964,19.4955,17.2068,16.4991,24.8135,18.6892,33.5163,31.0656,35.6509,69.2752,22.9451,119.975,11.6072,111.764,7.7528,74.8146,7.30374,45.9116,8.65656,28.8265,11.6579,19.969,16.6758,16.5712,24.0872,18.2376,32.8612,29.3144,36.0657,64.7014,24.2577,117.458,12.2124,114.443,7.90557,77.817,7.26347,47.854,8.48148,29.8982,6.40907,40.2294,4.196,58.4165,2.25904,55.7558,1.52677,42.0824,1.42108,29.6362,1.69256,21.2143,2.35032,16.502,3.50717,15.1086,5.16712,17.918,6.5574,28.6846,5.6731,49.4327,3.21573,59.856,1.84288,50.3845,1.42912,36.4322,1.49201,25.6199,1.91522,18.8287,2.76678,15.5084,4.15507,15.6406,5.88059,21.1176,6.55702,36.6696
27.9152,0.995414,0.0309682,7,127,0,-22.8242,0.572561,0.723406,0.00982184,0.0231188,0.760793,0.587146,0.0357719,0.163754,8.52602,6.82383,30.7677,25.4683,0.309424,0.278622,0.309262,0.393298,11.8151,20.5598,17.5626,16.1086,26.652,16.4168,39.0017,24.6682,47.8941,56.4757,35.0594,125.697,15.5741,140.159,8.47031,97.9933,7.00162,59.8308,7.82687,36.2575,10.4251,23.3528,15.2154,17.1307,23.0443,15.7046,34.4636,20.325,46.2469,40.7747,42.412,100.795,20.8972,145.876,9.97951,114.036,7.17711,71.478,7.3379,43.0455,6.42541,43.5474,3.99655,57.256,2.25851,52.1483,1.61251,39.3797,1.53239,28.1639,1.81227,20.4936,2.4621,16.0757,3.58225,14.5548,5.19957,16.5149,6.76667,24.6958,6.5277,42.3559,4.13889,56.9919,2.32426,52.8,1.6311,40.1287,1.52649,28.725,1.78638,20.8479,2.41217,16.2538,3.50198,14.5609,5.09569,16.2692,6.70313,23.9607
28.771,0.92276,0.0309682,7,255,0,-21.7144,0.857712,0.775471,0.0276141,0.0237,0.503929,0.571037,0.0305977,0.100668,6.4065,11.4422,22.3088,30.0658,0.383282,0.501057,0.324861,0.258979,8.84493,16.938,13.6271,14.3273,21.6896,14.7243,32.0831,20.2502,35.8299,35.8901,23.461,55.2906,11.383,55.7105,6.72802,43.8044,5.61961,31.787,6.27197,22.9479,8.5401,17.3093,13.0673,14.4526,20.8109,14.5294,31.1888,19.4117,36.1807,33.9864,24.8999,54.1149,12.1228,56.4489,6.95766,44.9963,5.63676,32.7626,6.15035,23.6137,9.56403,51.0394,5.29021,60.4766,3.00193,50.9101,2.29935,37.2329,2.36522,26.4696,3.00034,19.494,4.31418,15.8098,6.52523,15.2866,9.51884,19.3044,11.4931,32.166,9.06778,53.2522,4.90515,60.0714,2.8622,49.3107,2.27559,35.794,2.40939,25.4763,3.1136,18.9093,4.52028,15.5802,6.84295,15.4675,9.86309,20.2291,11.4754,34.4198
27.1968,0.991743,0.0309682,7,127,0,-20.7668,1.0648,0.478532,0.0329385,0.0156271,0.354214,0.908614,0.0205107,0.135798,9.20758,10.3611,27.3349,23.8833,0.336235,0.336766,0.281181,0.340116,11.5846,23.6681,15.9456,21.9453,22.3351,22.7392,28.8465,27.0627,30.2158,35.2869,23.7068,43.4826,15.5633,45.4789,10.6557,41.5062,8.6983,35.3791,8.67818,29.5858,10.2645,25.1421,13.6626,22.4721,19.18,22.0047,26.0937,24.5556,30.6034,31.1102,27.4346,40.1711,19.0475,45.4889,12.4806,43.8333,9.31417,38.2724,8.48369,32.132,10.2395,40.1908,7.69017,55.6789,5.17912,53.0122,4.04339,39.4034,3.90393,27.0083,4.42136,19.0349,5.49527,14.9516,7.09666,14.092,9.03809,16.967,10.525,26.1621,9.9217,43.6423,7.15958,56.6769,4.87932,50.9132,3.95932,36.9129,3.95329,25.2571,4.57311,18.048,5.74416,14.5676,7.4299,14.2887,9.37566,18.0352,10.6192,28.7488
26.9351,0.994133,0.0309682,7,127,0,-18.2283,1.16582,0.613503,0.0207348,0.019089,0.39065,0.749876,0.0173301,0.194813,7.14359,7.17879,43.688,23.1734,0.379094,0.335655,0.452857,0.412872,10.2952,34.2425,17.2463,29.2041,30.4379,29.5571,48.7875,39.7069,53.0428,67.8495,29.8853,95.7789,13.0576,91.9498,7.48061,73.6017,6.30716,55.9027,7.35734,42.4543,10.8243,33.4824,18.3283,28.9448,32.2952,30.0492,50.5123,41.7759,51.4547,71.736,27.3148,96.8695,12.0757,90.2463,7.2116,71.5361,6.3236,54.2292,7.59801,41.2731,7.01389,45.9307,4.27767,66.1584,2.3318,57.8909,1.69526,39.9093,1.68443,26.0171,2.06742,17.6062,2.85773,13.3403,4.1512,12.3637,5.92741,15.5049,7.4187,27.395,6.46244,52.8543,3.63518,66.4759,2.08549,53.46,1.64973,35.9175,1.74475,23.4634,2.22233,16.2118,3.12821,12.7975,4.55613,12.6674,6.38713,17.3369,7.49668,32.6416
34.3675,0.961002,0.0309682,7,127,0,-21.567,1.41444,0.703629,0.0921983,0.0208005,0.311445,0.628744,0.0163118,0.143663,6.42603,8.09417,13.2661,27.0862,0.242271,0.30133,0.330833,0.289842,8.71322,10.9589,14.0019,9.6091,24.1262,9.53151,38.2938,11.6043,43.2273,16.9864,27.899,22.5988,13.5194,22.8962,7.68988,19.7676,6.05699,16.137,6.52307,13.0637,8.9844,10.8229,14.5685,9.55293,25.1057,9.59583,39.2545,11.886,42.6668,17.4875,26.5178,22.8233,12.8411,22.7317,7.46606,19.4921,6.02916,15.8824,6.6307,12.866,7.70401,46.7509,4.86124,62.0364,2.78737,56.2136,2.02713,41.8832,1.9621,29.5657,2.35088,21.3811,3.20979,16.8939,4.64837,15.7241,6.62448,18.7656,8.24577,29.5847,7.33221,50.2965,4.41773,62.412,2.59454,54.0521,1.98047,39.6363,1.99586,27.9638,2.45538,20.4228,3.40032,16.4782,4.93902,15.8767,6.95638,19.8481,8.32548,32.4013
32.3428,0.998295,0.0309682,7,127,0,-25.2968,1.31956,1.17725,0.0238718,0.0378605,0.31062,0.378092,0.0162718,0.1682,7.6448,6.06068,45.1794,29.4928,0.372461,0.293765,0.378924,0.404712,10.6277,38.2965,16.7316,34.8872,27.0849,36.3152,38.8418,45.707,39.3695,64.9187,25.0785,81.0796,13.2485,80.3189,8.20466,69.6191,6.74883,57.4427,7.28831,47.0867,9.75754,39.5289,15.0579,35.2878,24.4761,35.4631,36.6597,42.7671,40.8959,60.2225,28.5392,78.8879,15.1563,81.7354,8.90383,72.28,6.87104,60.0077,7.02039,49.129,4.28157,50.8877,1.69807,56.2381,0.770582,46.6683,0.530359,35.4947,0.536386,26.5362,0.72486,20.1582,1.19184,16.1433,2.18194,14.5478,3.99204,16.5519,5.94426,26.5623,4.80006,47.7413,1.99193,56.879,0.854555,48.5707,0.548099,37.2224,0.523396,27.8349,0.678751,21.044,1.08704,16.6491,1.96761,14.6187,3.63632,15.8469,5.73127,24.034
33.2823,0.900866,0.0309682,7,127,0,-26.0815,0.918928,0.979937,0.0294401,0.0285976,0.454967,0.463609,0.022631,0.162263,7.54162,6.87591,23.9862,26.3284,0.274708,0.324966,0.41162,0.404108,10.1775,18.5207,15.5299,15.6199,24.8121,15.5146,37.4993,19.8746,44.4465,32.7645,32.1,51.0967,16.0752,55.0583,8.99694,45.7477,6.93727,34.5568,7.21844,25.6447,9.36443,19.5546,13.9807,16.0663,22.2651,15.2387,34.5073,18.2814,44.3068,28.8281,36.331,47.44,18.9777,55.8226,10.0262,48.3706,7.15678,37.0115,6.99151,27.4576,6.22598,51.1901,2.85928,66.7957,1.24954,57.1886,0.806506,42.1465,0.772791,30.0245,0.990957,21.7148,1.53585,16.6729,2.63656,14.5713,4.57434,16.2545,6.85195,26.0703,6.27124,50.7652,2.89985,66.7922,1.26206,57.4143,0.809296,42.3594,0.771393,30.1788,0.985598,21.8148,1.52419,16.7273,2.61415,14.5796,4.53871,16.1867,6.82728,25.8162
32.2123,0.947486,0.0309682,6,63,0,-26.5136,1.03129,0.912698,0.0281354,0.0326841,0.439093,0.463108,0.0216652,0.154401,7.36349,6.33586,30.6403,29.4806,0.275758,0.302281,0.453811,0.384031,9.69189,23.6618,14.8614,19.7749,24.2767,19.3082,37.5357,24.2455,44.3941,39.1013,30.9216,58.7628,15.2312,61.4075,8.71208,50.6493,6.99999,38.4975,7.65493,28.9814,10.4629,22.6324,16.3717,19.3766,26.7515,19.7537,40.0444,26.2878,43.2646,43.3487,27.0955,61.0431,13.296,59.8123,8.1067,48.094,6.97034,36.3299,8.03006,27.452,4.65245,44.6485,2.44291,47.9517,1.42108,40.1294,1.11841,30.5413,1.17196,22.8534,1.51649,17.6282,2.23982,14.7396,3.49598,14.3333,5.23411,17.6444,6.35248,27.7717,4.94279,43.2387,2.63688,48.3477,1.49125,41.2498,1.13172,31.5797,1.15138,23.615,1.45998,18.1099,2.1319,14.9551,3.32041,14.2293,5.02846,16.9859,6.32936,26.1634
35.4991,0.999383,0.0309682,7,127,0,-29.5673,1.14709,1.05525,0.0369335,0.0327856,0.366586,0.45164,0.019815,0.141146,7.54208,7.85873,25.233,24.2992,0.337666,0.328165,0.429554,0.346873,10.2195,20.7767,15.6921,18.5108,24.9496,19.0685,35.9666,24.237,37.9742,35.903,25.1734,47.1613,13.378,47.3177,8.27062,40.2946,6.83079,32.3032,7.41056,25.7071,9.89871,21.075,15.0867,18.6084,24.0182,18.8769,35.1641,23.5484,38.4863,34.726,26.4586,46.5825,14.0891,47.7005,8.52388,40.9881,6.86451,32.9451,7.29237,26.1957,7.14592,47.9064,3.11357,62.2536,1.30987,52.7746,0.841837,38.792,0.821619,27.6731,1.0886,20.0859,1.75753,15.5347,3.146,13.8252,5.61521,16.1214,8.17316,27.6869,6.37463,52.7594,2.58171,61.6489,1.16093,50.0416,0.813821,36.3822,0.849838,25.9597,1.1786,18.9944,1.95468,14.9797,3.53004,13.8755,6.18839,17.3421,8.3039,31.7406
31.2857,0.864355,0.0309682,7,127,0,-25.779,0.81648,0.984874,0.0181829,0.0333437,0.528804,0.494315,0.0259572,0.194136,7.75421,5.39056,35.673,19.6685,0.29912,0.277676,0.313563,0.372337,10.0509,26.3691,14.8287,21.3249,23.1176,20.3879,34.9187,25.3926,43.7073,42.4532,34.8947,72.5439,18.0683,84.0154,9.88207,69.8802,7.46147,51.1795,7.66366,36.5445,9.80869,26.8991,14.3714,21.5608,22.3718,20.296,34.0054,24.7198,43.5107,40.6134,36.157,70.4782,19.0409,84.3078,10.2266,71.2683,7.5306,52.4511,7.58313,37.4433,5.7791,37.4954,3.12952,55.3122,1.36145,50.6893,0.831903,37.8165,0.765506,26.809,0.959812,19.2545,1.46875,14.7734,2.49113,13.0982,4.2221,15.1606,5.95282,25.2834,4.85535,46.9059,2.18464,55.6819,1.05565,45.5239,0.768744,32.9004,0.814351,23.3073,1.12177,17.0751,1.81071,13.737,3.11523,13.3571,5.0518,17.9064,5.98675,33.3433
34.4764,0.994939,0.0309682,7,127,0,-27.0376,0.952757,1.04675,0.0306412,0.032291,0.454475,0.451331,0.0217605,0.199595,7.3708,5.52464,21.7415,23.301,0.276915,0.283836,0.300831,0.322368,10.675,16.7169,17.3287,14.2817,29.0224,14.8596,44.3601,20.9693,48.0749,38.0559,28.1928,56.6057,12.6555,54.6881,7.33801,42.6498,6.17728,31.2187,7.05596,22.8116,9.95742,17.3497,15.9538,14.4968,26.7574,14.4989,42.0232,19.3875,49.3206,34.505,31.8529,54.8204,14.2751,56.1372,7.80898,44.6932,6.20621,32.8731,6.79171,23.9587,5.27337,46.8329,2.34044,63.453,0.95227,54.5847,0.5889,40.1892,0.558085,28.5941,0.724688,20.6245,1.15606,15.7546,2.06306,13.69,3.72762,15.3233,5.70509,25.2892,4.94843,50.2091,2.07071,63.3628,0.875525,52.8186,0.572934,38.5749,0.567869,27.4336,0.760336,19.8742,1.23562,15.3501,2.2215,13.6499,3.98311,15.9306,5.84223,27.5539
33.142,0.99934,0.0309682,7,127,0,-26.7258,1.0729,0.359795,0.0324949,0.0116709,0.415746,1.13929,0.0202538,0.126817,7.16358,13.0872,26.0256,28.2737,0.367531,0.379264,0.408023,0.280186,9.93354,20.335,15.8721,17.3081,26.6709,17.4083,41.3617,22.8582,46.3088,38.0158,28.9976,55.0271,13.5806,54.7862,7.84833,44.4129,6.47982,33.7275,7.29176,25.5034,10.2504,20.0141,16.496,17.1938,27.7027,17.5859,42.3635,23.6138,45.6625,39.5207,27.4558,55.6765,12.886,54.1803,7.64065,43.556,6.47423,33.013,7.43158,24.9967,12.1956,46.2372,9.33362,58.4569,6.92232,51.6909,5.91425,36.8366,5.9435,24.787,6.68156,17.5503,7.98324,14.1565,9.74271,13.8858,11.6897,17.3105,13.0409,26.9306,12.3914,44.4471,9.61928,58.1147,7.08746,52.9256,5.95781,38.2001,5.90719,25.7077,6.58671,18.049,7.83929,14.3388,9.56265,13.7756,11.5142,16.7784,12.9761,25.6683
31.7869,0.951702,0.0309682,7,127,0,-24.475,1.00709,0.348535,0.0257515,0.00993802,0.447475,1.28081,0.022896,0.165874,6.02416,11.2678,32.7489,26.9054,0.328552,0.389709,0.284026,0.365044,7.95577,24.4745,12.4295,19.6364,21.0653,18.2396,34.8936,21.9423,46.5205,36.4446,35.6151,62.7474,16.2683,71.3677,8.11219,59.2519,5.88683,44.1751,6.07311,32.2703,8.1014,24.1689,12.7311,19.4877,21.6111,18.2753,35.6281,22.3217,46.6418,37.5356,34.5741,63.821,15.6396,71.0887,7.91775,58.5114,5.85268,43.5211,6.12602,31.8005,11.0456,49.2516,8.49551,70.6259,6.0194,64.207,4.98604,43.6323,4.99433,27.4317,5.66704,18.308,6.85341,14.2734,8.46228,14.0541,10.2529,18.4509,11.4437,31.5458,10.5446,56.3589,7.72511,71.8219,5.61465,59.0624,4.90803,38.6464,5.11579,24.414,5.93284,16.8329,7.24079,13.8579,8.93387,14.6654,10.677,20.8016,11.4677,37.1529
31.3206,0.997414,0.0309682,7,127,0,-23.6449,1.18739,0.350909,0.0587332,0.0112227,0.371747,1.31485,0.0191825,0.176016,6.55865,10.2202,17.8028,20.8857,0.312027,0.422877,0.250627,0.313605,8.47657,14.1326,13.0284,11.9139,21.7604,11.3776,34.9936,13.459,43.8669,20.2171,32.6548,29.9682,16.2274,32.6239,8.74745,28.234,6.48849,22.4156,6.63394,17.4766,8.71232,13.9138,13.5196,11.8091,22.6269,11.4239,36.0318,13.7769,43.7966,20.9454,31.2358,30.518,15.3652,32.455,8.45042,27.797,6.43151,22.0005,6.71968,17.1583,10.6456,36.116,8.96882,56.1105,6.53914,58.5108,5.20832,43.3375,4.97671,28.1543,5.46124,18.781,6.46711,14.3101,7.88321,13.5181,9.49148,16.7515,10.6451,26.8592,10.0961,46.2769,7.73875,60.4487,5.73865,52.1954,4.98817,35.44,5.13485,22.9544,5.88402,16.1319,7.10108,13.499,8.6529,14.454,10.1671,20.4519,10.6687,35.2396
29.9715,0.969609,0.0309682,7,127,0,-23.492,1.19282,0.595693,0.0662074,0.0180328,0.358196,0.721073,0.0195806,0.122899,7.52045,10.2912,16.4898,31.6443,0.285256,0.293037,0.482393,0.317721,9.2298,13.5357,13.2692,11.7386,20.548,11.3578,30.6107,13.0754,36.7995,17.9714,29.4898,24.5689,17.0652,26.9517,10.1144,24.3442,7.63435,20.141,7.56868,16.2854,9.39612,13.3954,13.6019,11.6726,21.0907,11.3912,31.1984,13.2682,36.778,18.3615,28.7236,24.8792,16.4785,26.9041,9.87086,24.1107,7.57466,19.8926,7.62328,16.0844,8.84344,51.6032,5.63106,60.9428,3.63896,51.4999,2.97154,37.2141,3.06715,26.0626,3.72436,19.1283,4.95769,15.7579,6.80988,15.6944,9.02027,20.1887,10.3013,32.8654,8.63289,52.8854,5.43794,60.7693,3.55786,50.5107,2.9577,36.3022,3.09528,25.4493,3.79069,18.7865,5.06663,15.6432,6.95899,15.8314,9.16354,20.7529,10.2953,34.1343
31.6484,0.992099,0.0309682,7,127,0,-25.9229,1.16969,0.672185,0.0543961,0.0205391,0.357948,0.662181,0.0163855,0.12064,7.23804,10.2522,16.3825,29.2385,0.284448,0.314615,0.457113,0.276679,10.4984,13.1955,17.3916,11.5192,30.0554,11.773,47.1349,15.4916,51.6077,25.2215,30.9923,35.3126,14.0774,35.061,7.85329,29.0546,6.21388,22.7076,6.73028,17.6076,9.24146,13.9859,14.8458,11.8458,25.6207,11.4384,42.2019,13.8654,53.2444,21.7207,38.1096,33.2072,17.6718,36.1066,9.00941,31.0122,6.42577,24.4846,6.38945,18.9631,8.96598,50.0884,5.38018,61.2897,3.21479,52.0723,2.51248,37.551,2.57672,26.1688,3.19461,19.0103,4.41808,15.4135,6.36245,15.1183,8.82876,19.4658,10.3252,32.6483,8.31584,53.8502,4.81655,60.7348,2.99705,49.299,2.47775,35.0583,2.65229,24.4989,3.37663,18.073,4.73012,15.0928,6.8104,15.5029,9.26881,21.1227,10.2531,36.4573
31.7803,0.982347,0.0309682,7,127,0,-23.256,1.21708,0.837236,0.0370272,0.0250811,0.342267,0.573671,0.0178647,0.233708,7.06392,4.71048,27.0462,22.873,0.349382,0.351731,0.262401,0.364992,9.6436,22.2234,15.1292,19.5845,24.9284,19.751,37.7716,24.5643,42.066,36.5481,28.2459,49.5153,14.3228,50.7928,8.30059,43.7477,6.49717,35.3151,6.81142,28.1715,8.98216,22.9657,13.8161,19.8938,22.7419,19.4463,35.4882,23.1729,42.7402,33.8151,31.5081,47.777,16.2516,51.4572,8.9973,45.3098,6.64238,36.8298,6.62079,29.3653,4.97067,41.8251,3.03767,61.3747,1.51313,57.4128,0.991304,42.7868,0.927064,29.986,1.1341,21.3884,1.63962,16.5516,2.56537,15.1,3.95602,18.1023,5.12596,30.0967,4.20361,53.1172,2.15966,62.1983,1.18383,50.7502,0.922674,36.2634,0.992203,25.4269,1.32858,18.6842,2.01457,15.4335,3.1735,15.7893,4.63557,22.1851,5.0277,40.3853
30.3042,0.985154,0.0309682,7,127,0,-23.2778,1.27384,0.980192,0.0559038,0.0283197,0.337542,0.492511,0.0174686,0.129865,6.95928,9.24377,19.6758,29.8461,0.25834,0.366601,0.491475,0.277311,9.20715,16.1164,14.271,14.0443,23.6362,13.8548,36.6294,16.7118,42.5004,24.3808,29.693,33.3678,15.148,34.8191,8.64946,30.2942,6.67196,24.6064,6.94633,19.7217,9.17027,16.1472,14.196,14.0578,23.5092,13.8437,36.4949,16.6576,42.5399,24.2745,29.8825,33.3021,15.2584,34.8462,8.68886,30.3551,6.67939,24.6651,6.93358,19.7678,7.29256,57.1626,3.09259,66.999,1.45551,53.815,1.05754,38.4392,1.12778,26.9677,1.56915,19.5443,2.56497,15.5004,4.49093,14.7932,7.49984,19.532,9.34413,37.1585,5.82551,63.7697,2.3655,64.1893,1.26031,48.8693,1.04111,34.4895,1.21864,24.3155,1.79896,17.98,3.03221,14.8994,5.31342,15.45,8.41994,23.0352,8.81075,45.8787
30.8798,0.948953,0.0309682,7,255,0,-23.5279,0.838773,1.13833,0.0316881,0.0380381,0.534351,0.410617,0.0270086,0.119166,7.54256,9.22408,22.168,23.0933,0.325998,0.276196,0.298021,0.395117,9.55876,16.2915,13.9853,13.037,21.8176,12.2827,33.1475,15.0406,41.8305,24.7947,33.6571,42.123,17.5293,48.7198,9.66469,40.4764,7.3877,29.6301,7.70094,21.1935,10.003,15.7001,14.8325,12.7804,23.196,12.4066,34.772,15.8496,41.9455,26.908,31.3079,44.1482,15.9347,48.1705,9.12532,38.9508,7.30835,28.2989,7.89497,20.275,7.97706,46.154,3.12394,58.1544,1.23444,48.8077,0.768151,36.2279,0.738559,26.211,0.980641,19.2036,1.61588,14.7903,3.0092,12.7907,5.7164,14.0532,9.1832,22.8287,8.0591,45.7338,3.18079,58.1888,1.24949,49.0235,0.771284,36.4224,0.736831,26.3534,0.973965,19.2986,1.60034,14.8447,2.97645,12.8022,5.65861,13.9901,9.14092,22.5689
35.2261,0.998124,0.0309682,7,127,0,-26.979,1.38345,0.695702,0.0417629,0.0210901,0.326852,0.671557,0.0158186,0.165146,7.11614,6.97532,29.5372,22.0328,0.304844,0.354193,0.321058,0.26769,9.3094,24.1809,14.5847,20.9581,24.7722,20.4785,39.4381,24.4935,45.993,35.6181,31.1318,48.2437,15.4051,49.6387,8.77124,42.9454,6.89543,34.9177,7.41784,28.1251,10.196,23.2345,16.4347,20.5654,27.9352,20.9072,42.4892,26.384,44.1842,38.9604,26.6998,49.717,13.2053,48.4914,8.05103,41.0623,6.8341,33.1995,7.83455,26.8155,7.53474,38.6368,5.31767,58.6937,2.97843,58.3736,2.00672,44.3302,1.83307,30.8623,2.12716,21.7413,2.86316,16.6617,4.13422,15.0494,5.9312,17.5595,7.52026,27.639,6.85352,48.3543,4.14924,61.464,2.42457,52.9302,1.86381,38.1066,1.90764,26.4144,2.3836,19.1206,3.33576,15.5519,4.85351,15.5019,6.73166,20.6158,7.62889,35.5263
33.7465,0.932493,0.0309682,7,127,0,-28.0446,1.4109,0.942738,0.0726613,0.0326764,0.3148,0.431186,0.0165093,0.141665,6.58249,6.5522,17.1036,30.2016,0.309403,0.255632,0.342739,0.368704,8.73697,14.1239,13.7983,12.3541,23.4768,12.1766,37.105,14.6375,42.4758,21.1447,28.3121,28.1882,14.0339,28.8267,8.02892,25.0277,6.30941,20.4866,6.75813,16.615,9.24172,13.7949,14.849,12.2176,25.2737,12.3283,38.8457,15.2994,41.4789,22.3099,25.7956,28.7188,12.7633,28.4463,7.604,24.3777,6.25986,19.8834,6.97264,16.1477,4.85484,45.301,2.55282,49.1548,1.45697,41.8934,1.11167,32.4659,1.12935,24.6406,1.42714,19.1211,2.08151,15.8483,3.2549,14.9209,4.99346,17.3012,6.48551,25.7073,5.65334,40.9,3.17808,49.5882,1.70003,44.8305,1.17336,35.4397,1.09298,26.9353,1.29739,20.6621,1.8207,16.6688,2.80693,14.9335,4.38567,16.0402,6.14852,22.0933
35.3266,0.998705,0.0309682,7,127,0,-28.9743,1.62566,0.656121,0.0521253,0.0208105,0.244364,0.693554,0.0124892,0.178074,7.4452,7.81931,27.0011,22.0012,0.272766,0.333525,0.312597,0.294186,10.1909,23.5501,16.0731,21.6428,26.5116,22.004,39.2818,26.0412,41.8163,34.4944,28.1359,42.2106,15.0615,42.9691,8.96334,38.8717,6.90002,33.5198,6.97508,28.5763,8.89749,24.6601,13.4485,22.1296,22.1268,21.5347,34.8838,24.0247,43.0818,31.0283,34.0768,40.0345,18.9845,43.4905,10.5651,40.6663,7.35135,35.4897,6.74368,30.2918,7.62972,46.1871,4.29208,67.5701,2.1503,58.1041,1.50248,39.6579,1.48224,25.691,1.844,17.172,2.62029,12.6816,3.95617,11.2753,5.94115,13.4857,7.95469,23.5213,7.3933,49.0701,3.99875,67.8523,2.04486,56.3823,1.48106,38.0952,1.50075,24.6785,1.89756,16.6002,2.71932,12.4243,4.11586,11.3019,6.15154,13.9799,8.06716,25.1988
31.7153,0.973091,0.0309682,7,127,0,-23.8248,1.03138,0.42919,0.0271704,0.0134623,0.464898,0.924877,0.0238382,0.156857,6.4513,8.72413,33.5375,37.8414,0.334121,0.35461,0.344848,0.331519,8.23935,24.9951,12.6375,20.0086,21.1631,18.6196,34.4927,22.5456,44.3661,37.2361,32.4927,61.1604,15.1414,66.4901,8.10006,54.2212,6.33146,40.204,6.95176,29.4735,9.7062,22.4715,15.6331,18.9432,26.327,19.4174,40.2118,27.0077,42.2371,47.5192,23.9968,66.7454,11.1565,62.2737,6.96502,48.0369,6.35411,35.2044,7.81835,26.08,7.20717,53.3338,5.21132,55.692,4.03144,45.0238,3.6854,32.4139,3.91152,23.1784,4.57815,17.7933,5.6339,15.644,6.99009,16.6528,8.32616,22.0455,8.83287,34.1962,7.65654,50.5342,5.60746,56.6579,4.21242,47.9186,3.70562,35.016,3.82009,24.8895,4.394,18.6959,5.36693,15.8634,6.67142,16.1165,8.06204,20.3378,8.84901,30.8351
32.006,0.98805,0.0309682,7,127,0,-23.4915,0.884483,0.576918,0.0333188,0.0185467,0.495475,0.668613,0.0262401,0.169448,6.54408,6.93664,20.5383,33.855,0.23578,0.28839,0.327012,0.371032,8.7961,15.237,13.5364,12.3608,22.0478,11.8971,34.521,15.1399,43.1987,26.2902,31.8585,44.9036,15.0546,49.6658,8.01067,40.253,6.11675,29.3248,6.45977,20.9923,8.57846,15.5139,13.1143,12.4827,21.3338,11.8383,33.6339,14.739,43.1202,25.1864,33.1582,43.8357,15.8612,49.9676,8.26786,41.0242,6.15956,29.9923,6.38313,21.4595,5.57903,51.3876,3.54336,56.6592,2.37455,47.2766,1.97946,34.7504,2.03829,24.8987,2.43801,18.5555,3.1869,15.2333,4.3195,14.6646,5.74152,17.5899,6.87168,26.5575,6.45465,43.3587,4.45531,56.4914,2.81148,52.8262,2.09728,40.5903,1.96472,29.1633,2.20549,21.1768,2.78239,16.477,3.72999,14.5793,5.04469,15.643,6.43775,21.2822
31.5168,0.988589,0.0309682,7,127,0,-25.2244,0.911881,0.64124,0.0360021,0.0194433,0.469272,0.751541,0.0236579,0.190176,7.98595,7.15611,20.5961,21.6398,0.366546,0.303367,0.247738,0.360389,10.3659,15.9381,15.3055,13.4245,23.7655,13.2289,35.0885,16.5684,41.3502,26.2336,31.0744,39.8543,16.5861,43.2804,9.67485,36.4351,7.59753,27.7813,7.93899,20.8018,10.2435,16.0657,15.0757,13.4768,23.4015,13.1874,34.6946,16.3609,41.3855,25.7651,31.647,39.4718,16.9708,43.3913,9.81459,36.7441,7.62268,28.067,7.89439,21.0103,7.44469,42.9637,4.73723,66.261,2.51108,60.5016,1.75632,42.1303,1.71268,27.421,2.0993,18.4641,2.92699,13.9357,4.30418,12.9493,6.19934,16.4929,7.6799,29.8019,6.36132,56.5341,3.44213,66.9014,2.02179,51.7699,1.67419,34.3251,1.84763,22.4798,2.435,15.8225,3.51259,13.0227,5.16938,13.8977,7.08992,21.109,7.50092,41.7953
28.1752,0.992134,0.0309682,7,127,0,-17.731,1.22,0.777425,0.0411133,0.0247553,0.363424,0.510604,0.0177637,0.1187,6.07044,8.88932,23.9993,44.7601,0.350859,0.373888,0.489438,0.307974,8.56854,18.9376,14.2531,16.026,25.4214,15.6939,42.3807,19.8385,50.567,32.6153,31.5275,48.3441,13.6315,49.1631,7.19837,40.6721,5.55016,31.5397,6.01679,24.2392,8.42389,19.0946,13.9465,16.0964,24.859,15.6432,41.7104,19.5451,50.7779,31.9423,32.472,47.9607,14.065,49.388,7.32808,41.0442,5.56813,31.8657,5.96591,24.4824,4.97158,61.5758,2.43314,56.0642,1.56509,42.2164,1.40159,30.0767,1.62189,21.5236,2.22659,16.1608,3.37599,13.4363,5.30382,13.3814,7.96402,17.5791,9.75126,30.977,7.43153,53.8784,3.6749,61.5434,1.95579,50.6744,1.44374,36.9454,1.44825,26.2255,1.81186,19.0294,2.60876,14.7705,4.04355,13.0565,6.31468,14.3691,8.97338,21.449
29.4586,0.950333,0.0309682,7,127,0,-21.5241,1.3068,0.714694,0.0472646,0.0248931,0.307898,0.637241,0.0147922,0.198513,7.66282,5.32959,21.4795,18.3799,0.273755,0.286189,0.268117,0.326053,11.1836,18.086,18.4096,16.45,31.0129,17.3067,45.7,22.5381,45.6203,33.5559,26.9773,42.5037,13.2296,41.5113,7.87183,35.4135,6.38746,28.8349,6.91456,23.3341,9.38474,19.2934,14.8482,16.8839,25.1335,16.5629,40.1478,19.6734,48.7134,28.5005,35.2676,39.9227,17.6157,42.9385,9.41155,38.1622,6.70538,31.4671,6.48539,25.4397,6.02304,30.8464,4.56292,48.1948,2.5983,51.1625,1.67182,40.682,1.44097,29.0664,1.59763,20.6659,2.09073,15.6648,2.98555,13.6081,4.32007,14.7629,5.72244,21.2969,5.7887,36.6444,3.85459,51.34,2.19462,48.5611,1.54417,36.7425,1.45493,25.9902,1.71667,18.7255,2.32849,14.6991,3.36744,13.5758,4.80309,16.0828,5.9804,25.2003
29.538,0.936275,0.0309682,7,127,0,-21.9757,1.46725,0.7961,0.0577221,0.0253469,0.285327,0.505239,0.0161524,0.179017,7.3508,5.61925,22.158,27.7456,0.246661,0.237487,0.347591,0.360781,9.75921,19.07,14.8851,17.4157,23.6564,17.7859,33.8026,21.3311,35.1911,28.5592,23.8885,34.914,13.3146,35.167,8.39066,31.307,6.85776,26.5349,7.29517,22.3115,9.61368,19.1719,14.6042,17.4497,23.2276,17.7174,33.4655,21.1049,35.4415,28.2247,24.4313,34.763,13.6295,35.2655,8.51129,31.5002,6.8776,26.7268,7.24262,22.4668,5.00704,44.8626,3.00446,55.5195,1.69991,50.2466,1.21327,39.0142,1.14307,28.9363,1.34178,21.7248,1.82375,17.3183,2.68117,15.5391,3.97187,16.9076,5.34851,23.6282,5.47091,38.7607,3.66723,53.8573,2.0219,53.2585,1.31543,42.8487,1.1338,32.0182,1.24653,23.815,1.62577,18.5012,2.34533,15.834,3.49675,16.0095,4.93779,20.5456
24.4738,0.817823,0.0309682,7,127,0,-17.5273,1.74083,0.914566,0.0378976,0.031777,0.257951,0.504427,0.0137605,0.111644,6.50447,10.061,44.8568,18.5994,0.361488,0.42141,0.464203,0.353979,7.7391,38.1387,11.4401,33.5051,19.1475,31.7708,31.5916,34.6642,41.015,44.7311,32.7412,58.6335,17.6471,63.7511,9.64505,58.9411,6.85372,50.8133,6.63298,42.9795,8.40223,36.7352,12.9495,32.7413,21.94,31.9686,34.933,36.4777,40.7807,48.366,28.5947,61.1409,14.8898,63.1892,8.58617,56.9784,6.60508,48.7139,6.88435,41.2083,10.6541,37.9482,5.52042,57.5156,2.296,52.0373,1.36742,38.1037,1.23513,26.4868,1.52025,18.5845,2.28465,13.8018,3.83283,11.6178,6.59553,12.3977,10.2139,19.1675,10.4963,39.1994,5.28276,57.7882,2.21709,51.4109,1.34878,37.4644,1.23989,26.0256,1.5444,18.2897,2.33768,13.6396,3.93451,11.5783,6.76153,12.5419,10.36,19.7687
31.6067,0.8461,0.0309682,7,127,0,-18.7421,1.73776,1.22225,0.0395101,0.0378423,0.226043,0.401618,0.0124321,0.0890584,7.19474,10.9782,38.688,21.1045,0.257092,0.319461,0.386791,0.357194,9.74381,34.2077,15.1722,31.74,24.6486,32.29,35.8918,37.6094,37.8843,48.2446,25.9997,57.7092,14.3843,58.8041,8.72675,53.8735,6.73015,47.184,6.74077,40.8547,8.47826,35.7519,12.6219,32.4146,20.4601,31.6195,31.8096,34.8439,39.0474,43.6771,31.4738,54.8243,18.1805,59.3732,10.3517,56.1937,7.21572,49.8265,6.53973,43.2111,11.9154,41.9809,5.32086,61.0276,1.92003,54.6463,1.05962,41.3842,0.93811,30.1761,1.19489,22.1448,1.9517,16.965,3.68888,14.4495,7.21614,15.4665,11.9675,24.4666,10.605,48.4717,4.10035,61.2547,1.59229,51.543,0.989604,38.4396,0.965767,27.9865,1.31798,20.6704,2.24901,16.12,4.33479,14.2953,8.35658,16.5744,12.5995,28.865
29.2778,0.555807,0.0309682,7,127,0,-20.3227,1.19077,1.73516,0.0345841,0.0606397,0.337098,0.32269,0.0178273,0.122308,6.55135,6.25957,27.9757,15.5771,0.33072,0.286224,0.396238,0.39718,9.00138,22.8675,14.2129,19.9722,23.713,19.8457,37.0088,24.2933,43.6441,36.4594,30.7758,51.7389,15.3096,55.0265,8.34894,48.0022,6.12515,38.8146,6.07621,30.8143,7.68648,24.8015,11.5405,20.9263,19.0258,19.4867,31.1577,21.6235,42.8562,30.1811,38.2029,45.8786,20.9129,55.4294,10.5016,51.6511,6.72811,42.7196,5.8947,34.0262,9.43985,31.4843,3.71389,52.9382,0.890721,48.5706,0.369793,37.6736,0.286649,28.3426,0.364564,21.3262,0.665236,16.3938,1.54197,13.4628,3.95585,13.3353,8.54831,20.5577,7.22236,44.3105,1.82116,52.9938,0.540673,43.3982,0.305421,32.9679,0.304565,24.7453,0.46679,18.7471,0.96828,14.7428,2.40384,12.9285,5.99603,15.2242,9.50698,30.1021
28.7945,0.998706,0.0309682,7,127,0,-19.6928,0.924088,1.89167,0.0351457,0.0605052,0.448215,0.288162,0.025067,0.17077,7.14409,4.4188,21.0112,18.6617,0.287758,0.299994,0.321286,0.457295,9.37908,16.4437,13.9295,13.9861,21.6853,13.8588,32.0315,17.3274,37.7518,27.1778,28.4844,41.0175,15.2278,44.8132,8.7798,38.172,6.75289,29.4461,6.90307,22.2408,8.74934,17.2212,12.7413,14.3238,19.7771,13.6543,29.8605,16.181,37.6184,24.493,31.4525,38.4978,17.4745,45.1805,9.64298,39.948,6.95527,31.1973,6.73306,23.5677,6.02896,36.9728,2.10061,56.0425,0.515251,50.6787,0.218908,40.1831,0.169775,31.088,0.214467,24.0513,0.391015,18.9341,0.917678,15.7458,2.42064,15.3719,5.46047,22.3037,4.95747,45.67,1.29587,55.9764,0.3654,47.3231,0.189918,37.0525,0.174539,28.6166,0.251115,22.2121,0.50261,17.6899,1.24612,15.2256,3.26557,16.3591,6.16807,28.0166
34.2516,0.983228,0.0309682,7,255,0,-24.7001,1.33392,0.606288,0.0469127,0.019437,0.327095,0.72738,0.017704,0.120184,7.08838,10.9945,26.805,27.1107,0.333837,0.316304,0.372359,0.279455,8.58761,22.1389,12.4647,19.1507,19.8594,18.2718,30.7957,20.5643,38.4259,27.7794,31.0784,37.923,17.5073,41.8336,9.99405,38.1073,7.33292,31.8744,7.18289,26.0576,8.96808,21.6098,13.265,18.8844,21.2325,18.366,32.3679,21.2476,38.4136,29.1977,29.0803,39.0368,16.0323,41.6548,9.40077,37.2817,7.18903,30.9953,7.31401,25.3381,9.83785,47.7767,6.0888,60.2269,3.68697,51.3027,2.88785,36.3815,2.944,24.7942,3.59727,17.6461,4.87066,14.0871,6.85565,13.6712,9.37137,17.4804,11.082,29.4863,9.36567,50.721,5.62716,60.0271,3.50046,49.2216,2.85477,34.4846,3.00088,23.5417,3.73594,16.9515,5.10456,13.8367,7.18839,13.8959,9.71404,18.5382,11.0947,32.0975
32.5061,1,0.0309682,7,127,0,-26.716,0.782856,0.837363,0.0229229,0.0248309,0.567851,0.560509,0.0315547,0.0950204,7.18418,11.9218,26.422,23.3534,0.293306,0.459463,0.277709,0.352764,9.36818,19.3465,13.7995,15.6928,21.3019,15.3367,31.5137,19.9328,37.8248,34.6976,28.3839,58.3066,14.5226,63.9337,8.36842,51.0931,6.74494,36.4804,7.2965,25.6833,9.64157,18.9182,14.2983,15.5302,22.0803,15.4868,32.3608,20.6791,37.7186,36.5555,27.0609,59.8212,13.7257,63.2836,8.11134,49.7956,6.72181,35.4132,7.42086,24.973,12.2546,44.2667,7.0456,64.2906,3.38531,58.6634,2.20567,43.1481,2.07274,30.0209,2.55552,21.2543,3.73214,16.2525,5.92372,14.5403,9.35554,17.0059,12.6712,28.093,10.9846,52.246,5.57596,65.008,2.85437,54.1357,2.08976,38.732,2.15663,26.9243,2.82675,19.3797,4.26994,15.3863,6.83806,14.7388,10.5293,19.102,12.9257,34.3018
34.1443,0.931586,0.0309682,7,255,0,-27.331,1.03414,0.404463,0.0315852,0.0115875,0.41824,1.08558,0.021322,0.116909,7.49409,14.8946,26.9923,28.989,0.320324,0.343656,0.356738,0.275363,9.89769,21.3023,15.0263,18.1809,24.0803,18.0169,36.2884,22.5411,42.052,35.1307,29.8556,51.091,15.3627,53.7183,8.92466,45.2708,7.06734,35.1518,7.50531,26.9351,9.9271,21.2661,15.0831,18.1663,24.1723,18.0311,36.3842,22.6071,42.0252,35.2687,29.7136,51.182,15.2795,53.678,8.89583,45.1861,7.06299,35.0747,7.51664,26.8782,13.8796,54.9205,9.59477,73.9437,6.38815,62.0868,5.28529,40.8267,5.43129,25.5593,6.39151,17.106,8.05808,13.3528,10.3903,13.1785,13.1057,17.5675,14.9889,31.2469,13.4901,58.2205,9.11431,74.0091,6.17387,59.6613,5.2517,38.7094,5.50299,24.2978,6.54544,16.479,8.29057,13.1574,10.6896,13.3993,13.3995,18.516,15.037,33.7127
33.5466,0.654323,0.0309682,7,127,0,-24.1137,0.926965,0.479111,0.0209526,0.0146525,0.465699,0.892823,0.0229684,0.192006,7.37686,7.95837,37.1796,30.2518,0.292461,0.365131,0.318975,0.343584,9.46251,28.2044,14.0651,23.0607,22.3767,21.817,34.6351,26.2176,44.1495,41.4883,35.6208,67.7875,18.5106,78.4677,9.94908,67.1866,7.29603,51.0485,7.32288,37.7549,9.3013,28.5718,13.7472,23.2358,21.8389,21.7696,33.9571,25.7844,43.9903,40.3316,36.5168,66.5273,19.2116,78.6,10.2041,68.0058,7.35319,51.8401,7.27387,38.3416,6.97388,54.1326,4.4947,66.6603,2.92954,54.5041,2.42939,36.8714,2.52737,24.1209,3.04197,16.7545,3.95598,13.3441,5.28085,13.1804,6.86731,17.3102,7.95426,29.9906,7.00363,53.8016,4.52537,66.6847,2.94242,54.7497,2.43148,37.0866,2.52307,24.2557,3.0323,16.8255,3.94069,13.3687,5.26025,13.1589,6.84613,17.2103,7.94975,29.732
35.3745,0.997511,0.0309682,7,127,0,-26.0462,0.968269,0.607566,0.0447553,0.0178028,0.45069,0.741088,0.0219843,0.136857,6.80122,9.63152,17.6644,24.2758,0.347093,0.336032,0.315551,0.273328,9.01442,13.3407,13.9015,10.8689,22.9795,10.2929,36.8082,12.5725,47.414,20.6973,36.2438,34.5891,17.3276,39.1036,8.9637,32.7163,6.57129,24.5696,6.71857,18.0546,8.77911,13.5892,13.4279,10.9877,22.1499,10.2592,35.7259,12.2612,47.2037,19.8332,37.7418,33.6936,18.3409,39.2701,9.30005,33.3133,6.63987,25.1186,6.64544,18.4557,9.70728,45.3375,6.41265,66.4564,3.63264,61.5555,2.59355,44.2621,2.48594,29.6397,2.94626,20.3649,3.95438,15.4588,5.61072,14.0651,7.88765,16.7957,9.93023,27.4716,9.22109,50.8562,5.67902,67.6422,3.30374,58.249,2.51467,40.8197,2.53837,27.3029,3.10699,19.0342,4.24,14.8925,6.03885,14.2281,8.38692,18.1398,10.1069,31.3002
33.1123,0.94043,0.0309682,7,127,0,-29.4984,0.968156,0.789679,0.0212556,0.0236683,0.401261,0.551655,0.0226498,0.148747,7.51236,7.82815,35.0524,27.7833,0.294075,0.35228,0.290555,0.383485,10.1192,28.5465,15.1252,25.2992,23.2804,26.007,33.2083,33.0527,36.8183,50.0817,26.6389,70.2022,14.593,74.1989,8.72458,64.0225,6.78391,50.8379,6.86628,39.6038,8.54285,31.469,12.2135,26.5312,18.7132,25.058,28.2162,28.4221,36.5507,40.0655,33.1999,60.8713,20.0485,74.6693,11.0345,70.1737,7.4461,57.4973,6.62302,44.9762,6.94217,50.4656,3.74512,64.2092,1.94875,55.2718,1.38536,40.41,1.36234,28.4174,1.69549,20.4577,2.44278,15.9335,3.77863,14.4539,5.80352,16.8528,7.77631,26.9994,7.07096,49.3154,3.87576,64.1637,1.99757,55.9466,1.39676,41.07,1.35522,28.8881,1.67159,20.7493,2.39606,16.0777,3.69998,14.4508,5.69714,16.6139,7.7182,26.2477
34.7247,0.965369,0.0309682,7,127,0,-26.811,1.06456,0.872391,0.0246105,0.0283498,0.406757,0.508795,0.0208432,0.136405,7.49778,8.62006,33.3491,27.373,0.275959,0.320496,0.272763,0.357399,10.4597,26.6609,16.5088,23.3563,26.9267,24.2587,39.6615,32.4252,41.5549,52.1346,25.6603,70.9702,12.7306,69.3147,7.77782,56.5989,6.6027,43.59,7.46544,33.4987,10.3839,26.7512,16.3652,23.3831,26.7025,24.1929,39.4712,32.1841,41.7135,51.7072,25.9737,70.804,12.8776,69.4881,7.82396,56.8462,6.60396,43.7999,7.43373,33.6494,6.93471,50.3027,3.27135,59.7314,1.63333,49.1422,1.18207,35.5254,1.20927,25.0422,1.58113,18.1362,2.4069,14.2212,3.93923,13.0535,6.34758,15.6909,8.58037,26.602,7.09767,49.3424,3.38919,59.8718,1.67093,49.7448,1.18932,36.0595,1.20112,25.4158,1.55718,18.3675,2.35898,14.334,3.85503,13.0407,6.23105,15.4571,8.53298,25.8594
37.2375,0.792612,0.0309682,7,127,0,-28.3897,0.957584,0.805837,0.0299186,0.0242366,0.448859,0.589327,0.0224983,0.12002,7.31381,9.70785,25.1411,21.1722,0.323666,0.325678,0.331093,0.306645,9.85582,19.388,15.1566,16.2939,24.5238,16.114,37.4818,20.6091,44.3305,33.9999,31.2675,52.477,15.3831,55.6717,8.64057,45.9363,6.7657,34.6766,7.18412,25.8073,9.52648,19.802,14.5217,16.4663,23.4751,15.9803,36.2946,19.9027,44.4706,32.3297,33.0123,51.1764,16.4237,56.1385,8.98959,47.002,6.82419,35.6288,7.06984,26.4978,10.5077,41.5647,6.24872,64.7629,2.91574,60.4319,1.83698,43.9569,1.6952,29.9592,2.07186,20.732,3.01118,15.4985,4.77028,13.5795,7.57224,15.6426,10.4939,25.9914,9.48025,50.8635,4.82443,66.3119,2.39738,55.2712,1.7223,38.8577,1.76515,26.4347,2.30808,18.626,3.48112,14.5128,5.57486,13.7148,8.64132,17.7362,10.84,32.6498
33.7053,0.920918,0.0309682,7,127,0,-30.8742,0.952871,0.71411,0.0288823,0.0215982,0.460281,0.655207,0.0251098,0.129351,6.92884,8.73041,24.7485,20.0831,0.328855,0.286562,0.36928,0.323413,9.60042,19.1335,15.0186,16.3328,24.3773,16.7524,36.4291,22.6993,39.9393,38.7994,25.3106,56.8531,12.2313,56.3293,7.29007,44.8869,6.14051,33.3637,6.93451,24.7241,9.61363,19.1191,15.0435,16.3281,24.4166,16.7611,36.4664,22.7348,39.9162,38.8718,25.2507,56.8873,12.203,56.2996,7.28146,44.8442,6.14027,33.3286,6.94019,24.6998,9.96079,36.1343,7.18886,59.1199,3.80986,61.2831,2.39814,46.7341,2.1028,32.2153,2.40479,22.2688,3.25104,16.5659,4.78401,14.3453,7.1038,15.9485,9.54141,24.5181,9.36319,45.3403,5.70257,63.203,3.08291,56.5655,2.19843,40.8141,2.15583,27.9095,2.65465,19.6726,3.73824,15.3381,5.57205,14.4174,8.10243,18.0493,9.98099,30.8882
28.21,0.999686,0.0309682,7,127,0,-25.2592,0.945034,0.607286,0.0372256,0.0164587,0.461982,0.654157,0.0220521,0.12539,8.33129,9.97253,18.8225,44.9873,0.311279,0.422293,0.38816,0.327831,11.5644,14.6986,17.9779,12.7355,28.7543,13.3208,41.8329,18.3313,44.0764,30.9345,27.4375,43.6499,13.6462,42.4353,8.44441,33.7373,7.29929,25.1625,8.3515,18.7708,11.61,14.6686,18.0618,12.7274,28.8821,13.3436,41.941,18.4151,43.9853,31.0905,27.2534,43.7108,13.561,42.3675,8.41864,33.6454,7.29998,25.0877,8.37191,18.7194,7.01509,69.6825,3.9068,70.5598,2.54748,54.1599,2.20845,37.6669,2.41634,26.0447,3.07799,19.0142,4.26898,15.5717,6.10187,15.4024,8.44903,19.8894,10.1468,33.8177,8.6976,59.7103,5.12565,73.646,3.00016,62.4919,2.28104,44.7905,2.26361,30.7951,2.7127,21.77,3.64344,16.7656,5.16982,15.0424,7.33347,17.0272,9.59154,25.7389
32.4253,0.984111,0.0309682,7,127,0,-21.356,0.924402,0.624634,0.029949,0.0190483,0.452376,0.716976,0.0236179,0.17734,6.77957,7.78269,23.329,28.0128,0.337293,0.374752,0.479392,0.339855,9.28175,17.8663,14.4028,14.9368,23.4637,14.7276,36.2872,18.9001,43.9664,31.9079,31.5546,51.4047,15.1579,55.7838,8.18093,46.0553,6.19298,34.5126,6.41172,25.3922,8.35021,19.158,12.5986,15.5198,20.4117,14.4568,32.4862,17.0542,43.4131,27.0154,36.8527,46.4282,18.8431,56.629,9.45034,49.392,6.47392,37.6323,6.17801,27.6939,6.83673,52.6071,3.92083,66.5218,2.24834,54.8109,1.74619,37.7034,1.8092,25.0721,2.26905,17.4716,3.16549,13.7119,4.59919,13.2151,6.49197,17.1894,7.85237,30.6508,6.47043,55.986,3.5984,66.0704,2.13163,52.4427,1.72887,35.6885,1.84836,23.7839,2.3619,16.7671,3.32497,13.4536,4.83413,13.4286,6.74717,18.2776,7.86652,33.5712
28.8698,0.975451,0.0309682,7,127,0,-25.1973,1.25058,0.60037,0.0300295,0.018088,0.341242,0.763402,0.015259,0.135857,7.09087,10.7138,35.0925,27.1594,0.255978,0.313309,0.22701,0.29071,9.63111,28.253,15.4178,24.185,26.5844,23.4933,43.4239,28.3754,53.2568,43.2709,37.1008,63.0492,17.5011,67.0033,9.23924,57.7613,6.78563,46.197,6.9021,36.3635,9.0787,29.1171,14.2523,24.6108,24.4639,23.3227,40.7553,27.1084,53.2839,40.2775,40.6872,60.6812,19.6732,67.5957,9.98257,59.4934,6.95435,47.8845,6.7583,37.6952,9.60605,53.171,5.51901,69.2464,3.13705,56.6033,2.44001,38.057,2.54452,24.7174,3.20573,16.9197,4.47398,13.1853,6.48014,12.8199,9.09559,17.1567,10.8801,31.8976,8.73198,59.3697,4.76458,68.2073,2.87444,52.1944,2.40958,34.4709,2.64724,22.5077,3.43653,15.7567,4.86261,12.8015,7.04157,13.2799,9.67642,19.2807,10.8153,37.5255
32.6967,0.998371,0.0309682,6,63,0,-21.6861,1.58368,0.549972,0.0558906,0.0148032,0.285246,0.83718,0.015599,0.135051,6.77562,10.8018,26.3493,25.6606,0.330789,0.363148,0.291039,0.326108,8.54058,22.2622,12.9838,19.7108,21.5388,19.2796,33.551,22.2526,38.7616,29.9997,27.3921,38.3856,14.5202,39.6748,8.55157,35.4414,6.71066,29.9064,7.08867,24.9778,9.53855,21.3129,15.0684,19.3168,25.0043,19.7343,36.6255,24.0896,36.7788,32.9005,22.8579,39.6355,12.0822,38.7457,7.69277,33.7833,6.6243,28.3145,7.58221,23.7225,10.8939,50.3218,7.22378,75.7821,4.13537,68.8456,3.02567,47.5504,2.96688,30.5964,3.55104,20.4344,4.74646,15.3791,6.63805,14.2449,9.14325,17.8224,11.2277,31.0755,10.0808,59.7058,6.08357,77.1187,3.65058,62.8048,2.92879,41.8454,3.07723,26.9756,3.83487,18.501,5.22564,14.655,7.32585,14.6907,9.89262,20.3282,11.3608,38.0645
32.2709,0.999715,0.0309682,6,95,0,-26.1012,1.73188,0.581963,0.0549151,0.0189622,0.243784,0.763136,0.013212,0.154568,7.28095,9.19577,29.3597,27.6138,0.294943,0.407163,0.291212,0.440501,9.15122,25.5867,13.6409,23.2266,21.9644,22.9209,33.1328,25.8427,37.9654,32.8753,28.2583,40.3998,16.0313,42.1999,9.6217,38.9408,7.31949,34.0217,7.29259,29.3027,9.19086,25.5454,13.7233,23.2073,22.1017,22.9352,33.2689,25.9091,37.9271,32.9871,28.0769,40.4682,15.9082,42.1817,9.57048,38.8808,7.30652,33.9558,7.30454,29.2458,7.91103,50.6437,4.65568,62.1025,2.80615,50.3886,2.25796,34.3522,2.37096,22.7536,2.95993,15.9191,4.05911,12.6753,5.75025,12.5142,7.87465,16.6924,9.23702,29.943,7.52896,53.3822,4.33085,61.5806,2.68718,48.3429,2.24332,32.6505,2.41804,21.6854,3.06515,15.3501,4.23327,12.487,5.99637,12.7375,8.12535,17.6879,9.22625,32.4783
33.2297,0.313893,0.0309682,8,255,0,-20.813,1.21597,0.425168,0.0572974,0.0128077,0.361051,0.966872,0.0172086,0.128408,6.19761,12.5192,17.5255,32.105,0.370872,0.356851,0.327598,0.321613,8.57794,13.8245,14.0569,11.6385,24.8775,11.2328,41.7707,13.8133,51.9424,22.2163,34.6431,33.7063,15.2591,35.4047,7.846,29.7385,5.82687,23.2102,6.10077,17.8781,8.30314,14.0593,13.4706,11.7519,23.7879,11.1824,40.3759,13.4455,52.0676,21.3092,36.5793,33.0505,16.2675,35.654,8.16007,30.2614,5.88511,23.6865,6.01504,18.2401,10.8791,57.0087,7.19611,69.1353,4.86073,55.8408,4.10902,37.2944,4.2714,24.106,5.06151,16.587,6.42558,13.1063,8.35571,12.8009,10.6563,16.478,12.4079,27.9728,11.5348,51.4418,7.95367,69.0601,5.2058,59.8734,4.1772,40.9883,4.17808,26.4325,4.84132,17.8233,6.08054,13.5816,7.89276,12.5913,10.1539,15.2092,12.1684,24.4937
31.8012,0.935543,0.0309682,7,127,0,-24.842,1.49338,0.574537,0.0640879,0.0169294,0.28949,0.798862,0.0140036,0.145024,8.92554,9.61702,21.2875,24.5573,0.354917,0.33356,0.318821,0.2719,11.2403,18.3016,16.4968,16.5701,25.671,16.5878,36.8541,19.2691,40.0802,25.148,29.0966,30.9043,16.9121,31.7306,10.7453,28.6474,8.71073,24.4912,9.14421,20.7247,11.8722,17.9213,17.7223,16.4344,27.5209,16.8153,38.3018,20.0345,39.0769,26.2685,26.7805,31.4252,15.5007,31.4051,10.1925,27.982,8.63271,23.8238,9.42263,20.1884,9.55301,46.3423,6.31233,67.1244,3.66807,60.8054,2.70823,42.7784,2.66033,28.1773,3.18631,19.244,4.26727,14.7559,5.98012,13.8451,8.22235,17.3805,9.97059,29.8066,8.75536,54.6685,5.28393,67.9646,3.2301,55.3938,2.62112,37.6313,2.76679,24.8437,3.45885,17.4383,4.72831,14.0968,6.63798,14.35,8.91254,19.9488,10.0175,36.5185
36.7291,0.971987,0.0309682,7,127,0,-23.9001,1.46549,0.670477,0.0466935,0.0214154,0.303717,0.666091,0.015523,0.173903,6.11999,7.33296,27.2976,25.051,0.291055,0.359832,0.337925,0.377302,8.34742,22.4753,13.6523,19.5745,24.1884,19.2223,39.7535,23.2502,46.101,34.3833,29.3776,46.4588,13.6538,47.1971,7.5018,40.6941,5.80097,33.1849,6.22426,26.8267,8.64861,22.1544,14.3013,19.4327,25.3596,19.3526,40.9872,23.8873,45.4583,35.5752,27.6668,47.0024,12.8451,46.8112,7.24282,40.0545,5.76695,32.596,6.34181,26.3677,6.80472,46.1312,4.04753,61.2243,2.25562,53.1794,1.66341,37.9635,1.65543,25.8667,2.03367,18.2142,2.82679,14.1821,4.14363,13.2462,5.95962,16.3016,7.44851,27.3643,6.4706,49.4596,3.69359,61.2815,2.11681,51.0542,1.63499,35.9655,1.68665,24.5188,2.11911,17.4393,2.97995,13.8598,4.37755,13.3879,6.23017,17.2427,7.50945,29.9572
34.7674,0.949083,0.0309682,7,127,0,-27.7544,1.66342,0.842808,0.0586568,0.0271972,0.249844,0.595164,0.0123758,0.20494,6.86866,5.23424,24.1904,17.4169,0.304243,0.234885,0.352887,0.363262,9.74192,20.8262,16.1473,18.9503,28.1464,19.2915,43.4302,23.4497,45.2959,32.4283,27.6612,39.9974,13.5855,39.7941,7.87282,35.1831,6.18173,29.8154,6.55066,25.0819,8.88612,21.4436,14.348,19.2043,25.0242,18.9642,40.4464,22.1178,47.0417,30.2361,31.8828,38.9838,15.7759,40.3906,8.64984,36.3289,6.34278,30.9514,6.32073,26.0253,6.36375,32.7474,4.31704,56.6771,1.98049,57.8855,1.1523,43.2229,1.00473,29.5223,1.19729,20.2958,1.73439,15.0107,2.77269,13.0022,4.45815,14.8849,6.20102,24.8301,5.45233,48.2306,2.69162,60.7244,1.35836,49.4264,1.01473,34.4217,1.08487,23.4134,1.4736,16.6827,2.28991,13.4095,3.72023,13.5314,5.6268,19.4283,6.20861,37.9258
34.4532,0.652406,0.0309682,7,127,0,-24.0523,1.39127,0.583941,0.0553127,0.0171735,0.308179,0.750492,0.0152654,0.182618,7.21491,7.54238,21.6049,36.2986,0.283557,0.317232,0.375659,0.308642,9.75883,18.0152,15.4491,15.9644,25.9726,15.9817,40.0206,19.4375,44.3874,27.9012,29.2942,36.5272,14.7782,37.1387,8.58927,32.3552,6.76493,26.6342,7.17901,21.7157,9.6604,18.0897,15.2481,15.9949,25.6342,15.9464,39.6911,19.2875,44.5535,27.6356,29.7709,36.393,15.034,37.2161,8.67892,32.5028,6.77992,26.7754,7.14443,21.8274,5.86399,60.5388,3.41074,65.7548,2.21674,50.9429,1.91496,34.749,2.09778,23.5233,2.6705,17.0615,3.67617,14.2777,5.15561,14.9969,6.84749,21.2362,7.50413,38.3716,5.62366,62.1693,3.25109,64.9265,2.16264,49.3767,1.91457,33.5306,2.13289,22.7726,2.7414,16.6764,3.78901,14.1904,5.30655,15.2728,6.97727,22.2266,7.44195,40.5299
37.1673,0.995482,0.0309682,7,127,0,-28.1806,1.54774,0.421666,0.0562974,0.0131341,0.273544,1.01133,0.0139706,0.163694,6.90374,9.46042,24.34,25.1983,0.218206,0.280571,0.288537,0.334737,9.19957,20.664,14.4881,18.4648,24.4701,18.3242,38.182,21.5819,43.3389,29.6424,29.6137,38.0958,15.2036,39.2596,8.71094,35.0335,6.64534,29.5675,6.8196,24.6566,8.94996,20.8858,13.9652,18.5656,23.5644,18.2418,37.2388,21.1879,43.6584,28.9304,30.9022,37.6847,15.9595,39.4196,8.99118,35.4176,6.70738,29.9578,6.7453,24.9793,9.25988,43.7897,6.97304,61.1954,4.7678,57.2894,3.79191,41.3517,3.69841,27.511,4.17864,18.9382,5.12938,14.6658,6.51134,13.7565,8.17262,16.6198,9.50779,26.0085,9.17259,45.0821,6.81784,61.6168,4.67788,56.4966,3.76644,40.4129,3.7124,26.8674,4.22169,18.5831,5.19883,14.5241,6.60362,13.8066,8.26936,16.948,9.54932,26.8562
37.6692,0.971818,0.0309682,7,127,0,-33.7254,1.15455,0.622095,0.0328165,0.019621,0.371466,0.686105,0.019242,0.158029,6.98033,8.22066,29.0332,29.4504,0.385375,0.373632,0.313564,0.275524,9.43612,23.3672,14.7481,20.2227,24.3644,20.1635,37.4228,25.1771,42.7277,38.6125,28.9338,54.2519,14.4106,55.9816,8.25885,47.5277,6.49666,37.6129,6.90349,29.4271,9.23326,23.6225,14.3449,20.3279,23.6912,20.06,36.7165,24.6942,42.9619,37.6339,29.9617,53.6554,14.9828,56.2637,8.45508,48.0984,6.52927,38.1412,6.83254,29.8288,6.97504,51.3866,4.10892,61.8346,2.46964,51.3368,1.95273,36.2938,2.01167,24.8528,2.48307,17.7547,3.39996,14.1386,4.85135,13.5637,6.75251,17.0306,8.19582,28.4593,7.12281,50.1696,4.24749,61.9243,2.52468,52.1819,1.96343,37.0677,1.99715,25.3723,2.44569,18.0522,3.33517,14.2611,4.75543,13.5084,6.64318,16.6791,8.16233,27.5087
35.7277,0.980206,0.0309682,7,127,0,-31.4773,1.12702,0.57099,0.0260509,0.016992,0.381064,0.764288,0.0186608,0.126783,6.73347,10.6853,34.0572,26.9939,0.38163,0.318076,0.270833,0.248823,9.45228,26.9583,15.3168,23.059,26.2096,22.9965,41.635,29.5187,48.134,48.1809,30.8582,70.5529,14.1618,71.996,7.7725,59.681,6.0651,46.1867,6.51467,35.3833,8.88956,27.8114,14.1762,23.4245,24.2203,22.694,39.3566,27.9223,48.7144,44.5804,34.1429,68.2335,15.8598,73.0866,8.31501,61.7625,6.15604,48.0534,6.33623,36.7812,10.0703,48.8437,6.52627,65.7805,3.91863,58.1502,2.97685,41.3822,2.94763,27.8547,3.51473,19.4238,4.66347,15.0908,6.47047,14.1316,8.83453,17.3024,10.7749,28.3605,9.8423,50.9014,6.23612,66.024,3.78906,56.8369,2.94717,40.0709,2.97344,26.9717,3.58684,18.9249,4.78727,14.8857,6.64988,14.2107,9.03618,17.8388,10.8437,29.8211
36.9476,0.990533,0.0309682,7,255,0,-28.3643,1.07385,0.778426,0.0311194,0.0247412,0.414547,0.5867,0.0199007,0.134926,6.61334,9.18052,27.8073,24.3142,0.32109,0.378845,0.358264,0.307053,9.06888,21.3911,14.5373,17.7593,24.9239,17.2055,40.5545,21.6942,49.7448,36.332,33.5155,56.9763,15.0659,59.7825,7.9993,49.0165,6.15938,37.0931,6.62461,27.7433,9.09907,21.3504,14.5991,17.7413,25.0333,17.2171,40.6859,21.7638,49.7208,36.5025,33.3249,57.0926,14.9699,59.7263,7.97004,48.9147,6.15539,37.0051,6.63599,27.6796,8.46285,47.104,4.48193,62.7789,2.23887,53.5492,1.57309,38.108,1.56376,26.0538,1.98327,18.3181,2.91191,14.0782,4.57445,12.8497,7.08667,15.569,9.37859,26.7834,7.94696,50.8068,4.00536,62.6447,2.07645,51.2974,1.54163,36.0799,1.59842,24.6787,2.08223,17.5055,3.10162,13.7126,4.89,12.9463,7.49099,16.4921,9.49051,29.5938
39.5748,0.984056,0.0309682,7,127,0,-30.6435,1.40974,0.735411,0.0422328,0.0223836,0.297712,0.609516,0.0149153,0.17632,7.18182,7.16471,28.3892,27.8487,0.329178,0.280016,0.273858,0.284397,9.81957,23.8571,15.6145,21.3077,26.2177,21.471,40.0852,26.1602,43.9026,37.2526,28.8229,48.2387,14.6057,48.9707,8.50021,42.8691,6.65724,35.5182,6.99549,29.1329,9.31502,24.3606,14.5867,21.517,24.4836,21.24,38.3616,25.1667,44.6532,35.4741,31.2816,47.271,15.9819,49.4332,8.99658,43.8461,6.757,36.4766,6.84345,29.9063,6.21364,51.9422,3.31915,65.0728,1.77527,54.1693,1.32029,38.3057,1.3499,26.2126,1.71885,18.5817,2.49019,14.5387,3.81304,13.6514,5.70219,17.0691,7.22743,29.639,5.95312,54.266,3.10135,64.8047,1.69978,52.6397,1.30703,36.9625,1.3703,25.313,1.77249,18.0596,2.58912,14.3182,3.97064,13.7505,5.89156,17.7474,7.26208,31.5701
35.1284,0.878607,0.0309682,7,127,0,-31.8006,1.31392,0.571875,0.0534265,0.0186817,0.312091,0.799941,0.0158036,0.151653,7.33294,9.50602,20.8704,23.3676,0.271476,0.400236,0.392692,0.318408,9.86349,17.4459,15.3295,15.5063,25.1609,15.5295,38.1668,18.7469,43.0828,26.6677,29.9976,35.3667,15.6639,36.764,9.05289,32.438,6.91755,26.8317,7.03968,21.8756,9.04917,18.1317,13.69,15.8144,22.3985,15.2982,35.1783,17.5948,43.5931,24.4051,34.0502,33.7774,18.3231,37.1507,10.0784,33.7007,7.17506,28.139,6.84766,22.95,9.0539,45.0353,5.66583,62.499,3.27798,53.9459,2.48711,37.0046,2.5115,24.1095,3.06855,16.4348,4.16315,12.6856,5.87995,12.1086,8.10617,15.662,9.74853,27.8558,8.29043,51.6646,4.83499,62.4097,2.95261,49.4426,2.43374,33.0401,2.61016,21.6147,3.30293,15.1089,4.55527,12.2253,6.43807,12.5453,8.68628,17.759,9.75232,33.3776
35.2126,0.977126,0.0309682,6,127,0,-22.5863,1.21518,0.640551,0.054366,0.0189193,0.345561,0.73711,0.0178668,0.144533,7.78946,9.22745,18.501,21.0015,0.272948,0.380404,0.392596,0.297492,10.5233,15.3691,16.1996,13.738,25.918,14.0786,37.6007,17.6216,39.8734,25.5637,26.5717,33.1928,14.1547,33.4286,8.70187,28.7868,7.11731,23.3778,7.65785,18.8304,10.194,15.5802,15.57,13.8104,24.9381,13.949,36.7472,17.1506,40.3953,24.7685,27.912,32.797,14.9068,33.674,8.97414,29.2498,7.15834,23.8151,7.54009,19.1692,9.91967,41.9848,6.4855,67.9788,3.35378,64.3544,2.24683,45.3685,2.11953,29.5294,2.54696,19.6762,3.51997,14.4898,5.18339,12.8843,7.58955,15.4021,9.88992,26.4449,9.05959,52.7495,5.09991,70.3706,2.78966,57.9249,2.12493,39.0411,2.21369,25.3897,2.82457,17.3749,4.0238,13.5284,5.9644,13.1965,8.52571,17.933,10.1439,34.1232
33.6793,0.791104,0.0309682,6,127,0,-24.4057,1.40515,0.524059,0.0504001,0.0178327,0.291142,0.822208,0.0134696,0.15946,8.26504,8.38166,23.2587,26.2685,0.283125,0.320582,0.388888,0.32636,11.4557,19.7922,18.1714,17.9705,29.9353,18.461,44.0518,22.7756,45.9276,31.966,29.6212,40.1359,15.4262,40.2171,9.2899,35.2604,7.43144,29.4013,7.86308,24.3054,10.427,20.491,16.1345,18.2341,26.6298,18.067,41.0152,21.2771,47.5312,29.4524,34.1214,38.8229,17.997,40.8682,10.2476,36.6453,7.63323,30.7777,7.57988,25.4275,7.68757,42.9132,5.35681,53.6759,3.59967,47.4145,2.9232,34.643,2.94036,24.1223,3.44442,17.5315,4.39914,14.3122,5.79377,14.1008,7.4184,17.775,8.42515,28.1239,7.42765,45.135,5.05916,53.7328,3.45688,45.8195,2.89281,33.0449,2.98079,23.035,3.54421,16.93,4.55879,14.1099,6.00405,14.3224,7.61557,18.6787,8.43057,30.126
28.5461,0.899384,0.0309682,7,127,0,-20.521,1.17762,0.973161,0.0710199,0.0333998,0.349903,0.447714,0.0206452,0.150105,6.30951,7.11216,13.9183,28.273,0.29971,0.340783,0.260843,0.31809,8.3943,11.3796,12.8728,9.93773,20.8938,9.85692,31.8005,11.9533,37.0422,17.5387,26.7379,24.409,13.972,25.9152,7.95677,22.6754,6.01611,18.3765,6.0803,14.6333,7.75241,11.8602,11.5928,10.159,18.7382,9.7269,29.3479,11.2178,37.1357,15.9629,30.0153,23.1423,16.2605,26.1413,8.83833,23.5984,6.23864,19.3269,5.92932,15.3988,5.26286,47.9221,2.4106,53.4615,1.22634,44.1457,0.900093,32.8919,0.928055,24.0318,1.22656,17.9873,1.90085,14.4508,3.18331,13.4006,5.22919,15.9699,7.05455,26.1625,5.66965,45.7238,2.67295,53.9115,1.31023,45.6001,0.916931,34.2069,0.910156,24.9874,1.17189,18.6039,1.78818,14.7651,2.97931,13.3759,4.94092,15.3479,6.93844,24.2495
31.0729,1,0.0309682,7,127,0,-23.747,1.23625,0.635249,0.0254114,0.0216467,0.365484,0.701884,0.0171686,0.116654,7.77497,10.9377,43.3362,21.3442,0.28719,0.327481,0.381551,0.296884,9.9751,34.8976,15.193,29.893,24.9889,29.0651,38.9092,34.8262,45.9613,51.3059,32.6522,71.5843,16.7258,74.9738,9.63874,64.5584,7.58961,51.6927,8.10581,40.9144,10.9451,33.306,17.1596,29.2392,28.2557,29.7372,42.1026,37.8368,44.3976,56.8951,27.94,74.4097,14.2219,73.1053,8.80067,61.2844,7.51526,48.7224,8.57663,38.6946,10.9024,39.472,7.05271,56.7486,3.94874,52.2394,2.80406,37.8621,2.68186,25.6624,3.18565,17.81,4.30557,13.5755,6.17389,12.3014,8.78736,14.5113,11.1961,23.3708,10.4804,42.9321,6.42874,57.4869,3.67117,50.208,2.73549,35.7183,2.72174,24.1801,3.31521,16.9472,4.54065,13.1925,6.53371,12.3756,9.22039,15.3103,11.378,25.6917
31.0679,0.960936,0.0309682,6,63,0,-26.6173,1.25085,0.657484,0.0249928,0.0194145,0.306108,0.694483,0.0167174,0.111193,7.99756,11.305,39.953,21.372,0.275318,0.306521,0.388481,0.310939,11.0959,34.397,17.0517,31.893,26.5484,33.656,36.5666,42.2069,36.6714,58.5681,24.3656,72.4102,13.5294,72.5482,8.51835,63.8117,6.89405,53.2706,7.16998,44.017,9.14301,37.0477,13.4242,32.8128,21.0277,32.0566,31.5924,36.5741,38.5429,49.0596,31.7387,66.3171,18.5763,74.1446,10.6306,69.088,7.47501,58.9043,6.82035,48.7504,12.2045,41.1261,8.16147,65.8089,4.26648,63.9368,2.80282,46.5207,2.56846,31.0775,3.01366,21.0464,4.10429,15.5086,6.01067,13.4737,8.84456,15.2465,11.8353,24.242,11.7009,47.0871,7.11783,68.0022,3.79364,60.6633,2.68081,42.821,2.61221,28.5049,3.1874,19.5382,4.43382,14.7999,6.53836,13.4817,9.53007,16.3433,12.2275,27.8013
31.5521,0.981093,0.0309682,7,127,0,-25.0826,0.942984,0.709694,0.038761,0.0228981,0.489865,0.589751,0.023724,0.131016,6.29169,9.17388,19.5749,33.5374,0.325266,0.413369,0.236903,0.296033,8.46006,14.2271,13.3597,11.2151,22.7277,10.4294,37.6466,12.9587,49.8432,23.0326,36.5787,41.6562,15.8768,46.4061,7.94853,37.0119,5.98947,26.5802,6.44216,18.8038,8.87188,13.7553,14.1971,11.0002,24.2231,10.5124,39.6069,13.6311,49.9168,25.0098,33.6403,43.3865,14.3672,45.6879,7.5211,35.6907,5.94252,25.5044,6.61906,18.0714,6.74066,54.6626,3.57972,58.6093,2.15479,46.5477,1.76842,33.1288,1.89997,23.2519,2.45066,17.0611,3.51471,13.8924,5.24955,13.5691,7.57075,17.3674,9.19556,29.5289,7.47614,50.9288,4.09157,59.688,2.33574,49.487,1.79703,35.6631,1.83893,24.9716,2.29958,18.0737,3.24444,14.3221,4.83124,13.3733,7.0753,16.0887,9.055,26.0429
26.8154,0.875606,0.0309682,7,127,0,-20.8239,1.8732,0.661289,0.0451457,0.0196135,0.217391,0.681215,0.0108876,0.200089,8.19218,5.72634,37.7729,20.6273,0.277357,0.301978,0.529183,0.358723,10.7027,33.6114,16.2549,31.213,26.0167,31.4892,37.6791,35.904,40.1553,44.7736,28.3811,52.7244,16.2386,53.8094,10.0911,49.7294,7.90244,44.018,7.9998,38.5522,10.1376,34.1682,15.1179,31.4441,24.2,31.2124,36.0716,34.8739,40.8783,43.2161,30.6574,51.8652,17.7484,54.0866,10.7334,50.5541,8.07238,44.9347,7.85626,39.359,6.47518,36.4743,4.8562,59.493,2.70482,63.0983,1.72678,48.8816,1.49494,33.8561,1.66541,23.3694,2.17974,17.2675,3.10287,14.71,4.48814,15.7929,6.02794,22.9909,6.32967,41.6146,4.31593,62.6532,2.3955,60.7662,1.63037,45.3165,1.5029,31.1424,1.74749,21.6926,2.34367,16.423,3.36775,14.6001,4.83844,16.6877,6.27365,25.9367
21.7813,0.995964,0.0309682,7,127,0,-9.87195,1.1249,0.53851,0.0632725,0.0200718,0.36154,0.856684,0.0188226,0.135055,8.71274,11.1366,14.8212,22.4205,0.426756,0.33366,0.3495,0.444503,11.3963,12.4322,16.7177,11.2291,25.2837,11.5581,34.9642,14.2382,37.0276,19.9386,26.5493,25.5948,15.405,26.2477,9.87389,23.0143,8.07882,18.9035,8.45987,15.3411,10.7699,12.7646,15.574,11.3415,23.5985,11.3637,33.5124,13.5597,37.674,18.7964,28.8072,24.9007,16.922,26.5096,10.4936,23.6989,8.20932,19.5948,8.26241,15.8909,10.1307,41.9693,6.35124,54.4617,3.90716,45.1257,3.14642,30.4363,3.28394,19.7959,4.04712,13.6956,5.44112,10.9528,7.51246,11.0706,9.97205,15.3132,11.2664,28.0873,8.91957,48.6438,5.27375,53.0952,3.50876,39.943,3.11511,26.2427,3.4768,17.267,4.44776,12.4323,6.07276,10.6578,8.34627,11.9074,10.6828,18.4083,10.9144,35.0182
26.0627,0.999313,0.0309682,7,127,0,-13.6315,0.950908,0.647064,0.07726,0.018024,0.426778,0.74068,0.0224398,0.126494,8.37224,10.8108,9.55018,19.1748,0.318987,0.363558,0.384669,0.477856,11.1811,7.73013,16.5807,6.84923,25.251,7.10401,35.3783,9.17767,38.0502,14.0101,26.7636,19.2644,14.7924,19.8095,9.21823,16.7547,7.53633,13.1303,7.97568,10.164,10.2513,8.10799,14.9029,6.97999,22.7348,6.90464,32.9954,8.41115,38.7726,12.5279,30.413,18.2339,17.2229,20.1594,10.1578,17.6786,7.72671,14.0179,7.69521,10.8383,12.3655,41.5297,8.04844,75.7634,3.76096,73.4999,2.34086,50.5261,2.15479,31.7564,2.59894,20.3308,3.65723,14.294,5.53661,12.0681,8.43895,13.779,11.7236,23.6879,11.6217,52.8625,6.36541,79.7962,3.10821,66.8345,2.19895,43.93,2.23159,27.5317,2.85243,17.995,4.13565,13.2408,6.31973,12.0983,9.49756,15.5524,12.3346,30.1634
33.5027,0.998414,0.0309682,7,255,0,-17.4404,0.670407,0.577522,0.0178803,0.0171628,0.680656,0.790383,0.0376826,0.148185,7.14221,9.97724,26.2637,24.6315,0.310563,0.329193,0.341478,0.369769,9.46292,18.0765,13.9495,14.1129,21.3789,13.7604,31.6003,18.8053,38.6393,36.9021,28.9205,70.7711,13.9689,78.4336,7.90434,58.6223,6.53546,38.6185,7.29049,25.2343,9.7946,17.523,14.5344,13.9154,22.2814,13.9526,32.6224,19.8048,38.5824,39.8079,27.2205,73.4311,13.0181,77.1214,7.63217,56.4389,6.53185,37.0116,7.45491,24.2592,9.56608,50.205,5.74673,71.7106,3.16243,61.1645,2.34816,41.1395,2.3685,26.2777,2.91943,17.5297,4.01681,13.1972,5.77946,12.2632,8.17544,15.5599,10.2138,28.0931,8.98971,55.9884,5.0862,71.8614,2.91379,57.4065,2.30483,37.8646,2.43296,24.2359,3.0791,16.4365,4.29086,12.7742,6.1859,12.4839,8.64322,16.937,10.3305,32.1995
33.191,0.978787,0.0309682,7,127,0,-27.9057,0.839631,0.732201,0.0176101,0.0257276,0.543571,0.626479,0.0276186,0.155039,7.03687,7.69285,36.269,21.7149,0.317533,0.331369,0.262239,0.311409,9.46284,26.3202,14.5222,21.1272,23.4783,20.5206,36.2904,27.0627,44.2422,49.4018,31.0769,85.0465,14.45,90.3931,8.0181,70.3428,6.50411,49.5817,7.23819,34.6588,9.95183,25.3866,15.4464,20.7705,24.9877,20.861,37.9834,28.8283,43.8381,53.9626,28.4018,88.1991,13.1215,88.4797,7.63552,67.387,6.49302,47.271,7.47214,33.1461,7.44517,39.2769,4.5134,53.6107,2.45254,48.0777,1.7465,35.1595,1.70168,24.4007,2.08304,17.3952,2.9252,13.6152,4.36428,12.696,6.37972,15.53,7.97271,25.7587,6.72136,45.0531,3.73673,53.7853,2.14792,44.4533,1.68357,31.674,1.76988,22.0033,2.27381,16,3.27395,13.0504,4.90186,13.035,6.97573,17.4808,7.98889,30.7672
35.1796,0.914273,0.0309682,7,127,0,-23.7861,1.08823,0.742616,0.0534789,0.0239191,0.374031,0.569872,0.0198723,0.152055,6.85252,7.64147,16.0197,31.3738,0.314881,0.250874,0.383213,0.339534,9.44493,12.9119,14.8001,11.2381,24.2701,11.3122,36.9781,14.2898,42.3722,22.2274,29.109,31.8491,14.4941,33.3243,8.14782,28.4012,6.22546,22.4352,6.39984,17.449,8.28088,13.8464,12.5118,11.6551,20.41,11.0406,32.4949,12.7807,42.4725,18.8134,35.2485,28.9976,18.6312,33.8792,9.66948,30.4521,6.59926,24.4744,6.15024,19.0526,5.93125,51.7427,3.2091,57.9084,1.88116,47.4242,1.49115,34.3959,1.56222,24.425,1.98928,18.0122,2.84536,14.6207,4.26776,14.0907,6.20526,17.605,7.62189,29.0797,6.29832,49.4038,3.48784,58.3645,1.98344,49.1369,1.51013,35.9394,1.53326,25.4975,1.91306,18.6555,2.70648,14.901,4.05039,13.9782,5.94691,16.8223,7.55117,26.9774
30.9327,0.882268,0.0309682,7,127,0,-22.8089,1.1984,0.625422,0.0212128,0.0201139,0.326876,0.711298,0.0187279,0.179221,7.95392,7.13877,42.6855,22.7366,0.372086,0.408155,0.294494,0.290241,11.4206,36.7668,17.8794,34.6952,27.7005,38.1844,36.4631,50.7043,33.1213,71.9225,20.0429,85.4943,11.012,81.6164,7.31039,69.4602,6.36922,56.7656,7.10901,46.3322,9.59252,38.9465,14.603,35.0608,23.0615,35.7775,33.4008,43.8458,36.5681,62.2016,25.8924,81.7369,14.1662,85.0231,8.47533,75.1827,6.5461,62.1617,6.59213,50.5718,7.11022,41.7339,4.6516,59.841,2.63885,55.2425,1.88536,40.1225,1.80363,27.2237,2.13505,18.917,2.86903,14.4494,4.08466,13.1277,5.76909,15.5057,7.30299,24.8845,6.83983,45.3688,4.24755,60.6404,2.45586,53.1039,1.83967,37.8452,1.83002,25.6463,2.22072,18.0001,3.0235,14.0451,4.31905,13.2124,6.04803,16.3626,7.41767,27.3415
32.4186,0.91543,0.0309682,7,127,0,-24.7677,1.16264,0.727392,0.0275651,0.0221181,0.339641,0.61961,0.0198657,0.134109,7.37758,8.84756,32.1468,22.6869,0.351884,0.446871,0.338662,0.351468,10.4727,27.2274,16.3884,25.1735,25.793,27.1104,35.3877,35.693,34.1523,52.0881,21.2156,64.6725,11.3585,62.9187,7.24605,53.5197,6.11152,43.3676,6.67406,34.9727,8.89336,28.9742,13.4878,25.6426,21.4634,25.6796,31.9084,31.057,36.6781,44.6139,27.0243,61.0073,14.654,65.1568,8.47379,57.8318,6.34437,47.4952,6.25398,38.2249,9.11991,42.6251,5.67279,63.1552,2.91667,58.9829,1.93988,43.3658,1.8021,29.805,2.14851,20.8002,2.98883,15.6986,4.48859,13.8305,6.75964,15.7004,9.11799,24.7408,8.77866,46.4568,5.12853,64.1371,2.68694,56.8887,1.88149,41.0944,1.82524,28.1898,2.23884,19.8219,3.16431,15.2246,4.77755,13.8336,7.14239,16.4435,9.32896,27.1104
27.842,0.980913,0.0309682,6,79,0,-23.7627,1.16541,0.795123,0.0257738,0.0212607,0.380584,0.596143,0.0173526,0.128721,7.37461,9.29874,40.4445,21.7698,0.299133,0.467942,0.317054,0.377144,9.38121,31.8614,14.2686,26.5968,23.7306,25.0763,38.4179,29.226,49.4932,43.6928,38.3527,66.248,19.247,73.8299,10.2013,64.2884,7.41995,50.9122,7.47189,39.4719,9.70656,31.206,14.9522,26.2719,24.9488,25.1776,39.9375,30.0838,49.5545,45.764,36.3151,67.9822,17.9314,73.4159,9.74332,63.0111,7.32663,49.6838,7.58853,38.5297,10.5064,45.2262,6.20675,75.8252,2.70257,71.5656,1.61732,51.2586,1.45927,34.2162,1.77436,23.1038,2.59123,16.7507,4.15958,14.11,6.78276,15.5336,9.95943,25.2693,9.90956,53.4431,5.1039,78.1429,2.30904,67.1587,1.52762,46.793,1.4937,31.1475,1.91238,21.2624,2.87482,15.8288,4.66566,14.0164,7.53146,16.745,10.4581,29.8481
30.6026,0.993335,0.0309682,7,127,0,-20.5969,1.30966,0.72803,0.0617456,0.0196164,0.308823,0.611985,0.0172393,0.185561,6.51585,6.39284,17.497,28.8257,0.343688,0.226194,0.335299,0.292361,9.005,14.6422,14.2824,13.0757,23.7427,13.238,36.0472,16.2855,39.8263,23.5755,26.613,31.1743,13.5147,31.9902,7.76242,27.9884,5.95497,23.0477,6.10311,18.735,7.90869,15.4822,12.0758,13.4482,19.9969,12.9366,31.9636,14.8102,40.5716,20.6534,32.1811,29.1347,17.0732,32.503,9.10981,29.6007,6.29836,24.7056,5.87544,20.0985,6.09817,52.1288,3.65149,70.4529,1.97645,62.9954,1.40137,46.1994,1.35607,32.1688,1.64809,22.9363,2.30223,17.83,3.4312,16.3238,5.05642,19.3406,6.51225,31.1417,5.83895,55.6549,3.34783,70.7982,1.8534,60.8964,1.37257,44.0875,1.37619,30.6828,1.71167,22.0454,2.4213,17.4258,3.62045,16.4147,5.28833,20.2485,6.59195,33.7264
28.5468,0.958673,0.0309682,7,127,0,-17.5226,1.40495,0.670996,0.0304985,0.0254413,0.287831,0.650083,0.0141528,0.186956,7.62032,6.50732,39.0238,23.6298,0.275175,0.411619,0.328121,0.384004,10.3938,33.1464,16.3205,29.8886,26.8879,30.2496,40.3383,36.5436,44.1052,50.9257,29.8754,65.3199,15.6497,66.9649,9.16863,59.4195,7.06571,49.8126,7.2148,41.236,9.29361,34.6661,14.1063,30.5532,23.1794,29.6544,36.479,33.8271,45.0535,45.892,35.1526,62.0126,19.0529,67.8424,10.4979,62.1503,7.40952,52.6775,6.9771,43.6333,5.69946,40.1812,3.44169,49.2525,2.05606,42.1871,1.59401,30.6665,1.6176,21.4885,1.98657,15.6277,2.72882,12.5951,3.9192,12.1508,5.46595,15.2142,6.53946,24.8921,5.50989,41.6685,3.26381,49.1472,1.98427,41.1501,1.57998,29.6924,1.63735,20.8204,2.03773,15.2416,2.8181,12.4446,4.05042,12.2565,5.60606,15.7586,6.55191,26.2318
27.7874,0.955035,0.0309682,6,127,0,-21.3361,1.36576,0.65032,0.0345876,0.0235583,0.303416,0.670349,0.0146387,0.178873,7.17889,7.11516,31.7757,22.4775,0.244835,0.486153,0.275103,0.36482,10.3214,26.5788,17.0467,23.8405,29.3037,24.528,44.801,31.2235,46.7744,46.4558,28.1321,59.9656,13.5175,59.2424,7.83187,50.7557,6.24967,41.4095,6.73632,33.5479,9.20217,27.7538,14.766,24.3005,25.4137,23.8987,40.9618,28.6081,48.8171,41.7306,33.6985,57.6134,16.3582,60.6232,8.80188,53.3034,6.43384,43.8254,6.43067,35.4711,6.56363,40.8812,3.96389,53.9034,2.24757,47.0176,1.66448,33.7321,1.6465,23.0597,1.9995,16.2568,2.74149,12.6257,3.96648,11.6756,5.66052,14.0572,7.14252,22.9339,6.49403,41.5628,3.88302,53.9598,2.21403,46.5955,1.65678,33.3162,1.65255,22.7739,2.01747,16.0896,2.77391,12.5516,4.01623,11.6925,5.72051,14.2205,7.16737,23.4032
31.3496,0.988473,0.0309682,7,127,0,-18.6806,1.55478,0.363508,0.0563149,0.0112936,0.285114,1.07965,0.0156235,0.133934,6.29263,11.9045,24.8238,32.3509,0.39727,0.293355,0.36344,0.285218,8.28441,20.8587,13.0742,18.4457,22.3503,18.1678,35.4486,21.4354,40.4996,29.8612,27.1513,38.6941,13.6358,39.5859,7.81789,34.9252,6.093,29.1753,6.46113,24.1423,8.78822,20.3889,14.139,18.2457,24.1855,18.3824,37.2037,22.364,39.4747,31.4253,24.6471,39.3936,12.3478,39.0997,7.37596,34.0635,6.03385,28.3536,6.67164,23.49,10.6981,51.2548,8.01091,61.1533,5.99129,52.2992,5.20259,37.1523,5.2844,25.2756,5.97262,18.1393,7.15598,14.7681,8.75043,14.5005,10.5257,17.9188,11.8038,27.4768,11.3367,45.122,8.88502,60.1605,6.49444,56.565,5.34172,41.8831,5.18372,28.5376,5.69501,19.9598,6.72763,15.4963,8.20403,14.2456,9.96609,16.3155,11.519,23.5348
30.795,0.982498,0.0309682,7,127,0,-26.1363,1.65453,0.575517,0.0491396,0.0175583,0.24251,0.78114,0.0114629,0.196325,7.42338,6.54015,27.6646,24.0663,0.222371,0.386767,0.255547,0.320178,10.9662,24.0516,18.5544,22.2397,32.2436,23.2068,47.959,28.9778,46.5305,40.096,26.881,48.0998,13.1806,46.9993,7.7992,41.3676,6.24204,35.0965,6.68961,29.6077,9.11452,25.3773,14.727,22.737,25.7339,22.3583,42.0644,25.8175,50.4529,35.0948,35.4696,45.8566,17.6169,48.3506,9.3885,43.9544,6.59985,37.6766,6.28914,31.7733,6.6344,41.5421,4.76991,59.4712,2.95331,57.1511,2.17535,42.6714,2.06716,29.3923,2.38353,20.7026,3.08409,16.1084,4.1953,14.9694,5.6301,17.9319,6.77476,28.1599,6.2314,47.9886,4.12745,61.1094,2.62573,53.2918,2.08975,38.3001,2.12136,26.3246,2.55072,18.9502,3.37118,15.4142,4.60054,15.3382,6.05314,19.9959,6.85129,33.2581
25.6706,0.943591,0.0309682,6,63,0,-17.0644,1.57204,0.461839,0.0457673,0.0143691,0.263759,0.945855,0.0121622,0.25905,7.09889,5.68298,28.5274,24.3871,0.18985,0.413244,0.270391,0.309982,10.2763,24.2863,17.3249,21.9516,30.6489,22.4132,47.9335,27.8191,50.0178,39.8885,29.6146,50.1608,14.0181,49.6291,7.9757,43.294,6.24609,36.1618,6.6541,29.9894,9.10115,25.2907,14.84,22.3733,26.249,21.911,43.4928,25.6484,52.3772,36.0867,35.8135,48.3358,17.1394,50.6736,9.04734,45.265,6.46925,38.0816,6.35857,31.5655,5.64511,42.4281,4.21597,60.249,2.80357,57.1704,2.17887,41.6875,2.10878,27.9547,2.39675,19.328,2.9859,14.977,3.86224,14.0388,4.93244,17.0039,5.77749,26.7931,5.47502,46.2594,3.92283,61.3963,2.64068,54.814,2.13467,38.9623,2.1361,26.0873,2.47826,18.2957,3.11882,14.5766,4.04069,14.2302,5.11645,18.0932,5.83576,29.539
28.2875,0.614297,0.0309682,7,127,0,-17.2197,1.27072,1.1267,0.0436809,0.0362394,0.323909,0.40289,0.0150029,0.124575,7.10716,8.1756,23.1054,27.4498,0.543078,0.413041,0.405627,0.308131,10.1703,18.9629,16.7579,16.6909,29.0063,16.8798,45.7799,21.3861,51.0669,32.9938,31.9903,45.2978,14.9085,45.8655,8.21118,39.1015,6.28711,31.4182,6.57629,24.9712,8.79065,20.213,13.9152,17.2538,23.9685,16.4563,39.9407,19.1171,52.1888,28.1255,40.0558,41.9868,19.4648,46.9708,9.77225,41.7914,6.64512,34.023,6.27151,27.0468,6.45673,48.3079,2.78201,56.3883,1.27169,47.6274,0.862871,36.1383,0.858125,26.8077,1.13825,20.2248,1.82953,16.1723,3.25468,14.6913,5.74308,17.0136,8.18433,27.589,6.4236,48.4667,2.76115,56.3617,1.26546,47.5318,0.861579,36.0507,0.85922,26.7426,1.14194,20.1815,1.83767,16.1491,3.27059,14.6917,5.76715,17.0574,8.19271,27.729
30.8639,0.978067,0.0309682,7,127,0,-20.947,1.43602,0.811757,0.0403042,0.0249709,0.307348,0.518877,0.0154119,0.112751,6.34405,8.47618,31.519,28.245,0.375519,0.254065,0.390814,0.400532,8.44146,25.9016,13.501,22.4458,23.5419,21.7903,38.7282,25.8069,46.6856,37.574,31.7753,51.7403,15.1693,53.9257,8.21353,47.0396,6.16775,38.4977,6.41179,31.1186,8.64923,25.6248,13.9492,22.3146,24.3563,21.8727,39.6543,26.2794,46.408,38.5283,30.5174,52.2895,14.505,53.6668,7.99088,46.5176,6.12805,38.0004,6.4866,30.7254,7.85893,43.4976,5.09342,54.0087,3.04671,50.1848,2.22117,39.8474,2.09818,30.1062,2.44766,23.0555,3.28494,18.8615,4.72599,17.5266,6.7376,19.8356,8.46788,28.1332,7.87843,43.3522,5.11832,53.9808,3.05898,50.2645,2.2249,39.9447,2.09705,30.1835,2.44243,23.1066,3.27479,18.8871,4.70995,17.5246,6.71822,19.7924,8.45937,28.0221
31.3384,0.912389,0.0309682,7,127,0,-23.3976,1.35877,0.622927,0.0399164,0.0181707,0.314405,0.597201,0.01565,0.115887,7.4046,8.83625,28.719,40.3177,0.274124,0.320123,0.30648,0.367425,10.1316,23.9781,16.0717,21.3808,26.7948,21.6875,40.4201,26.8414,43.3114,38.7589,27.8683,50.0297,14.1598,50.1594,8.43078,43.3732,6.80206,35.5567,7.34733,28.9329,9.98199,24.1189,15.7723,21.4329,26.305,21.6059,39.9798,26.5282,43.5997,38.2339,28.5346,49.7934,14.5055,50.3283,8.55057,43.6678,6.81881,35.8333,7.29284,29.1493,6.80742,55.8643,4.38644,58.3559,3.05555,48.9012,2.61125,37.1316,2.71419,27.7,3.25295,21.4519,4.25017,18.1497,5.74587,17.7424,7.57983,21.1131,8.93482,30.6083,8.29093,46.8491,5.80712,58.7431,3.75191,55.6229,2.80777,44.3633,2.59601,33.2121,2.86657,24.9797,3.57156,19.8771,4.75581,17.637,6.42056,18.4745,8.223,23.8122
35.2089,0.789568,0.0309682,7,127,0,-24.0417,1.27843,0.754233,0.0573654,0.0218159,0.353762,0.634567,0.0182951,0.18345,6.39801,6.47362,19.5664,20.2415,0.353516,0.317045,0.373469,0.308946,8.42053,15.6785,13.2552,13.3476,22.6581,12.907,36.699,15.5396,44.2659,23.4998,30.3791,33.5254,14.5695,34.9867,8.0233,29.877,6.19718,23.7831,6.61916,18.7203,9.07129,15.1164,14.6189,13.101,25.0486,13.1087,39.2608,16.5714,43.2075,25.5672,26.7404,34.6063,12.7464,34.3057,7.43856,28.7051,6.13283,22.7277,6.90887,17.9266,7.3764,39.9727,4.76034,67.1825,2.24335,65.6842,1.37644,47.7188,1.23937,31.9348,1.48303,21.619,2.11053,15.8293,3.2745,13.6198,5.11756,15.4351,7.12601,25.4085,6.75468,51.1934,3.60066,70.4595,1.7888,59.5044,1.27127,41.2799,1.28931,27.5192,1.66393,19.023,2.46696,14.6174,3.87591,13.7196,5.91946,17.7422,7.45354,33.0095
34.8713,0.977742,0.0309682,7,127,0,-27.3714,1.50493,0.406583,0.047841,0.0116767,0.27058,1.05146,0.014511,0.121333,7.0383,13.3394,27.5162,27.4392,0.313435,0.425004,0.233556,0.281761,9.39051,23.588,14.5553,21.3199,23.8778,21.3792,35.9688,25.1947,40.0022,34.0117,27.9678,43.0533,15.0026,44.5099,8.8143,40.0853,6.72416,34.1187,6.77417,28.6482,8.62857,24.3822,13.0032,21.6804,21.2665,21.0945,33.2452,23.8497,40.6052,31.5655,31.6125,41.4368,17.4335,44.888,9.79127,41.3943,6.98508,35.5289,6.6066,29.8489,12.9601,48.9081,9.63751,68.4809,6.56381,62.8405,5.26355,44.2936,5.18668,28.9024,5.89836,19.6495,7.25674,15.1559,9.20683,14.2994,11.5361,17.5631,13.3921,28.2039,12.8532,50.1365,9.45567,68.8344,6.46254,62.0542,5.23686,43.4175,5.20484,28.3218,5.94947,19.3369,7.33775,15.0351,9.31365,14.3492,11.6477,17.8663,13.439,28.9985
22.6294,0.922232,0.0309682,7,255,0,-16.6328,0.663553,0.93894,0.0187964,0.0307564,0.725287,0.513908,0.0332945,0.0856849,7.4464,13.3105,25.2167,19.1573,0.339321,0.418768,0.637259,0.323322,9.88333,16.1969,14.8446,11.7378,23.479,10.628,36.5723,13.8279,49.1384,28.5136,40.1025,66.6551,17.6276,82.1097,8.8266,59.8402,6.96208,37.2973,7.76742,22.9469,10.6427,15.0015,16.2329,11.2593,25.7495,10.8288,39.5312,15.4077,49.8808,34.3071,35.1392,74.0743,14.8639,79.112,8.12729,54.7656,6.95646,33.794,8.16766,20.9316,14.346,39.9958,7.25217,61.4909,2.93138,54.9712,1.74918,39.7077,1.61353,27.3067,2.04336,19.0281,3.16198,14.1376,5.44106,12.0958,9.49197,13.5308,14.345,22.6826,12.968,47.2099,5.68987,62.0813,2.46259,51.1901,1.65199,36.1996,1.6701,24.8635,2.24641,17.5137,3.59958,13.3621,6.27477,12.0569,10.7738,14.7873,14.98,27.3529
24.9647,0.989516,0.0309682,7,255,0,-14.1805,0.864348,0.829815,0.0198148,0.0249298,0.551545,0.5692,0.0249523,0.152492,7.63404,7.03094,36.5628,20.5897,0.36254,0.394225,0.636986,0.333833,9.82702,26.0621,14.8419,20.2786,24.1007,18.7919,38.1915,23.3667,49.3325,41.1865,37.4747,74.0646,17.5707,83.031,9.38953,65.6359,7.40323,46.2719,8.1516,32.2163,11.2287,23.5065,17.5712,19.2344,28.6595,19.5106,43.4565,27.6094,48.3078,52.3791,29.3194,81.8783,13.5093,78.2317,8.24996,58.2978,7.41628,40.5959,8.95361,28.5531,7.99513,38.1871,5.18858,61.1598,2.47505,60.4925,1.49996,45.6562,1.31983,31.835,1.5545,22.3266,2.20655,16.7299,3.45348,14.4471,5.47225,15.9937,7.70399,24.9389,7.38091,47.1058,4.02543,63.9794,1.99752,55.8784,1.37966,40.4683,1.35861,28.0727,1.72539,20.0006,2.55651,15.5798,4.06026,14.4592,6.29965,17.9051,8.07197,31.0682
21.4649,0.957766,0.0309682,7,127,0,-10.1364,0.858421,1.00267,0.0201066,0.033299,0.467383,0.441317,0.030795,0.170645,7.41547,6.5683,32.7553,31.2045,0.313617,0.430579,0.22421,0.341427,9.68793,26.5971,13.8509,23.8168,20.1522,25.0682,26.9908,32.5928,28.417,49.0982,20.6441,66.5758,12.1608,68.4561,7.9693,57.9067,6.67952,45.2263,7.07972,34.8992,8.93677,27.8749,12.5634,24.197,18.3412,24.2679,25.4158,29.8396,28.9936,44.0478,23.1816,63.0844,13.9583,69.6391,8.70163,61.1674,6.82372,48.3782,6.83919,37.269,4.3232,53.2708,1.78276,56.1165,0.895266,44.66,0.677637,32.6794,0.729663,23.6291,1.00936,17.5633,1.63579,14.0664,2.8572,13.1344,4.85607,16.1572,6.55469,28.2245,4.81482,50.6742,2.03105,57.0904,0.966163,46.5637,0.688938,34.2849,0.70873,24.7675,0.950637,18.289,1.51301,14.4299,2.62796,13.0832,4.52444,15.3229,6.45102,25.5675
25.2858,0.967808,0.0309682,7,127,0,-10.9399,1.11111,0.537947,0.0808244,0.0152082,0.333293,0.857519,0.0208,0.134325,7.23047,10.9141,10.41,22.4592,0.39952,0.459425,0.480305,0.302082,10.1185,8.90336,15.4506,8.28185,23.7002,8.87682,32.2034,11.4395,32.1598,16.3814,21.3788,20.6665,11.8557,20.7245,7.45315,18.0246,6.01362,14.805,6.20554,12.0177,7.80264,9.9356,11.2491,8.64606,17.3558,8.29826,26.1712,9.32076,33.4394,12.5459,29.9486,17.7931,18.3551,21.1035,10.2778,20.1662,6.86674,17.1691,5.93,14.0114,11.4682,44.7148,7.9197,72.0616,4.46622,68.4441,3.15581,47.5575,3.01743,30.2646,3.55807,19.8329,4.71629,14.5597,6.57537,13.0765,9.10116,15.8088,11.435,26.9974,10.8021,53.7035,6.70938,74.6473,3.91523,62.8967,3.03081,41.9172,3.10989,26.6475,3.82263,17.8866,5.17088,13.776,7.23937,13.3388,9.86654,17.8021,11.7118,32.9623
25.355,0.923031,0.0309682,7,127,0,-17.0168,0.888617,0.888772,0.0211717,0.0248195,0.450033,0.481893,0.0276536,0.179727,7.30112,6.24301,31.6967,31.2249,0.29791,0.248142,0.273518,0.34604,9.74912,25.4765,14.3464,22.536,21.6096,23.4815,30.0557,30.6648,32.4762,47.6454,23.1394,66.8497,12.8597,69.3017,8.0035,58.3319,6.5173,45.2229,6.84904,34.5673,8.70957,27.2276,12.4966,23.1548,18.8493,22.628,27.3491,27.2707,32.9851,40.7582,27.1829,61.4708,15.7514,70.6374,9.15041,62.7344,6.77468,49.5197,6.56843,37.828,5.16529,56.7328,2.48773,68.8891,1.21829,58.1537,0.847709,42.9113,0.833747,30.7098,1.05704,22.3973,1.57824,17.4332,2.56744,15.4932,4.19438,17.4016,6.0117,27.1206,5.71411,50.6771,2.99763,68.7385,1.39487,61.5155,0.890425,46.2039,0.815598,33.1253,0.984431,23.9669,1.42649,18.2927,2.29085,15.655,3.77138,16.5037,5.67001,23.8362
25.7086,0.997972,0.0309682,7,127,0,-16.4518,0.964877,1.12922,0.0265381,0.0308904,0.407585,0.434558,0.022842,0.178413,7.33156,6.38739,26.9149,29.2992,0.21809,0.346384,0.31777,0.424904,10.1434,21.7741,15.5301,19.3064,24.3685,20.1213,35.0466,26.4377,38.0199,41.6841,25.8543,58.6441,13.4782,60.3109,8.01007,50.7494,6.35484,39.5933,6.62174,30.4565,8.48755,23.9981,12.4669,20.1828,19.5345,19.2201,29.8718,22.3802,38.4224,32.9445,33.1777,51.3224,18.7155,61.6338,10.0405,56.1455,6.86841,44.9939,6.29403,34.6668,5.26522,58.0699,2.03871,70.3923,0.849084,57.6259,0.566792,42.0617,0.581438,30.0813,0.812322,21.9773,1.38321,17.1929,2.59926,15.6827,4.77182,19.336,6.61568,35.7921,4.25381,65.0734,1.54381,68.1623,0.723982,53.1523,0.549613,38.3706,0.621051,27.4996,0.925469,20.3547,1.63505,16.428,3.09819,15.9972,5.46157,22.0454,6.44261,43.7987
26.0617,0.988485,0.0309682,7,127,0,-18.9574,0.890697,0.393787,0.0301711,0.0141026,0.47333,1.07247,0.026598,0.169063,7.44019,9.96035,24.0843,23.5285,0.494881,0.36264,0.331401,0.306105,9.56455,18.7314,13.9184,15.8529,21.2485,15.6524,30.8883,19.4774,36.2645,30.3202,27.911,45.6693,15.4036,50.1089,9.10765,42.6737,7.12224,32.7768,7.34337,24.6522,9.31001,19.0855,13.4457,15.9997,20.5098,15.5447,30.0887,18.9313,36.2811,29.0902,29.0408,44.5893,16.2358,50.3317,9.42707,43.4971,7.18859,33.5675,7.25844,25.2388,9.3427,42.7181,6.68908,57.3412,4.55909,49.7663,3.75037,33.8504,3.78276,21.6984,4.36223,14.6803,5.40077,11.3936,6.86288,10.9327,8.58924,13.7957,9.93129,22.9061,9.4261,41.7622,6.81201,57.1679,4.62228,50.4198,3.76497,34.5082,3.76866,22.1171,4.32682,14.9003,5.34577,11.4762,6.79079,10.8934,8.51364,13.5708,9.89853,22.3053
28.0221,0.981085,0.0309682,7,127,0,-17.4479,0.981999,0.301726,0.0355048,0.0101956,0.444886,1.2897,0.0213467,0.178813,7.0713,9.78083,20.2296,28.0894,0.211357,0.372756,0.337087,0.310061,10.0822,15.5018,16.3178,13.0732,27.5565,13.247,43.0702,18.0083,48.8586,32.0657,30.0152,49.0412,13.3956,48.7723,7.51657,38.5901,6.13947,28.4768,6.87685,20.9035,9.61946,15.9097,15.4133,13.228,26.0293,13.0622,41.3936,17.1204,49.5082,29.9863,32.5728,47.8454,14.5781,49.57,7.86531,39.8085,6.17135,29.4824,6.70589,21.6092,9.21781,43.2089,7.52612,53.6173,5.96509,48.8113,5.224,36.1011,5.19033,25.0025,5.65489,18.0406,6.49014,14.6428,7.59573,14.1614,8.7952,16.8953,9.68005,24.4968,9.54289,38.4001,8.08769,51.9186,6.35947,51.6869,5.36261,40.068,5.14,27.9405,5.47047,19.73,6.20363,15.3476,7.23999,14.0057,8.43993,15.6561,9.48393,21.5384
33.4997,0.952444,0.0309682,7,127,0,-17.0385,1.75924,0.786598,0.085562,0.0261709,0.255451,0.56796,0.0130864,0.143735,7.11032,7.69871,19.6931,25.3142,0.441615,0.303256,0.352613,0.323325,8.68974,16.8746,13.0048,15.0078,21.6296,14.5005,34.486,16.1791,41.7705,20.9723,31.1974,26.6245,16.8334,28.0568,9.66159,25.6603,7.25397,22.1245,7.34096,18.8121,9.58028,16.2342,14.9438,14.6998,25.0104,14.7051,37.9029,17.2171,40.4794,22.7388,26.591,27.5683,14.0939,27.6313,8.63563,24.687,7.06881,21.1296,7.73758,17.9915,7.00285,43.016,4.13096,54.3807,2.30969,48.0393,1.6896,35.9343,1.66635,25.7809,2.05142,18.9918,2.8955,15.2604,4.34041,14.4316,6.34261,17.554,7.8292,28.0961,6.50955,46.4457,3.66049,54.2908,2.12388,45.8143,1.64991,33.7639,1.70876,24.2357,2.17245,18.0614,3.1195,14.8716,4.68844,14.6543,6.72837,18.8371,7.8453,31.2475
31.9681,0.989381,0.0309682,7,127,0,-18.1397,1.83556,1.6349,0.0453714,0.050412,0.227589,0.292471,0.0121417,0.165838,6.70422,5.82559,36.2305,30.6492,0.241157,0.322846,0.324547,0.348982,9.05792,31.6796,14.458,28.9882,24.5886,29.1086,37.7398,33.8839,40.7916,44.316,26.9481,53.7464,14.0409,54.475,8.24319,49.3928,6.36848,42.8748,6.56398,36.8715,8.64843,32.1367,13.5953,29.1871,23.1103,28.8944,36.3327,32.9978,41.4932,42.9004,28.9035,53.0369,15.1613,54.8035,8.66898,50.1344,6.46582,43.647,6.44933,37.5308,3.5524,53.0498,1.06044,55.9735,0.403922,46.5658,0.25616,36.5983,0.257063,28.4646,0.369395,22.3378,0.688779,18.126,1.50799,16.0671,3.37953,17.6628,5.73849,28.5686,3.94505,51.242,1.20373,56.5964,0.436689,47.672,0.262565,37.573,0.252207,29.2251,0.350623,22.8924,0.638971,18.4777,1.38276,16.1569,3.12069,17.2102,5.59342,26.6834
34.8908,0.97962,0.0309682,7,127,0,-25.8129,1.09217,0.773569,0.0515329,0.0253143,0.39708,0.562856,0.0201145,0.112379,6.89327,9.9667,17.1311,28.3272,0.394918,0.305265,0.379653,0.349039,9.39325,13.5154,14.7947,11.5177,24.66,11.4162,38.4476,14.4476,44.7591,23.1181,30.1011,33.8877,14.474,35.0756,8.11744,29.2541,6.37486,22.6447,6.8299,17.3329,9.22802,13.6442,14.4657,11.5714,24.103,11.3681,37.8372,14.2077,44.933,22.5961,30.9931,33.5563,14.9527,35.2365,8.27433,29.563,6.3985,22.9214,6.77032,17.5382,8.36669,47.034,4.73779,55.627,2.72857,47.3629,2.08704,35.0593,2.12555,25.1788,2.6626,18.6796,3.7817,15.1863,5.66022,14.5902,8.20822,18.0564,9.9914,29.2015,8.1736,47.9816,4.57734,55.5075,2.66735,46.6983,2.07503,34.4372,2.14201,24.7401,2.70701,18.416,3.86291,15.0766,5.78585,14.654,8.34872,18.421,10.0039,30.1062
33.7049,0.974304,0.0309682,7,127,0,-28.1621,1.0191,0.986046,0.0266316,0.0323898,0.44627,0.453035,0.0228888,0.163536,6.21139,6.49595,31.9881,28.27,0.326883,0.380692,0.368522,0.394005,8.22374,24.0557,12.8543,19.4728,21.7136,18.3306,35.5269,22.4267,45.8479,37.3952,33.5891,62.1687,15.3938,68.3716,7.96867,56.2555,5.99445,41.9891,6.34943,30.8436,8.61729,23.3321,13.6603,19.1404,23.1421,18.4788,37.3157,23.4978,45.7715,40.2119,30.9963,64.4008,13.9964,67.4699,7.54356,54.4633,5.938,40.4517,6.51386,29.7524,5.04196,48.4977,2.35673,55.5527,1.18687,46.3538,0.860495,34.6072,0.881729,25.2783,1.16418,18.9219,1.80704,15.242,3.02864,14.2512,4.94614,17.2578,6.50483,28.6374,4.97931,48.8753,2.31658,55.4695,1.17409,46.0995,0.858106,34.3791,0.884903,25.1137,1.17345,18.8173,1.82599,15.1917,3.06243,14.2648,4.99082,17.3895,6.51207,29.0102
30.4523,0.86106,0.0309682,7,127,0,-22.3646,0.763933,0.495778,0.0335393,0.0149789,0.592799,0.803411,0.0312556,0.121957,6.58896,11.1266,16.3351,30.5846,0.403068,0.362134,0.35779,0.263631,8.94391,11.4519,13.7171,8.95126,22.0915,8.56483,34.3876,11.3598,43.641,21.9125,32.1347,42.098,14.4511,46.9249,7.61933,35.8403,6.0132,24.3276,6.59609,16.3035,8.96093,11.4339,13.7489,8.94392,22.1442,8.56903,34.4536,11.3873,43.647,21.9973,32.0304,42.1846,14.3926,46.8916,7.60267,35.7767,6.01165,24.2784,6.60327,16.272,9.9592,51.1943,6.73986,63.694,4.44415,55.4771,3.56794,40.0373,3.55306,27.4916,4.12318,19.5526,5.23175,15.4029,6.89888,14.3714,9.00872,16.9317,10.8597,25.7144,10.685,44.1821,7.78616,62.0495,5.00213,59.7136,3.7324,44.9351,3.48717,31.0091,3.88179,21.641,4.81533,16.3796,6.30338,14.3663,8.30612,15.6129,10.3816,21.9433
32.7897,0.998277,0.0309682,7,127,0,-26.4895,0.828081,0.560338,0.0318549,0.0171822,0.541896,0.746385,0.0276502,0.115371,6.73598,11.9144,18.775,29.3796,0.424374,0.367993,0.370006,0.265648,9.2809,13.5609,14.4837,10.8727,23.7161,10.6087,37.0983,14.2198,45.6459,26.8832,31.5299,47.8067,14.0581,50.821,7.5776,39.1519,6.06333,27.3182,6.71138,18.8823,9.22235,13.6232,14.3725,10.8976,23.5305,10.5897,36.875,14.1107,45.663,26.5748,31.8806,47.5511,14.2377,50.9439,7.62902,39.3605,6.06766,27.4824,6.68724,18.9905,10.4047,52.6638,6.35575,65.605,3.86463,54.9283,3.04369,38.3562,3.09605,25.7483,3.74619,18.0146,5.00386,14.0588,6.96436,13.1998,9.5446,16.156,11.758,26.5364,10.9481,48.6238,6.97449,65.3678,4.13118,57.5646,3.10446,40.905,3.04395,27.4611,3.59998,18.9948,4.75156,14.4894,6.59247,13.1232,9.10045,15.3062,11.517,24.0595
35.3363,0.979408,0.0309682,7,127,0,-27.3287,1.44675,0.932146,0.0372555,0.0290539,0.28831,0.520468,0.0148406,0.215058,7.11603,5.07977,32.4907,21.8804,0.252515,0.224227,0.301131,0.363502,9.94405,27.5545,16.0294,24.9152,26.9564,25.5268,40.3769,31.6192,42.0238,44.8278,26.3292,56.3328,13.3306,56.0442,7.94812,48.8561,6.39056,40.6039,6.86271,33.5057,9.29089,28.2315,14.7136,25.1669,24.7866,25.1239,38.4219,30.0939,43.2788,42.3207,29.2512,55.1812,14.8695,56.7901,8.49455,50.2298,6.48769,41.9295,6.6613,34.572,5.28721,41.9268,2.86825,60.8008,1.29418,54.9491,0.82058,40.5194,0.772743,28.4361,0.975751,20.3022,1.48221,15.6093,2.46681,14.0345,4.06628,16.6702,5.53955,28.4265,4.40188,52.2739,2.01678,60.7868,1.01659,49.0079,0.766527,35.0099,0.827226,24.5866,1.14199,17.9637,1.82176,14.5613,3.06353,14.4627,4.8118,19.9831,5.48845,37.6808
34.3139,0.490751,0.0309682,7,127,0,-28.3104,1.20411,0.884602,0.036015,0.0277466,0.339123,0.489242,0.0175172,0.216865,7.5198,5.01646,28.1579,26.7945,0.261934,0.24053,0.289175,0.358571,9.9833,23.308,15.2,20.6003,24.3598,20.6231,36.3218,24.996,41.2511,35.9065,29.6255,48.4856,15.8859,50.9725,9.29585,44.8648,7.12987,36.749,7.2301,29.6094,9.1869,24.2839,13.6327,21.0332,21.7805,20.3064,33.536,23.4149,41.5583,32.7245,33.3949,46.075,18.5227,51.4435,10.3405,46.6996,7.3969,38.6618,7.04229,31.167,4.3818,47.8712,2.25287,59.9582,1.12253,51.9215,0.773437,38.7692,0.7485,27.9192,0.933547,20.4633,1.37183,16.0198,2.19501,14.3381,3.51759,16.191,4.9215,25.0375,4.59256,45.2738,2.46398,59.8073,1.19955,53.3623,0.79248,40.2225,0.740341,28.9936,0.901085,21.1592,1.30478,16.3914,2.07545,14.3816,3.34298,15.7231,4.80267,23.4584
36.3284,1,0.0309682,7,127,0,-30.9142,1.48006,0.476355,0.0618531,0.015098,0.287506,0.931688,0.015325,0.121812,6.48081,12.3021,21.6225,25.0294,0.333817,0.385877,0.332276,0.279519,8.37852,18.1278,12.9303,15.9414,21.7213,15.4953,34.6595,17.8595,41.9771,24.5632,30.8061,32.8458,15.971,34.9615,8.85004,31.4456,6.48745,26.4263,6.43501,21.8359,8.22532,18.2799,12.6033,16.0178,21.1377,15.4623,33.976,17.639,42.0324,24.1114,31.6878,32.5199,16.551,35.0315,9.07066,31.6927,6.5426,26.686,6.39397,22.0523,11.8534,44.5418,8.40414,61.146,5.48534,55.0583,4.34161,38.8762,4.32146,25.7304,5.03957,17.8035,6.41149,13.9922,8.423,13.5209,10.8285,17.1893,12.5063,28.5518,11.2389,49.6227,7.58402,61.7224,5.09104,51.5728,4.25937,35.4386,4.4256,23.5035,5.29336,16.6228,6.81357,13.5966,8.9537,13.9141,11.3422,18.9025,12.5485,32.6832
35.553,0.993415,0.0309682,7,127,0,-32.12,1.54378,0.628697,0.048125,0.0202828,0.286052,0.727721,0.0146387,0.117046,6.88026,11.2227,28.3899,23.1805,0.286517,0.454881,0.320612,0.297851,9.20949,23.9233,14.6472,21.297,24.9623,21.2357,38.8508,25.4588,42.7201,35.6158,27.7059,45.3834,13.9496,45.7406,8.18244,40.1108,6.53434,33.4493,7.06321,27.6932,9.7257,23.4515,15.7198,21.114,26.7623,21.5023,40.4251,26.4912,41.5289,37.244,25.3565,46.0141,12.787,45.1849,7.78919,39.2048,6.49437,32.5989,7.28326,27.0243,10.9704,42.9033,7.00036,60.1883,3.98581,54.0322,2.9199,38.565,2.86926,25.9527,3.46884,18.0563,4.7265,13.9904,6.76859,13.1351,9.49544,16.3709,11.605,27.7223,10.0141,49.7204,5.87199,60.6097,3.5211,49.6351,2.82697,34.3821,2.98154,23.1804,3.7637,16.5137,5.23852,13.408,7.51793,13.5562,10.2934,18.5729,11.6413,33.402
34.0731,0.957118,0.0309682,7,127,0,-29.3678,1.96314,0.691678,0.0538057,0.021009,0.214028,0.664459,0.0111104,0.117302,6.21119,10.24,32.0344,23.8847,0.236376,0.368616,0.28066,0.291107,8.83948,28.0524,14.9435,25.7359,26.8324,26.0453,42.3411,30.9365,43.9256,41.2752,26.2589,49.5248,12.7059,49.1832,7.27592,44.1378,5.65821,38.202,5.98289,32.8509,8.19755,28.6349,13.5431,25.9847,24.3235,25.7336,39.9801,29.6669,45.502,39.311,29.5229,48.7163,14.328,49.7284,7.8462,45.1369,5.77542,39.2042,5.80761,33.7013,10.3505,42.848,6.73447,61.1592,3.7496,56.9659,2.63745,42.0625,2.51354,29.0774,3.00275,20.5619,4.11148,15.9513,5.98517,14.7192,8.58299,17.7146,10.7244,28.7781,9.4137,50.465,5.51475,62.2116,3.22672,52.3594,2.51765,37.3423,2.61105,25.8015,3.29191,18.6602,4.63477,15.1741,6.77718,15.1267,9.45632,20.1592,10.8067,35.0696
26.127,0.497726,0.0309682,7,127,0,-19.3476,0.857357,1.0292,0.0342963,0.0313421,0.471284,0.421447,0.0238679,0.245737,7.92735,3.89566,18.2058,35.1858,0.394863,0.235148,0.392973,0.368951,10.793,14.1479,16.3049,12.1258,25.4442,12.361,37.2269,16.29,42.6624,27.149,30.4685,41.7941,15.63,44.5375,9.00446,36.7993,7.04969,27.6578,7.33403,20.4248,9.39381,15.5075,13.7309,12.6869,21.3499,11.9462,32.5406,14.1087,42.3091,21.8331,37.0321,36.5674,20.548,45.2968,10.8416,40.4152,7.48242,31.1386,7.01079,23.0139,2.67682,53.3875,1.28385,55.9945,0.71271,46.3542,0.55638,35.361,0.593643,26.6353,0.797452,20.6531,1.23983,17.2986,2.04985,16.8545,3.22046,21.0495,3.9086,34.091,2.77819,52.6123,1.34023,56.3218,0.731136,47.0243,0.559277,35.9572,0.587129,27.0717,0.779941,20.9314,1.20497,17.4221,1.99021,16.7803,3.14995,20.607,3.91379,33.0258
28.416,0.983962,0.0309682,7,127,0,-17.8583,0.890281,0.916033,0.0349699,0.027874,0.542659,0.455862,0.028271,0.111093,6.22792,9.71111,19.5563,37.9675,0.371183,0.400878,0.427728,0.299112,8.52021,13.9305,13.5239,10.9682,22.8066,10.5263,36.7356,14.0946,45.2173,27.1737,29.263,47.58,12.4539,48.2888,6.85546,36.251,5.77316,25.032,6.77593,17.2979,9.85589,12.6443,16.1272,10.5106,27.174,11.1267,41.3823,17.0854,42.4269,34.5699,21.9986,50.583,9.68402,44.6032,6.18081,32.0652,5.91107,22.0008,7.55722,15.3984,6.07312,59.6202,2.71388,60.0971,1.49924,47.5084,1.19694,34.8079,1.30514,25.2757,1.77356,18.9386,2.7653,15.3537,4.59068,14.5093,7.41263,17.781,9.80764,29.9566,7.77137,53.0428,3.65385,62.5065,1.79269,52.6219,1.24922,39.2243,1.22566,28.4317,1.55036,20.9577,2.31706,16.3856,3.79133,14.4643,6.26986,15.8785,9.20529,23.9057
36.1446,0.99114,0.0309682,7,127,0,-26.5413,1.38162,0.474521,0.0537238,0.0145057,0.300784,0.94045,0.015705,0.185078,7.678,8.1878,21.5386,21.8026,0.279174,0.308556,0.257894,0.323118,10.5393,18.337,16.5021,16.7011,26.7099,17.2608,38.4122,21.3896,39.185,29.8224,25.2691,36.9353,13.4946,36.7031,8.39509,32.0507,6.91261,26.6691,7.47194,22.05,10.0251,18.6697,15.5078,16.8082,25.1679,17.0252,37.1729,20.5962,40.1468,28.6067,27.2647,36.407,14.5824,37.0862,8.79302,32.7441,6.97445,27.3373,7.29775,22.5822,8.47101,41.2597,6.22328,64.6263,3.83432,62.7378,2.81812,44.5149,2.6842,28.639,3.0766,18.9237,3.91287,14.0116,5.20456,12.6303,6.88299,15.032,8.40973,24.4385,8.21472,46.328,5.67807,66.644,3.54212,59.7072,2.74062,41.0254,2.72362,26.3244,3.20238,17.6649,4.12449,13.4933,5.50223,12.7521,7.21883,16.1185,8.56874,27.5801
34.8317,0.988252,0.0309682,7,127,0,-28.498,1.13922,0.799327,0.0260209,0.0258834,0.379916,0.512624,0.0184725,0.119409,6.55892,8.92382,34.4672,35.3299,0.334146,0.3191,0.331795,0.347946,9.2536,27.1795,15.1323,23.1372,26.216,22.9647,42.2501,29.4712,49.3435,48.6125,31.3077,71.9247,14.0456,73.3135,7.60049,60.5452,5.90759,46.7079,6.36436,35.6811,8.74927,27.962,14.0984,23.4778,24.3843,22.7,40.1079,28.0172,49.8824,45.2634,34.3836,69.7909,15.5842,74.3588,8.08065,62.4665,5.98515,48.4141,6.20216,36.9539,6.18026,53.5608,3.2207,55.284,1.94764,44.4813,1.60166,32.7331,1.72539,23.8204,2.24726,18.0079,3.28234,14.9138,5.0184,14.5496,7.38944,18.2177,9.03595,29.7157,7.2752,48.977,3.93702,56.7829,2.20296,48.2628,1.647,36.1026,1.64648,26.2124,2.04032,19.4869,2.89846,15.5891,4.40278,14.3317,6.63334,16.4888,8.78257,25.0644
32.7033,0.970093,0.0309682,7,127,0,-26.8452,1.11958,0.649567,0.0330572,0.0214407,0.388912,0.690631,0.0206146,0.167202,7.44452,7.12049,29.3377,21.3738,0.209413,0.257421,0.323979,0.303323,9.56846,23.6103,14.2757,20.3516,22.6464,20.0432,33.8845,24.3042,39.2593,35.8296,28.6895,50.0537,15.4139,52.8903,9.1246,45.6817,7.20136,36.4546,7.5619,28.6763,9.89637,23.1815,14.9144,20.1778,23.6701,20.2164,34.9007,25.0734,38.9197,37.3144,27.1926,50.9734,14.5081,52.477,8.797,44.7826,7.15142,35.6095,7.6972,28.0371,7.39788,37.3598,5.17005,54.7949,2.9947,53.3751,2.08699,40.3346,1.93133,28.0802,2.22891,19.8177,2.94865,15.2183,4.16255,13.7219,5.85322,15.8115,7.40588,24.2942,7.0365,42.3957,4.52642,56.4137,2.67288,50.6127,1.99753,37.0373,1.96631,25.6879,2.36347,18.3879,3.19616,14.5741,4.53835,13.8441,6.29335,17.1156,7.573,27.8733
32.4439,0.979234,0.0309682,7,127,0,-27.1707,1.34416,0.848147,0.0633,0.0258562,0.342773,0.508458,0.0173349,0.166765,6.5507,6.74954,19.5709,32.3623,0.4962,0.352256,0.317481,0.338593,8.27342,15.7467,12.7367,13.3424,21.6783,12.6618,35.6401,14.7001,44.8289,21.4297,32.6586,30.6381,16.038,32.7622,8.69723,28.4968,6.5489,22.9775,6.85087,18.2655,9.27676,14.8575,14.8907,12.927,25.518,12.9169,39.8839,16.1672,43.4195,24.3929,26.7819,32.2851,12.9481,31.8496,7.68586,26.8036,6.42936,21.4209,7.33858,17.0826,5.11033,54.6519,2.52976,61.1585,1.37721,50.0776,1.05273,36.6259,1.0992,26.2522,1.43252,19.4164,2.13964,15.6304,3.39558,14.7826,5.24362,18.1623,6.72074,30.2512,5.42044,52.4803,2.74346,61.6233,1.44946,51.5986,1.06624,37.983,1.08043,27.2097,1.38032,20.0084,2.03875,15.9072,3.22612,14.7121,5.02549,17.4827,6.65366,28.3027
30.3234,0.932602,0.0309682,7,127,0,-23.2392,1.3982,0.584995,0.0355144,0.0189128,0.313154,0.752102,0.0148442,0.107214,7.58537,11.2329,36.1159,22.0379,0.233639,0.34759,0.369961,0.293103,9.56753,29.9048,14.4561,26.0152,23.8551,25.1118,37.6722,28.9077,45.8823,40.0448,34.3628,54.2984,18.1461,58.1327,10.2203,51.9766,7.62925,43.1984,7.69962,35.2968,9.9558,29.3323,15.2741,25.7401,25.2763,25.2605,39.2462,29.7765,45.5968,41.7648,32.2558,55.441,16.8208,57.7748,9.72732,50.9999,7.52616,42.2141,7.84132,34.5039,11.7422,36.6327,8.8846,53.3982,5.60033,54.0252,4.02,42.0438,3.67876,29.6979,4.10978,21.1257,5.20563,16.3089,7.00372,14.6982,9.41006,16.6403,11.596,24.4223,11.3741,40.739,8.06728,55.2462,5.11372,51.9684,3.8636,39.1337,3.71456,27.4859,4.29093,19.7831,5.53544,15.6947,7.48632,14.7764,9.95859,17.7089,11.8431,27.2595
31.4134,0.993547,0.0309682,7,127,0,-20.5185,1.44722,0.632432,0.069934,0.0188995,0.306718,0.660094,0.0149852,0.176234,6.34758,7.40972,18.552,40.5302,0.418658,0.383419,0.300011,0.367992,8.34737,15.1981,13.3014,13.0901,23.3102,12.5747,38.9857,14.6924,48.471,21.3108,33.8843,29.8157,16.0872,31.4979,8.5219,27.594,6.27076,22.5942,6.42941,18.2424,8.61238,14.9819,13.8818,12.9829,24.3866,12.6255,40.275,15.0328,48.2079,22.033,32.1624,30.2665,15.154,31.3158,8.20924,27.1978,6.21125,22.2133,6.52341,17.9399,5.06254,64.8321,2.67778,64.8182,1.71357,48.5414,1.50209,33.0641,1.68506,22.5173,2.21045,16.3147,3.15576,13.4341,4.62278,13.6695,6.47372,18.7542,7.54836,34.2941,5.81887,60.1144,3.1305,67.3194,1.86107,52.9741,1.51151,36.5337,1.60752,24.7257,2.04242,17.5362,2.87075,13.8812,4.20139,13.2713,6.00482,16.7816,7.47979,28.9755
29.0739,0.891704,0.0309682,7,127,0,-19.257,1.42814,0.645035,0.0517577,0.0188066,0.291511,0.757107,0.015315,0.109461,5.94661,12.6093,23.1035,18.6342,0.263108,0.332087,0.373863,0.264648,8.35199,19.2042,13.7856,16.9125,24.3196,16.7868,39.5819,20.4195,45.8246,30.1485,29.6233,40.903,13.8215,42.0447,7.42428,36.6434,5.50908,30.1235,5.62542,24.459,7.44321,20.1477,11.8411,17.3734,20.7415,16.5391,35.2423,18.8657,46.402,26.8133,35.385,38.6004,17.1458,42.7048,8.57945,38.4288,5.78964,31.9099,5.43173,25.9226,14.3179,40.0357,9.32589,71.9261,4.4399,69.1233,2.82377,47.2955,2.6407,29.67,3.21424,19.0528,4.5383,13.554,6.85593,11.7372,10.3454,13.9746,13.9563,25.1089,12.8977,54.9688,6.76338,75.629,3.48066,60.1224,2.63429,38.8956,2.80082,24.3979,3.67431,16.2025,5.38426,12.3665,8.20375,12.0664,12.0358,17.049,14.4552,35.4005
32.7724,0.998877,0.0309682,6,63,0,-24.2224,1.60063,0.583762,0.0675714,0.019097,0.288996,0.757216,0.0145704,0.106312,6.00111,11.6765,22.3416,22.0567,0.277751,0.324433,0.327511,0.283598,7.55408,18.4237,11.8662,15.8277,21.0323,14.9538,36.2831,16.9109,47.0153,23.7176,33.8934,32.898,16.0863,35.0541,8.38535,31.0716,6.09443,25.7598,6.24498,21.0598,8.4699,17.5079,13.9507,15.3602,24.999,15.1568,40.9836,18.3398,45.6646,26.6095,27.7193,34.4859,12.9145,34.2469,7.34925,29.5074,5.93574,24.2705,6.6605,19.8796,12.0175,37.6239,8.79495,54.5285,5.43752,53.6644,3.92969,40.8137,3.65763,28.4188,4.15463,20.0672,5.33278,15.4864,7.24473,14.0787,9.78879,16.2682,12.0347,24.6136,11.5666,41.9302,7.93257,56.1127,4.96332,51.3217,3.78937,37.8431,3.70742,26.2437,4.35179,18.7776,5.6846,14.918,7.7569,14.2016,10.3642,17.4189,12.2605,27.655
31.0237,0.93185,0.0309682,7,127,0,-27.2538,1.53804,0.717038,0.0423505,0.0214989,0.276492,0.598644,0.0130443,0.230393,8.50776,5.6319,31.8057,34.4973,0.331529,0.308732,0.278511,0.315563,11.38,27.3843,17.6241,24.9812,28.5487,25.4721,41.3793,30.5758,42.8659,41.0211,28.3574,49.9294,15.4485,49.9687,9.658,44.3693,7.9269,37.6255,8.54084,31.7003,11.4671,27.3143,17.795,24.9584,28.8127,25.522,41.579,30.7386,42.6905,41.2537,28.0299,50.0211,15.2706,49.8923,9.59261,44.235,7.91851,37.4949,8.57481,31.5955,4.11394,61.0656,2.01955,66.5831,1.14351,51.6878,0.920999,35.7591,0.99676,24.3988,1.31164,17.4072,1.93139,13.803,2.97577,13.2278,4.45178,17.0061,5.61252,30.4834,4.53682,56.9047,2.29785,67.7991,1.23339,54.753,0.933911,38.2837,0.966361,26.0636,1.23659,18.3744,1.79421,14.2242,2.75537,13.085,4.17362,15.8569,5.51393,27.0028
34.185,0.992237,0.0309682,7,127,0,-27.2501,1.49502,0.542368,0.0577852,0.0166546,0.303629,0.742897,0.014754,0.174339,6.17378,7.17802,23.2049,32.0448,0.28122,0.236291,0.382695,0.316008,8.19276,18.9899,13.272,16.3409,23.7203,15.7167,40.2307,18.5115,49.4439,27.1761,33.0054,37.7574,15.1655,39.1892,8.04179,33.9998,6.03585,27.738,6.36432,22.3831,8.79329,18.4202,14.6008,16.0692,26.1995,15.8904,43.0525,19.521,48.332,29.1904,29.1993,38.7704,13.3375,38.567,7.46176,32.9179,5.9552,26.7373,6.61279,21.6023,6.22278,50.4613,4.17669,59.4139,2.8119,51.217,2.3075,37.7,2.33397,26.7152,2.74237,19.6802,3.51775,16.0693,4.67147,15.5271,6.07639,18.8301,7.11938,28.6795,6.59645,46.4618,4.60707,59.1242,3.0259,53.9287,2.36367,40.5912,2.29305,28.7876,2.62175,20.9093,3.31463,16.5993,4.38744,15.369,5.76556,17.669,6.98048,25.7662
33.7957,0.980512,0.0309682,7,127,0,-25.8017,1.40602,1.04355,0.0443183,0.0339345,0.273986,0.454992,0.013886,0.149377,7.93696,7.61943,25.4865,24.6999,0.322573,0.416833,0.295752,0.364762,11.3504,22.0877,18.1573,20.513,29.4948,21.6041,41.742,27.0743,41.2178,37.4687,25.9051,45.6861,13.6746,45.2971,8.37062,39.8988,6.70748,33.5897,7.01333,28.0377,9.12248,23.789,13.8438,21.1343,22.6179,20.5858,35.4004,23.3568,43.96,31.253,35.1773,42.0146,19.499,46.4915,10.6873,43.2204,7.33184,37.0845,6.63529,30.9989,6.44805,48.1377,2.71548,59.4782,1.18194,49.3112,0.793189,35.9947,0.79947,25.6337,1.08037,18.6447,1.76036,14.5304,3.15101,13.1534,5.56147,15.8021,7.8256,27.9312,5.74281,52.1527,2.29342,58.629,1.06588,46.8847,0.773597,33.9205,0.827843,24.1758,1.16438,17.727,1.94162,14.0814,3.49849,13.2489,6.05891,16.9899,7.87157,31.692
30.7246,0.662945,0.0309682,6,127,0,-24.45,1.27765,0.999257,0.0595773,0.0316388,0.328509,0.466999,0.0165105,0.153732,6.96817,7.9464,17.397,20.7592,0.323216,0.309734,0.357046,0.348843,9.77962,14.3347,15.8143,12.6771,26.809,12.8783,41.2293,16.2737,44.8469,24.5688,28.2721,32.8425,13.7229,32.9757,7.88989,28.1379,6.24499,22.684,6.68248,18.1278,9.04532,14.8159,14.3306,12.8716,24.2904,12.6519,38.6518,15.2779,45.9643,22.6681,31.9991,31.8022,15.6939,33.5216,8.56404,29.1915,6.36897,23.6756,6.46358,18.9043,7.74034,47.5459,3.0759,67.7936,1.11571,56.7134,0.65607,40.3862,0.61293,27.822,0.796756,19.3794,1.28225,14.1818,2.33119,11.6225,4.39864,12.0258,7.54153,18.765,8.2178,42.7557,3.6064,67.3638,1.25292,59.0156,0.685201,42.4894,0.604798,29.3095,0.756565,20.3423,1.18891,14.7408,2.13553,11.825,4.03212,11.7264,7.1001,17.1176
32.8855,0.998849,0.0309682,7,127,0,-25.8103,1.49441,0.561218,0.0670794,0.0193151,0.277441,0.738004,0.0133876,0.156545,7.40388,7.25151,18.8778,29.3765,0.309135,0.367912,0.365662,0.349955,10.2884,16.0561,16.5904,14.4934,28.107,14.718,42.7864,17.9544,45.6717,25.2086,29.1785,31.8732,14.7123,32.0547,8.59741,28.1944,6.75089,23.602,7.10294,19.5807,9.48431,16.5356,14.9433,14.6903,25.318,14.4815,40.0675,16.9724,46.981,23.5117,33.0554,30.9879,16.8565,32.49,9.3757,29.1078,6.91575,24.5088,6.88157,20.3243,6.39239,41.6994,4.65199,47.361,3.39287,42.052,2.88974,32.5943,2.93216,24.4313,3.39239,19.0637,4.23701,16.4784,5.41645,16.7125,6.66751,20.6256,7.24911,29.7665,6.34,42.0592,4.5977,47.3389,3.36501,41.7609,2.88347,32.2859,2.94109,24.2065,3.41436,18.9342,4.27139,16.4391,5.45941,16.7755,6.70321,20.8381,7.24488,30.1612
33.1497,0.913644,0.0309682,7,127,0,-21.6014,1.40307,0.734061,0.0268444,0.0229498,0.309235,0.556308,0.0166151,0.181576,7.01706,5.97111,46.6391,30.4993,0.345638,0.23456,0.296059,0.311924,9.09725,39.0204,13.8993,34.5085,22.756,34.1313,34.7055,40.3651,39.4857,56.0635,27.8091,73.1726,14.7673,75.7911,8.70961,67.0654,6.81351,55.7873,7.11798,45.8552,9.39358,38.4874,14.5012,34.2856,23.7499,34.3645,35.6577,41.3593,39.0517,57.7908,26.4342,74.0924,13.9735,75.3201,8.41896,66.0833,6.76455,54.8273,7.23362,45.0917,5.01048,49.0367,2.9563,57.7085,1.75444,49.953,1.33889,37.6139,1.33186,27.3531,1.61419,20.4026,2.21484,16.4701,3.2207,15.3638,4.62267,17.8767,5.85993,26.8647,5.44502,44.5342,3.41378,57.4119,1.95566,52.7133,1.39317,40.5586,1.30563,29.5555,1.51855,21.8047,2.03422,17.172,2.93388,15.3561,4.25788,16.8184,5.64446,23.8377
31.105,0.955967,0.0309682,7,127,0,-23.2679,0.718407,0.928724,0.0300764,0.0299998,0.582529,0.51618,0.0315798,0.123741,7.45601,7.89123,15.2239,20.7107,0.286195,0.421293,0.370955,0.403933,10.3405,11.202,15.6482,9.35875,24.2464,9.72203,35.3542,13.896,40.5419,26.6998,27.6741,45.6006,13.2687,47.4263,7.65174,36.2301,6.28996,25.0463,6.89783,17.1539,9.14803,12.2848,13.542,9.75094,20.9722,9.30633,31.6195,11.8494,40.5018,21.0971,33.5506,40.0739,16.9942,49.17,8.84794,40.3744,6.47221,28.4612,6.51772,19.4246,8.77432,36.0632,5.60672,53.8137,2.73987,52.6291,1.69552,40.7908,1.50586,29.5066,1.78891,21.4938,2.57283,16.6992,4.08516,14.9117,6.48899,16.9804,8.78327,26.4708,7.61775,45.803,3.98302,55.6874,2.08984,47.4314,1.53686,35.1272,1.58465,25.311,2.08464,18.8607,3.17631,15.4714,5.11609,15.2736,7.74588,20.1672,8.84446,34.864
26.6908,0.912493,0.0309682,7,127,0,-20.2792,0.68635,0.947384,0.022989,0.033001,0.66557,0.510757,0.0384882,0.13479,6.50535,8.13847,24.6996,20.7606,0.357324,0.359335,0.431977,0.410538,8.0941,16.724,11.566,12.4614,17.6156,11.124,26.6623,13.2908,35.6765,22.9845,32.5788,46.7174,17.3836,62.8078,8.92745,52.0798,6.5007,35.604,6.61819,23.4187,8.42456,15.9908,12.1839,12.1307,18.6201,11.1693,27.9765,13.9686,36.2926,25.2203,30.8308,50.1849,15.7697,62.5807,8.38545,49.8936,6.40871,33.7395,6.75779,22.2181,8.04039,39.2773,4.19392,54.1141,1.93234,47.791,1.26756,35.2107,1.22438,24.874,1.5719,17.9399,2.41207,13.9839,4.03034,12.8161,6.60049,15.6044,8.71831,26.9795,6.54731,47.8848,2.96659,53.3724,1.54217,42.5787,1.19832,30.5181,1.3202,21.6083,1.84673,15.9673,2.96808,13.143,4.99405,13.3327,7.7361,18.8542,8.44435,35.4126
33.5464,0.973385,0.0309682,7,255,0,-22.0355,0.72634,0.650475,0.0302196,0.0212908,0.642389,0.660363,0.0331965,0.10823,6.92825,12.1058,17.6999,28.1871,0.305168,0.403857,0.312299,0.316856,9.20486,12.1032,13.8628,9.26315,21.97,8.73522,33.8467,11.5142,43.2361,22.4073,32.7916,44.4863,15.0366,50.4308,8.03594,37.999,6.45187,25.206,7.173,16.5399,9.78837,11.4634,14.9384,9.01355,23.7128,8.90429,35.9504,12.544,43.2542,25.5674,29.3676,47.4571,13.2176,48.9928,7.53688,35.6519,6.4423,23.476,7.46784,15.479,10.0931,50.7362,5.62566,60.8905,3.24831,49.7959,2.53795,34.8456,2.62981,23.6821,3.29845,16.7757,4.61776,13.2145,6.76351,12.5379,9.68369,15.7038,12.0433,26.7831,10.4262,48.9635,5.92115,61.0623,3.35857,51.0019,2.55864,35.9206,2.60116,24.3986,3.22401,17.1881,4.4857,13.3908,6.5613,12.478,9.44115,15.2459,11.9538,25.4657
35.2605,0.965557,0.0309682,7,127,0,-27.3165,1.19571,0.614402,0.0206038,0.0177383,0.356564,0.737317,0.0196788,0.157353,6.78361,8.38911,49.0413,24.1466,0.325158,0.324868,0.336963,0.281337,9.02232,39.9727,13.8961,34.8752,22.6556,34.7362,34.3786,42.6014,39.1415,63.0402,27.2091,86.5125,14.0534,89.8235,8.17757,77.5045,6.40944,62.3599,6.72848,49.5405,8.87287,40.3009,13.5999,35.0113,22.1669,34.6035,33.8775,41.9978,39.3032,61.8653,27.9327,85.7868,14.4787,90.1327,8.33017,78.1891,6.43731,63.0134,6.67692,50.0472,8.52882,45.6613,5.60388,67.8871,3.12304,63.0099,2.20613,45.1584,2.10906,30.1095,2.50584,20.5874,3.38131,15.5448,4.83126,14.075,6.84612,16.7806,8.68447,27.6201,8.06963,51.8101,4.90261,69.2287,2.81368,59.3394,2.13284,41.366,2.15789,27.5473,2.65568,19.131,3.64911,14.9227,5.23596,14.2453,7.32313,18.2429,8.85536,31.8543
34.0437,0.967965,0.0309682,7,127,0,-28.9032,1.03119,0.706029,0.023495,0.0195585,0.404353,0.617634,0.0221276,0.152745,7.48366,8.29299,34.5377,30.7357,0.402144,0.310391,0.31811,0.353553,10.1421,27.903,15.4592,24.5744,24.3611,25.3073,35.1611,32.702,37.8985,50.3912,25.5585,69.0747,13.4718,70.0564,8.22088,58.8536,6.73454,46.1342,7.25397,35.8309,9.59176,28.7052,14.4336,24.8521,22.7747,24.8602,33.6743,30.9691,38.562,47.1079,27.8759,67.1373,14.8216,71.0412,8.70392,60.8336,6.8109,47.958,7.06489,37.1988,7.22418,57.0571,3.94598,71.9174,2.1359,60.3252,1.58325,42.7801,1.5992,29.2594,2.00282,20.6709,2.84989,16.0415,4.29453,14.7994,6.3776,17.9143,8.25882,30.0112,7.33153,56.0266,4.04933,71.9362,2.17406,60.9706,1.59124,43.3763,1.59156,29.6659,1.98082,20.9112,2.80905,16.1516,4.229,14.7813,6.29394,17.6844,8.22052,29.3099
32.919,0.997482,0.0309682,7,255,0,-21.9795,2.20526,0.494308,0.107056,0.0138822,0.195972,0.912061,0.0102396,0.190684,6.60991,7.90756,19.4377,23.9321,0.2403,0.291187,0.420801,0.319958,8.47072,17.2285,13.2423,15.7768,22.8031,15.5226,36.5558,17.2778,42.2114,21.586,29.5118,25.8934,15.5474,26.6461,8.90656,24.6955,6.6494,21.9288,6.67077,19.2676,8.68735,17.101,13.7234,15.7142,23.6665,15.5674,37.4297,17.4962,41.8523,21.9365,28.366,26.0724,14.8752,26.5726,8.64798,24.5162,6.58936,21.7365,6.74055,19.0998,8.11946,46.112,5.77012,71.6182,3.46477,67.849,2.54293,47.4696,2.44755,30.4009,2.8463,20.0906,3.67734,14.9265,4.96718,13.5698,6.6527,16.4355,8.15286,27.4395,7.78402,52.7084,5.1494,73.675,3.15845,63.764,2.46878,43.1312,2.49781,27.5853,2.99182,18.5752,3.92139,14.3208,5.31232,13.7738,7.03935,17.9248,8.30625,31.7286
36.2575,0.955963,0.0309682,7,255,0,-27.0567,0.87898,0.661208,0.0182868,0.0217393,0.490717,0.652491,0.0261597,0.130535,7.43945,9.21759,36.2123,25.6554,0.358653,0.351103,0.293131,0.30203,10.0517,27.7395,15.2515,23.4836,24.0286,23.8303,35.3812,31.7202,40.0026,53.7793,27.3952,81.834,13.7923,84.3114,8.16718,67.8724,6.71534,50.1886,7.35581,36.7922,9.8556,28.0832,14.8903,23.605,23.4641,23.6647,34.808,31.0038,40.1955,52.1978,28.3005,80.8005,14.2936,84.8695,8.33092,68.8773,6.73207,51.0404,7.27728,37.3856,8.46719,44.0635,5.30688,56.6702,3.13215,50.2381,2.3489,37.0066,2.31055,25.9634,2.77159,18.7409,3.74731,14.8432,5.34096,13.8888,7.4879,16.6454,9.25415,26.2402,8.36244,44.8716,5.1847,56.7447,3.07832,49.7347,2.33576,36.4875,2.32006,25.5955,2.80067,18.5216,3.79952,14.7468,5.41965,13.917,7.57904,16.8713,9.28597,26.8433
34.4667,0.938938,0.0309682,7,127,0,-29.9975,0.721002,0.545227,0.0179122,0.0154292,0.635601,0.80105,0.0345866,0.161346,7.30398,8.71738,28.3773,27.1968,0.291702,0.339736,0.31877,0.280235,9.80289,20.088,14.6617,16.1115,22.7401,16.128,33.5354,22.5378,39.2913,43.6682,27.2174,76.5462,13.0796,79.2278,7.72093,59.0144,6.61277,39.7475,7.56513,26.7647,10.3783,19.2172,15.6812,15.8372,24.2961,16.5768,35.126,24.5452,38.6518,48.7611,24.5041,79.6678,11.7811,76.7417,7.36409,55.6919,6.64446,37.3276,7.86926,25.2819,8.38292,50.608,5.51157,70.6544,3.28731,63.0726,2.47298,44.4247,2.43221,29.3968,2.88248,20.1364,3.79901,15.3923,5.23836,14.2194,7.13721,17.251,8.78771,28.3663,8.23957,52.5262,5.30748,71.0041,3.19385,61.8752,2.45081,43.2059,2.44867,28.5835,2.93013,19.6809,3.88079,15.2011,5.35711,14.2721,7.27406,17.686,8.84728,29.6074
36.7734,0.888708,0.0309682,7,191,0,-24.7517,1.30965,0.901778,0.078004,0.0273675,0.327945,0.531633,0.0164997,0.171319,7.3016,6.46058,14.9264,21.1403,0.273895,0.311415,0.343672,0.354763,9.41198,12.3052,14.3051,10.7293,23.4139,10.4811,36.2676,12.3311,43.0242,17.4439,31.5346,23.7473,16.6337,25.2205,9.49493,22.3284,7.19058,18.3791,7.31645,14.8836,9.45779,12.2759,14.3991,10.7158,23.5737,10.4898,36.4417,12.3775,42.9917,17.5363,31.2977,23.81,16.4832,25.2014,9.43858,22.2754,7.17845,18.3259,7.33168,14.841,7.00731,41.6038,3.90198,63.7135,1.7089,58.7067,1.04322,43.1158,0.955561,29.913,1.18375,21.022,1.77519,15.8167,2.93871,13.778,4.89666,15.6612,7.03156,25.8917,6.23562,50.6529,2.95109,64.7948,1.38986,53.8353,0.973956,38.3871,0.996454,26.5863,1.32776,18.975,2.07527,14.8138,3.48157,13.854,5.65923,17.6634,7.28021,32.4647
32.781,0.888895,0.0309682,6,127,0,-26.882,1.29751,0.817818,0.102479,0.0264776,0.342851,0.54497,0.0180783,0.160322,6.90733,6.72006,11.7161,23.9775,0.27126,0.257931,0.364061,0.410646,8.5656,9.53409,12.7528,8.16637,20.8072,7.79654,32.8309,8.95443,40.8002,12.5954,31.4797,17.6284,16.7484,19.1918,9.38709,17.0702,6.99655,13.9808,7.07192,11.2352,9.14399,9.20255,13.9644,8.00742,22.8986,7.87532,35.1717,9.43846,40.4566,13.5902,28.325,18.3164,14.7426,18.9751,8.65092,16.4858,6.85513,13.4039,7.30785,10.7816,6.49126,41.8628,3.86518,56.1771,2.04149,51.24,1.40203,38.7418,1.32551,27.808,1.60046,20.2952,2.25886,15.9403,3.44363,14.4821,5.21663,16.7044,6.87008,25.8698,6.20068,44.7165,3.51793,56.5424,1.89935,49.6279,1.36628,37.0354,1.3438,26.554,1.6667,19.5098,2.38867,15.5615,3.6583,14.5309,5.4896,17.4498,6.97163,27.9905
36.6791,0.994664,0.0309682,7,127,0,-28.5601,1.18585,0.674707,0.0772726,0.0209199,0.357503,0.627783,0.018614,0.196637,6.88623,6.15497,12.8399,29.9672,0.315084,0.330156,0.359629,0.295845,9.24438,10.3999,14.3958,9.01489,23.7959,8.9293,36.7839,10.959,42.7356,16.4836,29.7215,23.1512,14.9484,24.2278,8.45311,20.853,6.49859,16.688,6.75143,13.1672,8.87466,10.6166,13.6526,9.11037,22.5351,8.85783,35.3914,10.5894,43.006,15.7091,31.6741,22.6169,16.1241,24.4096,8.87188,21.3047,6.58455,17.123,6.63789,13.5062,5.21681,50.9234,3.05166,61.0151,1.80682,51.553,1.40211,37.373,1.42596,26.2025,1.75583,19.0283,2.42231,15.2222,3.50645,14.448,4.96498,17.6718,6.1222,28.5303,5.38411,49.1643,3.21164,61.0779,1.8717,52.7298,1.41632,38.5009,1.41172,26.989,1.71584,19.4961,2.35067,15.4282,3.39725,14.3857,4.83607,17.1757,6.07456,27.1807
32.5124,0.895868,0.0309682,7,127,0,-24.2983,1.41688,1.02945,0.0471492,0.0322678,0.271482,0.4615,0.0159393,0.114723,7.47125,8.15636,24.5428,20.6078,0.322965,0.31751,0.369318,0.404832,10.4638,21.5176,16.2654,20.2054,25.4687,21.3946,34.5996,26.4769,33.4442,35.3996,21.6597,42.0698,12.1042,41.6436,7.75478,36.9859,6.37297,31.465,6.71749,26.5681,8.68865,22.8412,12.9511,20.6108,20.5036,20.4128,30.596,23.3653,35.8838,30.6938,27.9995,39.5447,16.1315,42.6619,9.4171,39.5771,6.80225,34.1998,6.35686,28.8874,9.34167,37.0405,5.57915,56.5368,2.44518,55.0042,1.40515,42.7023,1.2048,31.1118,1.42772,22.7231,2.10695,17.4497,3.51907,15.0539,6.02085,16.2198,8.99859,24.3747,8.52846,44.4389,4.27549,58.3997,1.96128,51.4228,1.28344,38.6977,1.23427,28.0677,1.58634,20.7166,2.46016,16.367,4.19082,14.956,7.02663,17.7758,9.48091,29.5591
34.2749,0.887388,0.0309682,7,127,0,-26.1337,1.52648,1.14307,0.0471964,0.0356655,0.285885,0.423782,0.0132909,0.114506,6.81944,7.94617,28.6748,22.1161,0.333176,0.3183,0.336828,0.435708,9.13752,23.8902,14.7179,20.9344,25.8192,20.4405,42.4388,24.1082,50.4362,34.4004,33.8881,46.1673,16.2444,47.8182,8.83239,42.0802,6.61236,34.9104,6.83142,28.6184,9.17441,23.8507,14.7981,20.9155,25.9658,20.4525,42.6048,24.1761,50.3853,34.5339,33.6654,46.2433,16.1253,47.7841,8.79168,42.0087,6.60437,34.8407,6.8436,28.5622,8.64109,39.3387,4.69339,56.1834,2.01208,52.6402,1.18413,40.9521,1.04984,30.3382,1.29176,22.6282,1.9873,17.773,3.4598,15.7399,6.08092,17.5934,8.83481,27.4657,7.31515,47.9821,3.29772,56.8474,1.54777,48.1684,1.0779,36.398,1.10306,26.9,1.50224,20.3585,2.45737,16.6018,4.36402,15.8803,7.34739,20.1944,8.96164,34.9652
36.4107,0.985924,0.0309682,7,127,0,-29.7522,1.0734,0.981451,0.0312152,0.0308683,0.380841,0.507575,0.0197778,0.13156,7.4326,8.15742,26.5308,20.1742,0.264445,0.283626,0.31034,0.34388,10.3341,21.5279,16.1687,19.0035,26.1538,19.5905,38.5894,25.4348,41.7813,39.6421,27.3973,54.6427,13.8501,55.3389,8.1707,46.5556,6.54236,36.6352,6.96304,28.5283,9.20032,22.7947,14.0017,19.4899,22.6557,18.9967,34.9976,22.883,42.8377,34.4751,32.7055,51.2073,17.0163,56.6496,9.30556,49.605,6.77471,39.5219,6.655,30.7479,9.00191,39.7909,4.82147,60.8436,2.01864,55.6172,1.21275,40.9048,1.119,28.5652,1.4198,20.2333,2.20505,15.3563,3.79632,13.5657,6.52081,15.9026,9.22534,27.531,7.25606,52.4982,3.09974,60.9986,1.49072,48.5831,1.11225,34.4545,1.2154,24.0723,1.72275,17.4901,2.8452,14.0957,4.96962,14.0035,8.05164,19.7749,9.07699,38.8321
34.7145,0.814763,0.0309682,7,255,0,-28.4301,0.848662,0.617779,0.0215964,0.0188995,0.520367,0.671468,0.0282431,0.172068,7.27959,7.52316,31.7214,29.5995,0.306826,0.347515,0.343542,0.366987,9.41026,23.753,13.8727,19.4842,21.5664,18.9395,32.1416,23.9539,38.7061,39.7318,29.3317,64.1111,15.2569,70.5028,8.76391,57.8914,6.94105,42.6485,7.38593,30.8969,9.68394,23.2575,14.3834,19.2864,22.3751,19.0995,33.0252,24.7728,38.6075,41.6878,27.999,65.6891,14.4242,69.9047,8.48326,56.5597,6.90617,41.4998,7.50485,30.102,6.47224,52.6415,3.7974,64.8863,2.22698,54.5539,1.71445,38.7277,1.73031,26.4641,2.1077,18.718,2.86813,14.5854,4.10027,13.4738,5.79648,16.0501,7.35966,25.7379,6.97245,47.0882,4.36313,64.4481,2.4666,58.0123,1.77286,42.1685,1.69291,28.8509,1.99005,20.1369,2.65579,15.2567,3.77285,13.4568,5.38127,15.0188,7.09124,22.5735
33.6517,0.953542,0.0309682,7,255,0,-26.0788,1.3427,0.807198,0.0515654,0.0241617,0.331095,0.572922,0.0168151,0.118968,7.82332,9.88867,24.3107,21.272,0.355596,0.328262,0.295556,0.299291,9.58029,20.1472,13.9808,17.5593,22.1952,16.9898,33.7393,19.4924,40.2417,26.5376,30.9006,35.3652,17.2909,37.8288,10.2385,33.9366,7.88265,28.2538,8.0623,23.1332,10.3953,19.3373,15.6419,17.1997,24.9149,17.2679,36.4258,20.8043,39.3793,28.903,27.1194,36.7852,14.8924,37.2521,9.32621,32.5431,7.72916,26.8696,8.43164,22.0409,10.5902,42.8009,6.07075,66.6613,2.74689,61.5682,1.70358,44.6242,1.55823,30.3797,1.89608,20.9437,2.75646,15.4796,4.39532,13.2315,7.10221,14.6234,10.2908,23.3477,10.1593,47.2204,5.37741,67.7317,2.49362,59.2256,1.6436,42.2173,1.58005,28.6885,1.98638,19.908,2.94213,14.9515,4.72537,13.1715,7.58785,15.2901,10.623,25.7933
36.8747,0.999175,0.0309682,7,127,0,-30.3252,1.1511,0.723266,0.0534404,0.0225449,0.35751,0.637655,0.0186236,0.135864,6.86204,9.18366,17.0985,25.1647,0.337367,0.350221,0.308283,0.295364,9.5412,13.8837,15.1511,12.1509,25.1911,12.2788,38.586,15.548,43.4296,24.02,28.8029,33.599,14.1327,34.5489,7.9924,29.3977,6.18452,23.3645,6.45482,18.3345,8.49727,14.6937,13.077,12.5014,21.6744,11.9952,34.6463,14.1099,44.0637,20.934,34.3356,31.3629,17.5011,35.2188,9.19162,31.1894,6.45526,25.101,6.19892,19.696,8.57965,46.7521,4.94906,62.2594,2.6674,53.9049,1.94215,38.5211,1.94343,26.3521,2.43081,18.6451,3.46545,14.6049,5.21884,13.8,7.65176,17.4025,9.45445,30.1005,7.64433,53.3728,4.08235,61.7991,2.35237,49.5392,1.88764,34.6059,2.03319,23.7417,2.66177,17.1626,3.88253,14.0398,5.85834,14.254,8.34466,19.7688,9.39641,36.1614
38.2269,0.986552,0.0309682,7,127,0,-32.3459,1.20377,0.679302,0.0561736,0.0207092,0.368522,0.670761,0.0189676,0.138905,6.80918,9.09669,18.6358,22.7169,0.31107,0.350415,0.288463,0.286578,8.90617,14.912,13.7622,12.7197,22.9062,12.3603,36.1282,14.9236,43.2435,22.4742,30.5903,32.1452,15.242,33.8906,8.54066,29.053,6.59329,23.09,6.95189,18.1079,9.31967,14.5638,14.6072,12.5677,24.3498,12.4795,37.6814,15.5331,42.758,23.7221,28.372,32.8935,14.0239,33.5197,8.1304,28.3241,6.53435,22.4196,7.12253,17.6013,9.25746,43.5642,5.76727,64.5387,3.03143,59.2561,2.07857,42.5996,1.97706,28.6747,2.38134,19.7369,3.30248,14.8763,4.89191,13.3222,7.20834,15.6743,9.43665,25.8014,8.7377,49.1084,5.02292,65.5811,2.72613,56.0285,2.00752,39.3307,2.02196,26.4421,2.52506,18.4381,3.56971,14.2937,5.3152,13.4263,7.73567,16.9065,9.64794,29.5397
32.8313,0.974226,0.0309682,7,127,0,-21.7347,1.95912,0.311906,0.0481283,0.00962265,0.204155,1.28258,0.00976706,0.219103,6.9642,8.34292,35.8313,33.8569,0.270622,0.373452,0.326427,0.284908,9.79697,31.6389,16.2165,29.1786,28.4657,29.4332,44.565,34.3192,47.8634,44.8112,30.5952,54.0408,15.3369,54.7056,8.67654,49.8902,6.46833,43.698,6.46147,37.8957,8.33369,33.1552,13.0492,29.9172,22.7274,28.9035,38.2919,31.64,49.5007,40.1063,38.6531,51.1957,20.2999,55.4042,10.6072,52.1678,7.02404,46.2106,6.25113,40.1352,7.45697,54.4925,5.66366,63.743,4.37735,52.2465,3.92678,35.5174,4.05859,23.4235,4.58887,16.6468,5.42967,13.7645,6.50451,14.065,7.63201,18.3902,8.3304,29.748,7.80012,49.6762,6.0847,63.6835,4.60056,56.0994,3.97123,39.2191,3.98655,25.7649,4.43256,17.8517,5.20554,14.1544,6.23483,13.6933,7.37831,16.8764,8.24556,26.2054
30.6518,0.83401,0.0309682,7,127,0,-24.7422,1.90874,0.352689,0.0778241,0.011299,0.202506,1.19877,0.00964638,0.166727,7.85621,10.6309,21.1007,24.8214,0.312133,0.300738,0.226449,0.283064,11.2592,18.8535,18.4693,17.7021,31.1519,18.2851,45.3397,21.68,44.9023,27.8621,28.1081,32.5051,14.7509,32.4148,8.84634,29.531,6.88243,25.963,7.02548,22.6423,9.07793,19.9499,13.9946,18.1567,23.6421,17.6987,38.2738,19.4392,47.9591,24.3487,37.866,30.5479,20.841,32.9926,11.3212,31.2675,7.60816,27.8891,6.72771,24.367,10.3248,44.3687,7.91962,62.3348,5.61433,57.1317,4.61384,39.7474,4.56673,25.5054,5.13219,17.1404,6.17381,13.1845,7.62059,12.4941,9.29994,15.4289,10.6301,24.8049,10.3266,44.3417,7.92285,62.3259,5.61623,57.1491,4.61436,39.7672,4.56639,25.5184,5.13124,17.1473,6.17235,13.1871,7.61872,12.493,9.29801,15.4226,10.6292,24.7884
32.5856,0.780838,0.0309682,7,127,0,-22.0812,1.21557,0.736207,0.0292544,0.0242202,0.372471,0.580193,0.0204025,0.151141,6.59619,7.08899,37.6582,30.7034,0.285246,0.354687,0.41413,0.312201,8.31291,30.1066,12.5192,25.5223,20.5288,24.4504,32.3293,28.7866,39.5793,42.2251,29.398,60.4441,15.1555,64.8908,8.53746,56.2945,6.54944,45.0142,6.8496,35.4465,9.11125,28.6349,14.1593,24.8698,23.3095,24.9215,35.2743,31.2363,38.6669,47.1367,25.2061,63.379,12.7801,63.4326,7.72556,53.3779,6.44665,42.3203,7.227,33.4198,5.77711,46.8005,3.50186,52.4995,2.2179,44.644,1.79814,33.5894,1.86536,24.678,2.31312,18.8519,3.18856,15.8985,4.5606,15.8862,6.22714,20.1022,7.08326,31.4526,5.66325,47.4587,3.41129,52.3507,2.18133,44.1041,1.79186,33.0837,1.8785,24.3203,2.3454,18.6419,3.24417,15.8252,4.63975,15.9763,6.3025,20.4674,7.07116,32.2179
37.1313,0.983338,0.0309682,7,127,0,-27.9074,1.17746,0.768603,0.0415093,0.02346,0.348896,0.592181,0.0187205,0.171857,7.32612,7.4084,23.0088,27.4655,0.332228,0.263807,0.277268,0.390182,10.0016,19.0236,15.4996,16.9466,24.9534,17.3455,36.6005,21.8125,39.4781,32.1917,26.4563,42.7399,13.8489,43.4573,8.30045,37.396,6.63359,30.2184,7.00358,24.1559,9.19238,19.7675,13.9399,17.2315,22.4564,16.978,34.1646,20.3158,40.3862,29.403,30.0539,41.0329,16.0159,44.1515,9.10457,39.0069,6.79963,31.7854,6.77058,25.39,6.35757,52.575,3.22675,65.6855,1.66404,53.998,1.2264,37.9239,1.26366,25.8516,1.63737,18.2554,2.42781,14.2174,3.81553,13.315,5.84941,16.7815,7.4973,29.923,5.97276,55.7233,2.93325,65.1705,1.56883,51.927,1.2112,36.1614,1.2916,24.6813,1.70984,17.5769,2.56382,13.9315,4.03744,13.4522,6.12035,17.7171,7.53019,32.6433
33.6255,0.999199,0.0309682,7,127,0,-29.3828,1.80546,0.712177,0.0491899,0.0232337,0.239689,0.649308,0.0123217,0.230525,6.42732,5.43151,33.4171,21.9434,0.266044,0.231367,0.384892,0.419405,8.52286,28.7649,13.6456,25.8417,23.8149,25.456,38.4766,29.3681,44.2344,39.2652,29.6718,49.3803,14.8411,50.6547,8.33241,45.6707,6.28231,39.2077,6.44924,33.3062,8.59245,28.685,13.7979,25.8039,24.0892,25.4852,38.7627,29.5122,44.1136,39.5139,29.2889,49.507,14.6319,50.5937,8.2571,45.5408,6.26669,39.076,6.47196,33.1959,5.39886,41.9953,3.22812,60.1985,1.68076,53.956,1.16803,38.6323,1.13195,26.1418,1.39029,18.1653,1.96551,13.8745,2.96108,12.6733,4.40126,15.3662,5.66861,26.0867,4.91655,48.7159,2.6688,60.6696,1.46815,49.8754,1.12421,34.7669,1.17473,23.5379,1.51243,16.6657,2.19118,13.2415,3.31706,12.931,4.82333,17.2085,5.74243,31.3264
33.7034,0.494566,0.0309682,7,127,0,-27.1926,1.94851,0.792943,0.0768601,0.025139,0.212636,0.588316,0.0113116,0.227255,6.44776,5.44065,23.3162,21.7104,0.337529,0.234732,0.363539,0.363034,8.45872,20.4666,13.3079,18.6493,22.779,18.3968,36.2686,20.7509,42.1265,26.5635,29.7826,32.6546,15.6414,33.912,8.82576,31.3,6.4506,27.5121,6.30455,23.8661,7.96864,20.8773,12.2342,18.8617,20.8312,18.2937,34.0625,20.1229,42.469,25.4153,32.5381,31.9057,17.4631,34.0564,9.55602,31.8698,6.65778,28.1516,6.20862,24.4345,5.43578,44.0528,2.92912,64.0473,1.36724,56.2302,0.903428,39.9225,0.869948,26.9699,1.09339,18.6288,1.6147,13.9761,2.57865,12.3722,4.10561,14.5354,5.67405,24.8728,5.02945,49.7339,2.48178,64.3728,1.21663,52.9862,0.872576,36.9345,0.89493,24.9454,1.17078,17.428,1.76728,13.4132,2.8408,12.4396,4.46169,15.7059,5.81332,28.7429
37.677,0.93921,0.0309682,7,255,0,-28.5142,1.26665,0.730468,0.054728,0.0228228,0.333399,0.593711,0.0171082,0.125367,7.50493,9.04482,19.6907,25.6817,0.260405,0.319352,0.295576,0.294827,10.0017,16.3337,15.3938,14.4683,24.9635,14.5462,37.2791,17.7622,41.2776,25.5224,28.3672,33.7192,14.9593,34.6276,8.90332,30.1709,7.05165,24.6796,7.41579,19.9589,9.76263,16.5111,14.9225,14.539,24.1993,14.4631,36.5412,17.4174,41.5856,24.8999,29.4489,33.3638,15.5951,34.7921,9.13717,30.5283,7.09513,25.0267,7.33486,20.2327,8.55882,44.5309,5.26802,58.9733,2.94112,53.4378,2.09737,40.0344,2.00695,28.4358,2.39782,20.5995,3.29201,16.1562,4.83213,14.7367,7.04324,17.0395,9.08978,26.1855,8.46912,45.2919,5.15304,59.0989,2.89062,53.0035,2.08407,39.5623,2.0131,28.0903,2.42046,20.3856,3.33502,16.0535,4.90071,14.7453,7.1293,17.22,9.13115,26.7042
34.236,0.794707,0.0309682,7,127,0,-29.3965,1.27608,0.911637,0.0304062,0.0288988,0.320076,0.48661,0.016673,0.162164,7.3031,6.95965,32.6122,29.9186,0.347064,0.271378,0.300221,0.235847,10.5762,27.3866,17.2398,24.9272,28.6755,26.363,41.594,34.5769,40.9029,51.4961,24.1696,64.7367,12.0633,62.7552,7.35939,53.2001,6.1174,43.0852,6.74983,34.7454,9.2681,28.7434,14.6934,25.3546,24.6035,25.3664,38.1051,31.0425,43.5439,45.6423,29.6759,62.2009,14.8366,64.6818,8.31395,56.446,6.27079,46.1025,6.37288,37.1075,5.29569,52.2341,2.47592,59.2092,1.27498,48.4402,0.94882,35.4171,0.989187,25.3799,1.3114,18.7226,2.01848,14.9789,3.326,14.0647,5.33201,17.3166,6.95173,29.5081,5.36365,51.8109,2.519,59.3135,1.28858,48.732,0.95118,35.6718,0.985448,25.5591,1.30101,18.8337,1.99779,15.0309,3.28998,14.0495,5.28475,17.1775,6.94205,29.104
34.2725,0.944699,0.0309682,7,127,0,-29.0633,1.34146,0.494208,0.0507463,0.0152479,0.322403,0.877144,0.0170194,0.162729,6.70802,9.27466,21.9057,27.4491,0.246873,0.354136,0.322581,0.439165,9.35266,18.1313,15.1346,16.0858,25.7164,16.3733,39.2996,20.6623,41.6804,30.7308,25.6704,39.9688,12.571,39.5433,7.42743,33.6924,6.06357,27.2818,6.68549,21.9731,9.29489,18.1751,15.018,16.1014,25.5233,16.3459,39.1287,20.5575,41.8119,30.5555,25.9309,39.9001,12.6952,39.6059,7.46812,33.7898,6.0676,27.3701,6.66336,22.0409,8.48471,50.5505,5.53198,66.1991,3.48438,56.0879,2.7856,38.3362,2.83855,25.0074,3.3943,17.1643,4.42674,13.4012,5.96284,12.8947,7.86597,16.4901,9.30303,28.2217,8.37955,51.6574,5.40859,66.2367,3.43065,55.3213,2.77527,37.6304,2.85304,24.5585,3.42928,16.9242,4.48338,13.3122,6.04087,12.9509,7.94918,16.7883,9.32659,29.0215
28.6656,0.851985,0.0309682,7,127,0,-22.2436,0.874202,0.611628,0.0268221,0.0187261,0.507484,0.790588,0.026175,0.14568,7.72841,9.01951,23.4029,19.5244,0.35682,0.385533,0.284799,0.532045,10.7275,17.8471,16.6047,15.2483,26.419,15.9752,38.4826,22.5419,40.9524,40.0032,25.3581,58.5901,12.4139,56.5558,7.70085,43.7626,6.75761,31.6649,7.84493,22.9848,10.9844,17.6121,17.0704,15.1879,27.1234,16.1595,39.0821,23.2315,40.4288,41.3499,24.32,59.0883,11.9552,55.9262,7.56988,42.9707,6.77091,31.0499,7.96843,22.5784,10.0427,36.828,7.28679,61.4424,4.02799,62.1319,2.6995,45.1253,2.49302,29.6015,2.91902,19.7803,3.92228,14.6572,5.60171,13.1875,7.92817,15.9354,9.95829,27.0504,8.94986,51.2754,5.27713,65.5843,3.11106,53.4346,2.49376,35.9993,2.65578,23.5874,3.38792,16.5008,4.74551,13.4226,6.80983,14.0099,9.20933,20.4671,9.95613,39.0465
32.0967,0.968299,0.0309682,7,191,0,-23.3205,0.743316,0.38964,0.0147921,0.0118929,0.57837,1.04058,0.0305587,0.15531,7.27787,10.5622,37.5122,30.2164,0.316088,0.303365,0.322885,0.29737,9.55764,27.0777,14.0957,21.6479,21.7851,20.8162,32.6128,26.6632,40.7928,46.9964,32.5345,84.976,16.5464,99.4955,8.98504,80.7542,6.84238,57.1964,7.09735,39.5081,9.10706,28.2497,13.2668,22.1556,20.4521,20.6162,30.9594,25.1914,40.3215,42.7101,34.8434,79.6075,18.398,100.145,9.62642,84.2617,6.96771,60.3151,6.95191,41.6402,9.5773,52.7979,6.78193,66.8233,4.71989,56.5917,3.95923,38.6912,4.02219,25.1937,4.6345,17.3215,5.71332,13.5865,7.22247,13.0387,9.00252,16.2184,10.4239,26.2148,10.0586,46.9724,7.46782,65.7802,5.08209,60.541,4.0504,42.796,3.95089,27.8841,4.44325,18.7794,5.41271,14.1772,6.82442,12.8829,8.57077,15.0018,10.1806,22.9077
34.439,0.953496,0.0309682,7,255,0,-24.8663,0.919673,0.448297,0.035686,0.0135944,0.482467,0.951596,0.0248227,0.19498,6.85122,8.13816,21.3182,25.0145,0.349976,0.302286,0.289608,0.332925,8.90686,15.9345,13.4458,12.8991,21.7159,12.2076,34.0154,14.9609,43.2603,24.6653,33.4943,41.2558,16.5502,46.7115,8.84226,38.8468,6.64934,28.8624,6.90624,20.9978,9.06163,15.7349,13.7504,12.8086,22.2319,12.245,34.6509,15.2321,43.3164,25.3853,32.5876,41.9384,15.9624,46.5326,8.64776,38.3491,6.61632,28.4201,6.96552,20.6836,7.87392,47.9561,5.43541,68.9721,3.40231,61.6244,2.62987,42.1581,2.59521,26.8555,3.01809,17.8062,3.8402,13.33,5.07282,12.1909,6.64943,14.7047,8.08568,24.1376,7.9604,46.3744,5.58716,68.4934,3.47952,62.612,2.6496,43.2143,2.58369,27.5436,2.98348,18.1797,3.78278,13.4883,4.99224,12.1704,6.55583,14.4277,8.02824,23.3055
36.6253,0.9675,0.0309682,7,255,0,-30.5942,1.07199,0.889701,0.0328436,0.0271048,0.404267,0.507175,0.0197403,0.126707,7.51692,8.39968,26.2207,27.7757,0.288099,0.340584,0.347498,0.284978,10.22,20.7683,15.9503,17.8369,26.166,17.8942,39.842,22.8985,45.0633,36.4405,30.0157,52.2363,14.8025,53.3941,8.57766,44.3952,6.89895,34.36,7.48686,26.3499,10.1441,20.8494,15.8024,17.868,25.9237,17.8565,39.5961,22.7323,45.1666,36.1021,30.3869,52.0443,14.9979,53.5072,8.64198,44.5952,6.90681,34.5371,7.45753,26.48,7.44495,47.8011,4.03552,59.4249,2.11478,51.8138,1.50644,38.9069,1.48831,28.1964,1.87619,20.9216,2.75812,16.793,4.35343,15.7307,6.70715,18.9819,8.54574,30.6812,6.87549,51.2807,3.55787,59.1465,1.9425,49.5878,1.47094,36.7929,1.52697,26.6757,1.98987,19.9811,2.97947,16.3746,4.7199,15.9176,7.14223,20.2552,8.56751,33.9552
37.8179,0.997584,0.0309682,7,127,0,-31.7137,1.21724,0.57379,0.0509019,0.0191145,0.364762,0.733367,0.0185653,0.181031,6.75336,6.93658,21.1869,25.8052,0.287983,0.283232,0.321864,0.346969,8.70777,16.9256,13.3688,14.3498,22.2972,13.7662,35.657,16.3043,44.0544,24.2728,32.3386,35.2584,16.1735,37.9452,8.85955,32.856,6.66266,26.2198,6.88085,20.5836,9.10304,16.5211,14.1902,14.1613,23.7314,13.8707,37.3008,16.9342,43.7734,25.6376,30.0626,36.1876,14.8469,37.5924,8.40455,32.0508,6.5839,25.462,7.03639,20.0038,6.4361,43.0007,4.35353,55.249,2.76767,49.7292,2.14459,36.8332,2.10407,25.8135,2.45673,18.6317,3.18272,14.8214,4.31172,13.9429,5.75525,16.616,6.92192,25.4678,6.47583,42.5304,4.4068,55.166,2.79432,50.0189,2.15182,37.1551,2.09992,26.0446,2.44334,18.7686,3.1595,14.8812,4.27838,13.9274,5.71795,16.4884,6.90617,25.1366
36.9363,0.97461,0.0309682,7,127,0,-32.0637,1.44734,0.62192,0.0613894,0.0190551,0.315627,0.735987,0.0152308,0.162376,7.23156,7.81133,22.0619,23.7596,0.326592,0.307411,0.292833,0.326248,9.00673,18.1553,13.6693,15.6648,22.9332,14.9925,37.0018,17.1998,45.5658,24.0032,33.4943,32.7189,17.1862,34.7631,9.60556,30.796,7.2718,25.4318,7.54257,20.7073,10.0832,17.2153,15.9735,15.2293,26.9603,15.2929,41.2099,18.773,43.9579,26.9299,27.6654,34.283,13.9778,33.913,8.49997,29.132,7.12627,23.8488,8.06418,19.4742,7.88938,42.3182,5.37505,60.6896,3.1543,56.9523,2.28422,41.8246,2.19059,28.5938,2.58499,20.0627,3.4479,15.5785,4.84702,14.5241,6.6982,17.7027,8.14805,28.8034,7.21969,50.1233,4.45144,61.9472,2.7338,52.108,2.18751,36.8048,2.27506,25.1605,2.82416,18.122,3.86336,14.8338,5.44673,15.0242,7.32406,20.3199,8.18543,35.2984
33.1606,0.684834,0.0309682,7,127,0,-24.4875,1.3938,0.539594,0.0931726,0.0168066,0.317546,0.810083,0.015238,0.158639,6.71492,8.52678,14.1313,25.7728,0.357659,0.349845,0.320118,0.256742,8.25359,11.4983,12.4484,9.75837,21.0408,9.10461,35.2264,10.1145,47.398,14.0229,38.6174,20.2794,19.8682,22.8965,10.2557,20.7222,7.07604,17.1263,6.77967,13.8176,8.54599,11.2727,13.1032,9.63376,22.2745,9.1164,36.8849,10.3627,47.6918,14.6328,36.568,20.8281,18.395,22.834,9.71259,20.3669,6.94087,16.7531,6.8657,13.5125,8.18423,44.7328,5.66307,60.4465,3.58603,54.9917,2.76492,39.9445,2.71435,27.2305,3.17147,19.2016,4.09735,15.1059,5.51449,14.3109,7.28955,17.5409,8.64182,28.0415,7.88959,48.0299,5.26155,60.9672,3.39051,52.8741,2.71765,37.7185,2.75398,25.7089,3.28195,18.3463,4.282,14.7737,5.77095,14.4978,7.5577,18.5543,8.70459,30.576
36.3413,0.907783,0.0309682,7,127,0,-26.7693,1.37986,0.611054,0.0748146,0.0198555,0.313094,0.7008,0.0169609,0.13663,6.95675,9.38591,16.4901,26.7367,0.359745,0.36715,0.330254,0.265441,8.9733,13.7601,13.6422,12.1317,22.2649,11.9527,34.0405,14.0773,39.2379,19.5641,28.1154,25.7778,14.9954,26.9241,8.78203,23.8833,6.79869,19.8505,7.02852,16.2779,9.18849,13.6151,14.0803,12.0688,22.9936,12.0091,34.7673,14.3332,38.9747,20.0258,27.0882,26.0454,14.379,26.8096,8.5528,23.6205,6.75558,19.5903,7.10846,16.0698,8.43097,46.6538,5.25032,59.1033,3.16137,51.0883,2.43697,36.7481,2.44251,25.2891,2.946,18.034,3.95937,14.252,5.5681,13.4624,7.68365,16.4621,9.38027,26.6218,8.45057,46.4978,5.27224,59.0953,3.17085,51.1899,2.43913,36.8483,2.44056,25.358,2.94049,18.0739,3.94976,14.2689,5.55394,13.4565,7.66748,16.4198,9.37446,26.5076
32.1582,0.951912,0.0309682,7,127,0,-29.618,1.57523,0.503699,0.092251,0.0154059,0.298874,0.848732,0.0153609,0.163938,6.31883,9.01601,16.5374,31.0602,0.439287,0.388054,0.325487,0.290843,7.64889,13.6172,11.6122,11.6594,20.0058,10.9461,33.8846,12.2145,44.2089,16.8039,33.3421,23.2263,16.5778,25.0331,8.83716,22.3414,6.47211,18.5573,6.63298,15.1812,8.94275,12.6499,14.5315,11.1745,25.403,11.1757,39.9523,13.7097,42.2334,19.6991,25.2656,24.7741,12.2819,24.1958,7.40819,20.728,6.29407,17.0248,7.32349,13.9821,7.74893,54.7086,4.8928,65.8128,3.17213,53.4387,2.63684,36.3892,2.759,24.0668,3.34956,16.8897,4.40292,13.5561,5.94286,13.4601,7.79141,17.7441,9.01176,30.7306,7.79322,54.3154,4.93535,65.8609,3.18949,53.7361,2.63947,36.647,2.75285,24.2293,3.33579,16.9761,4.38097,13.5857,5.91305,13.4321,7.7609,17.6164,9.00675,30.4049
32.6197,0.91173,0.0309682,7,127,0,-22.4646,0.767047,0.968862,0.0127881,0.0285537,0.528352,0.490691,0.0286955,0.129604,7.79797,8.17427,40.572,22.3131,0.273401,0.290057,0.321904,0.336386,10.6854,31.0348,15.9974,26.6486,24.4829,27.8633,34.9678,38.5754,39.0374,67.9588,27.1172,106.727,13.8528,111.207,8.21262,88.6952,6.6789,64.3472,7.15034,46.0842,9.27095,34.2433,13.4968,27.8222,20.6496,26.5629,30.7803,32.5918,39.1091,53.2967,33.4107,92.9158,18.2598,114.459,9.79027,99.0198,6.995,73.6383,6.7648,52.66,8.7716,43.3439,4.69383,64.7006,2.00058,59.3287,1.20042,44.1781,1.08808,31.2252,1.34765,22.2979,2.04451,16.9075,3.45954,14.6419,5.93339,16.2781,8.78802,26.1314,7.96548,50.5949,3.72246,65.5867,1.68118,55.5663,1.12847,40.4565,1.1213,28.5386,1.47807,20.5906,2.32636,16.0217,3.99045,14.6088,6.72616,17.7256,9.14624,31.1164
34.2108,0.998885,0.0309682,7,127,0,-29.2111,0.826706,0.647488,0.0202016,0.0185609,0.527357,0.676199,0.0257441,0.228347,7.38667,5.55587,29.3585,27.9243,0.358102,0.300281,0.341218,0.277052,10.1605,21.6136,15.7122,17.6666,25.357,17.5134,38.863,23.5256,46.7059,43.2115,32.4127,73.7858,15.0326,78.3153,8.27306,61.344,6.59705,43.5586,7.19311,30.5794,9.70443,22.3295,14.8564,17.9528,23.952,17.2896,37.2017,22.2847,46.772,39.8432,34.9769,70.8361,16.4822,79.4704,8.71705,63.6585,6.65453,45.4633,7.02594,31.8688,5.20027,50.6854,3.19369,67.715,1.8155,59.6966,1.33741,42.9961,1.31509,29.4136,1.58903,20.7275,2.1695,16.0858,3.12711,14.8604,4.44753,17.8574,5.59862,29.0188,5.098,52.3418,3.07054,67.8849,1.76355,58.6774,1.32532,41.9785,1.32427,28.7126,1.61653,20.3178,2.219,15.9054,3.20272,14.9049,4.53781,18.2638,5.63412,30.1735
31.7721,0.866033,0.0309682,7,127,0,-20.6027,1.04263,0.615984,0.0234533,0.0205926,0.41821,0.690258,0.0207554,0.185775,7.53942,7.13443,38.2604,28.3036,0.317319,0.231461,0.253082,0.275485,9.6715,29.996,14.4574,25.2205,23.1366,24.3345,35.5103,29.3418,43.2968,44.7457,32.9002,66.9891,17.2092,73.3557,9.69157,63.0148,7.38209,49.2332,7.60106,37.7273,9.8515,29.6504,14.8136,25.0658,23.7295,24.4238,36.1814,29.86,43.2492,45.9149,31.9602,67.913,16.5964,73.0904,9.47189,62.2764,7.341,48.536,7.66831,37.2044,5.93725,49.9208,3.42108,59.2825,2.0485,48.4207,1.63184,33.839,1.6962,22.9831,2.10876,16.3229,2.90269,12.9521,4.15964,12.4215,5.81651,15.6792,7.09833,26.5815,6.17199,47.8113,3.63374,59.49,2.13074,49.8958,1.6472,35.1603,1.67382,23.8604,2.052,16.8229,2.80433,13.1598,4.01313,12.3369,5.64629,15.1068,7.0385,24.9864
34.1675,0.974188,0.0309682,7,127,0,-25.5084,1.22399,0.493081,0.0653782,0.0159271,0.367542,0.813677,0.0178577,0.148935,6.46919,8.95386,15.2957,30.4074,0.297843,0.404108,0.364353,0.343129,9.045,12.1209,14.8835,10.3265,26.1505,10.2159,42.5294,13.0271,48.8665,21.1473,29.9632,30.284,13.3901,30.2808,7.4012,24.9835,5.92452,19.4067,6.59394,14.9857,9.3741,11.9217,15.5685,10.2462,27.3577,10.3081,43.7909,13.4628,48.1259,22.0256,28.1421,30.6599,12.6005,29.9477,7.16723,24.5041,5.90937,18.9965,6.73204,14.6849,7.84147,48.4618,5.38516,57.5594,3.69999,49.4292,3.07218,35.8991,3.11266,25.0536,3.62836,18.2445,4.58389,14.8237,5.97332,14.3489,7.63485,17.5053,8.87351,26.8739,8.31527,44.1285,5.95822,57.1411,3.99316,52.3761,3.1494,39.0487,3.05598,27.2765,3.46478,19.538,4.31434,15.3714,5.60421,14.184,7.23542,16.3148,8.68475,23.867
32.9904,0.872414,0.0309682,7,127,0,-25.5764,1.4071,1.19691,0.0367365,0.0412104,0.296785,0.408638,0.0153884,0.159305,7.78444,7.35881,32.7382,22.8257,0.320018,0.258522,0.329453,0.327703,10.4983,27.9203,16.2381,25.3687,26.1338,25.9801,37.7445,31.6614,39.3025,43.5237,26.1025,54.0266,14.1502,54.2318,8.7851,47.764,7.16334,40.0008,7.6556,33.2401,10.1668,28.2511,15.5946,25.4815,25.1332,25.7641,36.922,30.9184,39.8803,42.3761,27.4016,53.4987,14.8842,54.5734,9.05937,48.4198,7.20888,40.6426,7.54093,33.7552,5.87679,47.78,1.99268,57.3959,0.756913,46.3941,0.483334,33.8388,0.488827,24.2375,0.689152,17.6391,1.20908,13.5555,2.3917,11.8551,4.75868,13.6752,7.52033,24.6501,5.41776,50.1599,1.77722,56.7819,0.707113,45.0724,0.475035,32.7442,0.499293,23.459,0.722705,17.1296,1.28863,13.277,2.56543,11.8387,5.06124,14.1898,7.62523,26.6766
35.1396,0.999324,0.0309682,7,127,0,-28.5457,1.92537,0.92745,0.0681221,0.0267186,0.222172,0.5272,0.0115313,0.156599,6.79689,7.68282,25.6077,22.0959,0.35648,0.257596,0.386596,0.324402,9.13153,22.4271,14.6295,20.5153,25.1219,20.549,38.8839,23.8251,41.891,30.9921,27.2981,37.3071,14.1107,37.6334,8.30762,34.1078,6.48818,29.6694,6.79776,25.605,9.13412,22.4252,14.6351,20.5145,25.1314,20.55,38.8924,23.829,41.8854,30.998,27.2859,37.3096,14.1041,37.6318,8.30521,34.1047,6.48772,29.6663,6.79864,25.6024,7.9969,47.9107,3.79406,71.943,1.52105,62.1517,0.934825,43.9683,0.892345,29.8112,1.16211,20.5814,1.83406,15.2581,3.19348,13.1977,5.58767,15.2726,8.29919,27.1276,6.97872,57.561,2.86271,71.7515,1.2613,56.9381,0.88705,39.4448,0.936874,26.7495,1.30196,18.7276,2.13118,14.3505,3.75539,13.2563,6.42654,17.1594,8.57338,33.9879
36.498,0.945606,0.0309682,7,127,0,-30.1539,1.66046,0.584832,0.0573389,0.0173977,0.247744,0.709558,0.0129307,0.206318,7.02974,6.05354,25.5798,30.1663,0.258847,0.326788,0.253305,0.294388,9.46757,22.1586,14.9219,20.1669,24.9463,20.26,37.9168,23.7663,41.4818,31.6075,28.0902,39.1134,14.8168,39.9711,8.69714,36.097,6.67599,31.0288,6.80117,26.3743,8.8078,22.7206,13.5556,20.417,22.624,20.028,35.5902,22.7434,42.3033,29.8582,31.2653,38.0994,16.7729,40.3109,9.46101,37.0184,6.86767,32.0042,6.63959,27.2068,5.43703,50.2508,3.54913,62.6648,2.23797,55.0537,1.74981,40.4235,1.73763,28.3139,2.05202,20.48,2.68659,16.3282,3.67644,15.3871,4.95383,18.385,6.00058,28.358,5.60845,47.8106,3.76182,62.3433,2.3403,56.5872,1.77689,42.0738,1.72121,29.4936,1.99987,21.1828,2.59551,16.6424,3.54374,15.3246,4.80119,17.7644,5.92735,26.6984
34.1286,0.991045,0.0309682,6,127,0,-18.5423,1.5216,0.667723,0.0561251,0.0190291,0.276266,0.640543,0.0147731,0.129899,6.71471,9.40122,23.9837,28.6699,0.283176,0.345585,0.393046,0.449106,8.91228,20.3658,13.933,18.2092,23.3178,18.0786,36.1112,21.2646,41.0408,29.1212,28.4248,37.4625,14.786,38.7547,8.51099,34.6615,6.47936,29.2731,6.60732,24.4075,8.59311,20.6627,13.2689,18.3449,22.1755,17.9726,34.9125,20.7507,41.3915,28.182,30.0524,36.8925,15.7776,38.9484,8.8862,35.1698,6.56672,29.7964,6.51711,24.8424,8.70692,51.1208,5.30471,67.3294,3.00256,59.6198,2.19285,43.5389,2.13501,30.2143,2.56284,21.4966,3.49404,16.6879,5.05599,15.21,7.26289,17.7438,9.33597,27.801,8.84383,49.7758,5.48074,67.1144,3.07954,60.4064,2.21269,44.3704,2.1251,30.8069,2.52816,21.8551,3.42963,16.8588,4.95489,15.2022,7.13503,17.4669,9.26317,26.9714
31.4148,0.973068,0.0309682,7,127,0,-23.7358,1.3588,1.0775,0.0660233,0.0321418,0.298127,0.409026,0.0149929,0.161524,7.48869,6.75517,16.7661,46.7552,0.318518,0.255227,0.366594,0.293233,10.55,14.2006,16.9218,12.8829,28.0686,13.3138,41.4207,16.689,42.8985,23.92,27.093,30.3,13.8269,30.2223,8.25037,26.2821,6.58986,21.7324,6.98382,17.8185,9.28364,14.8994,14.4138,13.1493,23.9575,12.9296,37.5133,15.1844,44.773,21.2984,32.8255,28.8698,17.0906,30.8834,9.45262,27.7185,6.85412,23.1539,6.66707,18.9744,2.90174,67.8502,1.03935,60.0497,0.564851,45.0098,0.482502,32.4428,0.582604,23.4339,0.89331,17.4743,1.59056,14.086,3.02875,13.4127,5.5151,17.5416,7.39617,34.4192,4.44708,63.0666,1.52768,65.3143,0.683394,51.079,0.490295,37.1455,0.521033,26.7151,0.733088,19.5824,1.24008,15.174,2.32163,13.3,4.38666,14.9578,7.01351,25.1555
30.3156,0.892258,0.0309682,7,127,0,-20.812,1.05944,0.713221,0.0461939,0.022366,0.394869,0.692263,0.0199218,0.0857468,6.89709,12.962,17.3687,16.3658,0.307402,0.404165,0.376212,0.34778,9.75847,13.7606,15.6807,11.8687,26.292,12.0411,40.6507,15.7899,45.8802,26.0605,29.3624,38.048,13.7438,38.6615,7.68562,31.8887,6.04813,24.5258,6.47789,18.6678,8.72773,14.5844,13.6488,12.2112,22.8385,11.7337,36.7336,14.2341,46.6576,22.5185,35.0632,35.5465,16.9054,39.6427,8.72965,33.9926,6.24661,26.4388,6.19093,20.103,16.27,29.411,13.0412,54.7711,6.72188,62.8957,3.87756,48.4522,3.22239,32.5562,3.61937,21.7121,4.90549,15.5523,7.3175,13.0229,11.1023,14.2198,15.3497,22.2747,15.3521,43.9204,9.02097,63.4837,4.67361,55.5244,3.33264,38.6279,3.35072,25.5689,4.25454,17.6176,6.15894,13.6654,9.37269,13.1747,13.7216,17.6808,16.3093,33.1863
30.449,0.989642,0.0309682,7,127,0,-24.8834,1.51858,1.14672,0.0489488,0.0315631,0.290602,0.388588,0.0137113,0.120271,6.36841,8.85623,27.3785,39.7819,0.341941,0.349604,0.3116,0.311555,8.60945,22.6264,14.0733,19.6712,25.177,19.1002,42.3553,22.6101,51.1526,32.9434,33.7756,45.0713,15.5907,46.6311,8.27706,40.7007,6.1588,33.4832,6.39925,27.2312,8.70452,22.5233,14.283,19.6209,25.5699,19.1292,42.8163,22.787,51.0132,33.304,33.16,45.2732,15.2785,46.5334,8.17455,40.5089,6.13985,33.3003,6.43147,27.085,5.1536,65.1417,1.92691,65.555,0.937472,52.1298,0.706917,38.8621,0.772485,28.7319,1.10493,21.739,1.88476,17.5358,3.51097,16.2651,6.3733,19.7481,8.89973,34.4781,6.16183,61.2789,2.3533,67.3997,1.05128,55.1589,0.724876,41.4083,0.739038,30.5835,1.0072,22.9656,1.66777,18.1924,3.07373,16.2418,5.68406,18.4034,8.65683,29.9599
33.467,0.80287,0.0309682,7,127,0,-23.9774,1.39442,0.946387,0.0531423,0.026493,0.305391,0.442928,0.0158757,0.166417,7.21138,6.34528,22.8034,39.8764,0.245256,0.272936,0.428937,0.376973,9.60054,19.1432,14.9129,17.0526,24.5616,17.0807,37.157,20.5541,41.1158,28.8465,27.9545,37.3162,14.6348,38.1695,8.66352,33.5757,6.83106,27.8763,7.18244,22.901,9.5204,19.2089,14.7515,17.0792,24.2957,17.0493,36.9044,20.4248,41.2378,28.623,28.3224,37.1987,14.8439,38.2304,8.7399,33.7014,6.84483,27.9991,7.15445,22.9991,4.09264,63.0749,1.83524,64.8224,0.994924,51.9721,0.777622,38.4831,0.834994,28.1742,1.126,21.2211,1.75438,17.2158,2.92555,16.1702,4.75995,19.5313,6.35761,32.2607,5.09916,56.49,2.41476,66.894,1.17853,56.8629,0.8128,42.799,0.790712,31.3015,0.996294,23.247,1.49045,18.2689,2.44991,16.1526,4.0738,17.6784,5.99149,26.3798
34.2407,0.685564,0.0309682,7,127,0,-24.7498,1.94785,0.925458,0.0903083,0.0302264,0.218086,0.502355,0.0119109,0.158947,6.10096,7.13915,19.5532,23.7844,0.316649,0.356722,0.280577,0.393368,8.23064,17.0853,13.3311,15.5597,23.3445,15.4769,37.2196,17.8486,41.3657,23.3732,27.0874,28.5466,13.6374,29.0124,7.75615,26.3455,5.87948,22.9163,6.02979,19.7472,8.01153,17.2263,12.8528,15.6253,22.487,15.4195,36.353,17.5846,41.769,22.9388,28.2497,28.332,14.2768,29.1145,7.99143,26.5682,5.93227,23.1467,5.96658,19.9443,6.51023,45.254,3.19024,58.9562,1.48823,50.4832,1.0048,36.9037,0.988151,26.0516,1.27669,18.7936,1.95814,14.6109,3.2668,13.2561,5.38398,15.7985,7.35699,26.8468,5.92296,49.5441,2.72221,58.5897,1.34048,47.9394,0.976233,34.6097,1.0185,24.4416,1.36831,17.7991,2.14543,14.139,3.60084,13.3625,5.83304,16.9841,7.44089,30.4412
33.2945,0.683496,0.0309682,7,255,0,-24.1859,0.739045,0.640661,0.0161785,0.0205203,0.558185,0.68041,0.0307813,0.139284,8.00983,8.50814,28.5656,25.0551,0.306275,0.282264,0.387165,0.285741,11.2182,21.858,16.948,19.1497,25.8406,21.0028,36.0324,31.2835,37.582,57.9486,23.6879,87.045,11.8953,84.1961,7.46273,64.0535,6.50164,45.1831,7.35485,31.8728,9.88744,23.6684,14.6628,19.6285,22.4732,19.725,32.8145,26.3657,38.9673,46.8414,29.2094,79.7977,14.8966,88.553,8.42193,71.29,6.58676,51.019,6.88846,35.7719,8.21064,42.0881,5.54131,56.1917,3.36853,52.0368,2.49941,39.1851,2.40163,27.7305,2.8089,20.0768,3.70505,15.9067,5.157,14.8326,7.07696,17.5538,8.63759,26.9292,7.92669,44.7933,5.15266,56.6992,3.17988,50.4223,2.44914,37.3812,2.43049,26.424,2.90378,19.2962,3.87398,15.5695,5.40533,14.9476,7.35252,18.3716,8.71931,29.0035
28.911,0.966625,0.0309682,7,127,0,-21.8052,0.855849,0.477174,0.0273582,0.0137499,0.544098,0.902287,0.026841,0.139212,6.14549,11.2761,24.9493,31.1644,0.407837,0.565172,0.236976,0.331901,8.16591,17.4673,12.6977,13.3192,21.2626,12.0586,35.1098,14.75,48.3596,26.8031,38.5541,53.5921,16.8158,63.9408,8.06987,50.5991,5.9199,35.1508,6.27434,23.9277,8.52294,16.8587,13.4139,13.0364,22.5362,12.1169,36.8751,15.4556,48.8487,29.1609,35.8805,56.3628,15.2489,63.1372,7.63229,48.7642,5.86405,33.6797,6.42524,22.9576,9.94276,57.9072,6.29487,72.7755,4.01157,59.1086,3.29712,39.3611,3.43266,25.3152,4.15126,17.2989,5.4326,13.5809,7.30738,13.2822,9.59862,17.4472,11.2667,30.8266,9.99421,57.4497,6.34898,72.8018,4.03378,59.4402,3.30067,39.6471,3.42549,25.4916,4.1351,17.3912,5.4069,13.6138,7.27228,13.2578,9.56134,17.3246,11.2565,30.4932
33.274,0.9455,0.0309682,7,127,0,-20.9686,0.833035,0.624043,0.0404685,0.0192789,0.498519,0.730726,0.0265437,0.191075,7.47352,6.77221,15.4715,23.0148,0.339507,0.36903,0.448329,0.327098,9.9649,11.7932,14.8655,9.89637,23.0887,9.86844,34.0499,12.7694,40.2327,21.3504,29.9486,34.0943,15.5006,37.3169,8.83513,30.8395,6.87016,22.9232,7.13833,16.7045,9.14581,12.5435,13.353,10.2111,20.6785,9.66729,31.2567,11.6389,39.9498,18.5068,33.8829,31.2238,18.434,37.7839,9.90874,32.8448,7.10263,24.8034,6.90891,18.0697,6.85742,42.4932,4.54655,62.1015,2.5768,57.7507,1.83727,41.782,1.76102,28.1634,2.09209,19.4812,2.81952,14.8965,4.01705,13.6749,5.65183,16.5077,7.04741,27.1722,6.37145,49.3962,3.85414,63.3418,2.27128,53.5519,1.76674,37.4817,1.81613,25.2482,2.2535,17.828,3.10501,14.2213,4.44156,13.9728,6.12782,18.4426,7.14978,32.4151
35.4126,0.992881,0.0309682,7,127,0,-28.6191,1.5104,0.584475,0.0459281,0.0180933,0.271119,0.73865,0.0138651,0.11153,6.82753,12.0626,29.0618,29.5812,0.292141,0.309885,0.241465,0.27125,9.05378,24.6768,14.1391,22.0062,23.7366,21.6878,37.3118,25.2145,43.9037,34.4133,31.5457,45.0497,16.4259,47.512,9.17879,42.9273,6.71439,36.4152,6.58371,30.3851,8.28423,25.626,12.513,22.4877,20.8465,21.4851,33.8903,23.8499,43.9584,31.6145,35.8422,42.8934,19.4663,47.7852,10.3885,44.4087,7.05744,38.0499,6.44874,31.7894,10.4511,51.6886,6.39613,63.0645,3.94663,52.5767,3.15853,36.9276,3.25795,25.0724,3.98935,17.8418,5.37855,14.2776,7.51562,13.9022,10.2073,17.8107,12.0776,30.0846,10.3482,52.2969,6.2981,63.0106,3.90705,52.1395,3.15151,36.533,3.27002,24.8129,4.01859,17.6977,5.42757,14.2237,7.58536,13.9422,10.2814,18.0116,12.0895,30.5978
36.1421,0.938221,0.0309682,7,127,0,-27.8654,1.49793,0.508661,0.0526623,0.0164962,0.287246,0.807207,0.0144913,0.121879,7.11331,11.1102,24.837,32.1114,0.27213,0.287175,0.250184,0.334903,9.5842,20.9717,15.1881,18.739,25.6111,18.774,39.3874,22.5746,43.1989,31.5621,28.3775,40.3002,14.4603,40.8102,8.48164,35.8952,6.7037,29.966,7.12507,24.7974,9.61697,20.9448,15.2555,18.7281,25.7243,18.7878,39.4925,22.6303,43.1367,31.6547,28.2242,40.3432,14.379,40.7825,8.45293,35.844,6.6991,29.9167,7.13698,24.758,9.28785,51.1855,6.09477,58.0356,4.17953,47.6416,3.56147,33.7257,3.72287,23.303,4.46247,17.0231,5.76574,14.0806,7.63106,14.1363,9.78725,18.2374,11.1104,29.6085,9.73109,48.5825,6.51707,58.3718,4.36591,49.7097,3.59504,35.6332,3.66055,24.5704,4.31795,17.724,5.53599,14.3303,7.32377,13.92,9.47896,17.2721,11.0457,27.317
35.5533,0.98843,0.0309682,7,127,0,-31.0505,1.05585,0.590719,0.0303811,0.0192838,0.408509,0.764555,0.0210576,0.16389,6.75607,8.40059,27.2952,22.2291,0.315994,0.41634,0.380228,0.278674,9.33158,21.4057,14.7941,18.2247,24.689,18.194,38.4006,23.4514,44.3376,38.4767,29.2381,57.0053,13.84,58.5516,7.7565,48.2757,6.13254,36.9613,6.61686,28.0093,8.97944,21.8559,14.0982,18.4091,23.5132,18.0212,37.102,22.5931,44.6976,36.5612,31.1533,55.7689,14.8533,59.1567,8.08353,49.415,6.18141,37.9692,6.49434,28.7497,8.28703,42.5282,5.32096,61.4415,3.01082,55.2374,2.19321,38.8185,2.14566,25.5953,2.57699,17.4403,3.47959,13.2442,4.93987,12.1926,6.92008,14.9278,8.63029,25.2506,7.83483,47.5942,4.7121,62.1488,2.75289,52.0693,2.13742,35.7392,2.19686,23.5702,2.71865,16.3152,3.72635,12.7868,5.30528,12.3775,7.33832,16.1942,8.75292,28.8524
32.8563,0.989676,0.0309682,7,127,0,-28.0491,0.644143,0.725507,0.0160914,0.0228827,0.671693,0.592117,0.0365124,0.106117,7.75087,11.0012,23.6342,30.4964,0.322804,0.331362,0.251245,0.340023,10.7239,16.8161,16.0272,13.8833,24.3951,14.6884,35.0027,22.1704,39.6665,46.2011,26.4079,82.524,12.5067,83.1904,7.4678,60.053,6.4565,39.2642,7.35777,25.6858,9.93178,17.8913,14.6784,14.2125,22.3691,14.1382,32.8068,19.6812,40.0124,39.1678,30.195,76.4805,14.5554,86.3802,8.06006,65.1655,6.48031,43.03,7.03622,27.9921,9.00015,50.6933,5.09248,58.7617,3.00386,49.0803,2.3563,35.7745,2.43526,25.3899,3.05772,18.7047,4.30979,15.1988,6.36297,14.6992,9.09583,18.4117,10.9954,30.1992,9.06647,50.3778,5.14653,58.8106,3.02441,49.3085,2.36014,35.9834,2.42934,25.5348,3.04231,18.7904,4.28217,15.2341,6.3209,14.679,9.0486,18.2958,10.9883,29.9051
32.9287,0.997888,0.0309682,7,127,0,-28.5951,0.679253,0.597452,0.011957,0.0187784,0.656964,0.763072,0.0316508,0.123253,7.68848,10.8089,33.4609,22.886,0.283607,0.332043,0.252757,0.274963,10.8826,23.1372,16.8234,18.4329,26.7114,18.8096,40.3563,28.0348,48.2919,61.7527,31.6872,120.561,13.5516,123.065,7.54597,87.264,6.39191,55.9969,7.35206,35.9169,10.1798,24.4389,15.5748,18.8888,24.7238,18.318,37.9717,25.4051,48.3504,53.2666,35.7633,112.478,15.562,127.238,8.07573,93.5272,6.40997,60.4683,7.06707,38.6173,10.8571,42.2755,7.2601,61.4113,4.20118,56.7461,3.04945,40.7521,2.94876,27.2852,3.50192,18.8147,4.68418,14.4273,6.59168,13.3717,9.1357,16.3664,11.2201,27.2068,10.0618,49.285,6.15496,62.5278,3.71128,52.3698,2.94022,36.3488,3.04722,24.3414,3.77595,17.1732,5.15853,13.7852,7.28141,13.7301,9.8843,18.4281,11.3413,32.6611
35.9162,0.92541,0.0309682,7,255,0,-21.7725,1.16711,0.484722,0.0313659,0.0153293,0.35663,0.867349,0.0179266,0.121471,7.66332,11.9803,30.4474,32.8739,0.295015,0.385727,0.301452,0.25959,10.3893,24.9699,16.0834,22.0398,26.0238,22.3499,38.6744,27.968,42.5789,41.6352,28.8461,56.2546,14.9635,57.6157,8.85724,49.4766,7.0321,39.7697,7.41731,31.6022,9.75919,25.7201,14.8586,22.3361,24.0402,22.0072,36.6903,26.5076,43.2616,38.839,31.7524,54.5187,16.6961,58.3291,9.48956,51.102,7.1569,41.3336,7.22427,32.8225,9.97729,54.2117,6.46806,61.4664,4.43524,49.1672,3.82788,33.7513,4.05779,22.7326,4.90821,16.3626,6.36247,13.544,8.40876,13.8785,10.7208,18.656,11.9877,31.8146,10.1669,53.1477,6.63561,61.7116,4.50387,50.0631,3.83609,34.5148,4.02796,23.2137,4.84525,16.615,6.26529,13.6199,8.28203,13.7659,10.6009,18.2172,11.9844,30.7891
34.4609,0.961991,0.0309682,7,127,0,-24.8849,0.886857,0.499685,0.0316652,0.015002,0.508152,0.913391,0.0259213,0.185005,6.78601,7.54755,21.8228,22.6582,0.274579,0.289053,0.276887,0.389695,9.11159,16.0595,14.0639,12.9552,23.0015,12.4746,36.0812,16.0492,44.7354,28.372,32.0223,48.3343,14.888,52.2537,8.05317,41.6051,6.33277,29.9645,6.88594,21.3111,9.36532,15.7531,14.5547,12.8284,23.8246,12.5631,37.0527,16.5631,44.6303,29.7259,30.5411,49.3946,14.0986,51.7595,7.81632,40.7127,6.30993,29.234,6.99532,20.8156,7.93186,39.2042,6.16843,59.5852,4.0058,60.4516,2.96196,45.4247,2.77412,30.6722,3.12165,21.0782,3.91257,16.0996,5.13667,14.8208,6.67642,17.6904,7.92036,27.759,7.47027,47.9611,5.2278,62.9312,3.46578,55.3702,2.81102,39.1515,2.8546,26.3055,3.3781,18.6552,4.33973,15.1786,5.71629,15.3491,7.25973,20.4898,8.02591,34.6223
29.9176,0.987287,0.0309682,7,127,0,-25.1238,0.905389,0.956725,0.0115701,0.0299661,0.469203,0.457367,0.0237491,0.172944,8.06536,6.00776,59.7843,26.466,0.351249,0.285922,0.328744,0.25342,10.8482,46.6047,16.3575,40.0082,25.5532,40.8477,37.1289,53.8184,41.3358,88.1293,28.5026,129.534,14.7696,133.312,8.88352,109.078,7.29213,82.2215,7.91149,61.379,10.4858,47.5621,15.6925,40.3437,24.526,40.3681,36.1135,51.8256,41.6873,83.9407,30.0968,126.799,15.6949,134.67,9.20025,111.725,7.33296,84.5425,7.77431,63.0368,5.30349,46.8835,2.67629,58.8829,1.29339,51.469,0.869079,38.9583,0.830323,28.4529,1.03681,21.0893,1.54488,16.5982,2.52962,14.8169,4.16158,16.5735,5.92719,25.3519,5.47432,45.2475,2.84278,58.796,1.35266,52.3569,0.883773,39.8598,0.824501,29.1298,1.01243,21.5359,1.4931,16.8417,2.4345,14.8481,4.01938,16.2663,5.83359,24.3122
30.608,0.97198,0.0309682,6,63,0,-26.2073,0.905573,0.92582,0.0112492,0.0286192,0.46452,0.493148,0.02402,0.188108,7.66112,6.47138,55.0533,25.5647,0.326523,0.311537,0.351264,0.270442,10.9812,43.0702,17.3487,37.7543,27.8913,40.4994,40.4178,58.0447,41.6878,101.971,24.8545,144.772,11.9782,138.639,7.32796,108.673,6.30725,80.0737,7.1891,58.9758,9.95392,45.3369,15.4674,38.403,24.9735,38.8783,37.7033,51.787,43.4109,89.1233,29.3418,138.449,14.12,143.803,7.98926,116.265,6.35274,86.3228,6.82203,63.3308,5.53748,51.9649,2.39199,65.8225,1.0518,54.172,0.706409,38.7187,0.704316,26.9015,0.928582,19.0839,1.45944,14.5004,2.51194,12.732,4.33675,14.6196,6.41852,24.8378,5.65984,50.8109,2.48581,65.9137,1.07886,54.8118,0.711816,39.2813,0.700079,27.2938,0.914675,19.3302,1.42995,14.6296,2.45603,12.7452,4.24894,14.4364,6.36086,24.1416
26.4532,0.97175,0.0309682,6,63,0,-20.9744,0.776224,0.960971,0.011122,0.031637,0.561119,0.531894,0.0295966,0.16995,7.57675,5.99476,44.6866,17.1306,0.334583,0.332398,0.358183,0.24958,10.7438,33.2529,16.6814,28.2365,26.4026,30.1809,38.4392,45.0376,41.219,87.5708,24.9388,136.545,11.6967,130.34,7.1483,96.9327,6.2916,67.0944,7.32611,46.635,10.2179,34.3152,15.7459,28.5259,24.9714,29.4377,37.0557,42.0053,42.0437,80.4999,27.3052,132.97,12.7563,133.641,7.44594,101.218,6.28198,70.3229,7.10364,48.7111,7.41549,32.8635,4.61038,56.2865,1.9144,55.6435,1.06973,41.4557,0.931324,28.6998,1.1385,20.0123,1.72787,14.9001,2.93523,12.867,5.02936,14.6844,7.26674,24.9316,6.0445,48.8021,2.65312,58.8778,1.26446,47.096,0.936588,33.089,1.02173,22.8557,1.44707,16.4704,2.38194,13.2743,4.12694,13.3787,6.57009,19.4717,7.11581,38.9094
28.8518,0.973287,0.0309682,6,63,0,-21.1966,0.721689,0.853957,0.0109347,0.0279082,0.653368,0.554914,0.0314548,0.161065,7.51648,6.73869,46.4688,18.2792,0.321383,0.33847,0.374073,0.260062,10.1669,31.7467,15.4733,24.5147,24.619,23.6863,37.7229,32.6275,46.7344,66.4297,32.97,128.959,14.7087,137.486,8.1571,100.278,6.851,65.5413,7.87955,42.7721,10.9884,29.759,16.968,23.8157,27.0034,24.4527,40.4295,36.6435,46.1025,78.2029,28.4195,137.321,12.6464,131.408,7.63005,92.4105,6.90043,60.0138,8.32403,39.4703,7.76799,35.3212,4.82231,58.037,2.1544,56.7,1.26471,42.2209,1.10716,29.1668,1.31705,20.2648,1.90573,14.9917,3.06142,12.7207,5.01299,13.8368,7.34824,21.6215,7.25965,42.7505,3.82165,60.418,1.77175,52.8944,1.17128,38.058,1.13387,26.1741,1.4425,18.4059,2.16988,14.0388,3.53792,12.6313,5.71075,15.1252,7.76215,26.2033
28.5858,0.97421,0.0309682,7,127,0,-18.1014,0.943612,0.844449,0.050838,0.0274678,0.452627,0.474511,0.0236358,0.143924,7.40101,5.89341,14.9855,44.6869,0.337422,0.346914,0.438336,0.514908,9.73351,11.6216,14.6039,9.79431,23.0785,9.64672,34.6199,12.1054,41.0111,19.3065,30.2617,29.4104,15.6927,31.7691,8.98207,26.6829,6.99568,20.3744,7.30915,15.2882,9.49356,11.811,14.1464,9.87392,22.3379,9.58872,33.7955,11.8003,41.0697,18.6029,31.4501,28.8325,16.4721,31.935,9.25976,27.1405,7.04749,20.7977,7.22651,15.5993,3.39632,54.1615,1.88261,48.5156,1.33739,37.7603,1.26445,28.2159,1.4989,21.3418,2.06915,17.0862,3.10294,15.3249,4.69629,16.6087,6.43352,23.143,6.58598,37.9692,4.31269,52.569,2.30895,51.8541,1.47054,41.9013,1.25274,31.5564,1.37449,23.6368,1.80569,18.4128,2.64501,15.6902,4.02891,15.671,5.8327,19.7979,6.859,31.4062
30.4598,0.993226,0.0309682,6,127,0,-22.6323,0.919329,0.814144,0.045613,0.0241576,0.476801,0.496838,0.0243467,0.15006,7.39474,6.84217,16.6334,45.1744,0.341652,0.330926,0.427649,0.489861,9.57824,12.6418,14.2854,10.4282,22.627,10.0613,34.4303,12.4618,42.119,20.1277,32.0424,31.9799,16.473,35.3611,9.23142,29.5642,7.12206,22.2488,7.44643,16.4271,9.71875,12.5135,14.5558,10.3731,23.0695,10.0951,34.9368,12.6563,42.1022,20.5984,31.3103,32.3792,16.0003,35.2399,9.0687,29.2494,7.09537,21.9659,7.50143,16.2243,4.03784,62.9065,2.01339,59.0211,1.28052,45.4904,1.12703,33.0023,1.28729,23.9837,1.75517,18.2547,2.65424,15.3622,4.15786,15.4539,6.17197,20.3618,7.31785,35.0535,5.37597,57.3854,2.69945,62.9761,1.5007,51.695,1.14891,38.1228,1.18203,27.527,1.50516,20.4123,2.19282,16.302,3.41204,14.987,5.26132,17.3597,7.09565,26.991
36.242,0.939536,0.0309682,7,127,0,-24.7179,1.32583,0.79887,0.0290447,0.02519,0.316427,0.558088,0.0168867,0.153267,6.78658,7.02321,37.9377,26.1314,0.273019,0.267921,0.278065,0.260093,9.3705,31.586,14.9412,28.1132,25.0096,28.5077,37.9968,35.407,41.2063,51.7375,26.625,67.798,13.3598,68.4034,7.80695,59.1245,6.18613,48.3177,6.57758,39.1241,8.82434,32.3736,13.8429,28.4275,23.1753,28.1212,36.1933,33.7844,42.0496,48.7949,29.2484,66.225,14.7919,69.2256,8.31284,60.76,6.28056,49.8858,6.40911,40.367,6.54344,44.0267,3.947,56.5817,2.2003,50.9178,1.58254,38.5524,1.53434,27.8678,1.86578,20.5982,2.61528,16.5174,3.91227,15.4688,5.73504,18.4621,7.16697,28.9068,6.11479,47.6257,3.50141,56.7117,2.01744,48.688,1.53992,36.2819,1.56915,26.2196,1.97273,19.5887,2.81596,16.0767,4.22733,15.6625,6.09328,19.7279,7.21032,32.0656
35.8295,0.983161,0.0309682,7,127,0,-28.8717,1.33978,0.649431,0.0409766,0.0193344,0.323023,0.653217,0.0165553,0.233621,6.9611,5.50995,29.2211,35.6964,0.252321,0.282877,0.317003,0.331985,8.97776,24.0663,13.7377,20.9277,22.751,20.3539,35.7543,23.8588,42.8814,33.8154,31.3039,46.2526,16.2449,49.1567,9.14464,43.4938,6.879,35.7991,6.99942,28.9955,9.09817,23.911,13.9881,20.8548,23.1839,20.3974,36.2344,24.1032,42.792,34.3066,30.6534,46.5817,15.8421,49.0515,8.99671,43.214,6.84786,35.5203,7.04035,28.7725,4.16987,59.8105,2.28079,65.0966,1.39987,51.1504,1.16448,35.618,1.25685,24.4668,1.61065,17.7035,2.27218,14.4013,3.31498,14.2815,4.65608,18.8156,5.5195,32.9318,4.43277,57.201,2.46657,65.9192,1.46522,53.2596,1.17279,37.3773,1.23077,25.6181,1.55035,18.3526,2.16842,14.6492,3.16099,14.096,4.48505,17.852,5.49321,30.3891
33.6822,0.665949,0.0309682,7,255,0,-25.4023,1.18917,0.981231,0.0212566,0.0310809,0.355418,0.456835,0.0167619,0.129029,7.03926,8.88607,44.1211,26.7856,0.288061,0.30993,0.350511,0.370739,9.98145,35.5386,16.3057,30.859,28.0209,31.0884,44.2011,39.8731,49.7686,63.4918,31.2365,89.5638,14.4612,90.4923,8.02034,75.8133,6.26338,59.6563,6.70054,46.4926,9.11364,37.0851,14.5389,31.5195,24.9376,30.4981,40.7385,36.8913,50.7697,57.0745,36.1809,85.5699,17.047,92.3265,8.86733,79.4339,6.42086,62.9843,6.45122,49.0441,7.19268,51.0995,3.08543,61.6208,1.39357,50.9727,0.947695,37.28,0.94582,26.5878,1.24634,19.3279,1.96469,14.9709,3.40368,13.2724,5.91102,15.1467,8.72325,24.9552,7.63025,48.508,3.40218,61.8694,1.48739,52.4322,0.967413,38.5966,0.932102,27.5336,1.1991,19.9394,1.8629,15.3018,3.20815,13.3145,5.60089,14.7026,8.51534,23.308
33.481,0.984926,0.0309682,7,127,0,-27.42,1.48781,1.09194,0.0596751,0.0339182,0.280061,0.434922,0.0128559,0.174524,6.46412,6.58912,20.883,24.8936,0.262021,0.329472,0.334103,0.366859,9.18968,17.4053,15.4378,15.3327,27.8309,15.1814,46.2511,18.4261,53.9077,27.2622,34.1449,36.973,15.4756,37.8956,8.14198,33.0518,5.96967,27.2608,6.07077,22.2173,8.06276,18.3447,12.9781,15.8058,23.1778,14.9616,40.3976,16.9071,54.5424,23.9275,41.8272,34.6592,19.8104,38.5431,9.61865,34.8033,6.33402,29.0164,5.85013,23.6657,5.62843,50.7429,2.19585,63.6124,0.884594,52.5522,0.567498,38.3462,0.561267,27.309,0.759597,19.7724,1.261,15.1774,2.33737,13.2991,4.35878,15.2092,6.69714,26.2302,5.36562,52.7011,2.03399,63.3103,0.842677,51.4853,0.559639,37.426,0.568466,26.654,0.783444,19.3485,1.31499,14.9488,2.44805,13.2823,4.54171,15.5888,6.78379,27.6723
34.6587,0.981426,0.0309682,6,127,0,-24.6273,1.6875,0.650578,0.0585496,0.0208167,0.252302,0.665489,0.0135138,0.144376,6.971,8.33883,26.0731,26.1227,0.379496,0.238912,0.414301,0.305408,9.13673,22.532,14.1647,20.4098,23.5143,20.3467,35.8141,23.6186,39.6475,31.1403,27.316,38.4833,14.6163,39.3937,8.68332,35.6035,6.7529,30.6121,6.9787,26.045,9.15976,22.5122,14.2125,20.4014,23.5941,20.3558,35.8885,23.6561,39.6103,31.2006,27.2105,38.5138,14.5547,39.3789,8.65985,35.5706,6.7481,30.5785,6.98648,26.0169,7.74974,44.5471,4.96568,57.7261,2.96841,51.6593,2.22991,38.2158,2.18562,26.8503,2.60555,19.4017,3.49541,15.3966,4.93745,14.4464,6.85563,17.3383,8.39914,27.215,7.5806,46.0554,4.76278,57.8862,2.8769,50.7186,2.20736,37.2334,2.20199,26.153,2.65537,18.9879,3.58406,15.2182,5.06927,14.5085,7.00469,17.7822,8.44498,28.3694
37.3374,0.997148,0.0309682,7,127,0,-29.7758,1.46244,0.499704,0.058518,0.0157564,0.298786,0.861792,0.0150686,0.182644,6.11442,7.74715,21.8987,26.4665,0.315436,0.355365,0.246752,0.262639,8.25622,18.0495,13.388,15.6814,23.6472,15.2545,39.2848,18.116,47.3463,26.4748,31.7208,36.432,14.8618,37.8687,7.93886,33.0436,5.90448,27.1026,6.10052,21.9561,8.21392,18.0894,13.296,15.7009,23.477,15.2436,39.084,18.0491,47.3961,26.3359,31.9901,36.3485,15.0047,37.9041,7.9866,33.1186,5.91387,27.1747,6.08691,22.0138,7.3,45.7686,5.08431,60.538,3.31669,54.0923,2.62715,38.7999,2.61053,26.2356,3.04352,18.457,3.88406,14.5853,5.13463,13.9552,6.66041,17.2846,7.79542,27.7604,7.15411,47.5995,4.88958,60.7922,3.22073,52.8799,2.60439,37.5454,2.6314,25.3894,3.09941,17.9879,3.97529,14.4065,5.25871,14.0598,6.78878,17.8352,7.82989,29.1364
37.3504,0.975718,0.0309682,7,127,0,-31.8509,1.76537,0.481426,0.0633036,0.0151298,0.242878,0.885938,0.0123668,0.17472,6.4477,8.32384,25.217,26.6887,0.241807,0.299803,0.355941,0.22932,8.59817,21.6569,13.7989,19.4303,24.0917,19.1447,38.9637,22.1491,44.9694,29.8052,30.2378,37.7508,15.0661,38.8226,8.40198,34.9668,6.28988,29.9455,6.41115,25.3596,8.48278,21.7598,13.5469,19.4798,23.6347,19.1101,38.4704,21.9694,45.1426,29.4834,30.891,37.5752,15.4318,38.8955,8.53457,35.1341,6.3194,30.1165,6.3768,25.5035,7.80885,46.698,5.42756,61.8257,3.54999,54.8239,2.82532,38.9244,2.81468,26.0618,3.27833,18.1844,4.16821,14.2805,5.485,13.6031,7.09633,16.8071,8.33984,27.0828,7.76289,47.2714,5.36445,61.9162,3.51861,54.4466,2.81774,38.5329,2.82114,25.7992,3.29587,18.0393,4.19681,14.2236,5.524,13.6296,7.1377,16.9625,8.35458,27.4846
34.4264,0.598555,0.0309682,7,255,0,-30.0761,1.04718,0.532686,0.0475895,0.0157867,0.438985,0.818036,0.0224358,0.149245,7.56379,9.67368,18.9993,29.3709,0.379177,0.35957,0.256009,0.328093,9.71308,14.8064,14.5751,12.4583,23.3259,12.1881,35.2859,15.1397,40.9908,23.6134,28.9752,34.2806,14.9551,35.6533,8.8874,29.6739,7.28929,22.8122,8.03556,17.3996,10.9738,13.8188,17.0051,12.1086,27.1483,12.7121,38.7192,17.2537,38.7527,27.5175,23.4893,36.0195,12.1902,34.0745,8.0204,27.3053,7.31322,20.8138,8.74154,16.0045,8.67636,53.2171,5.49183,67.7931,3.41581,56.9081,2.73046,39.2354,2.80115,25.9762,3.39114,18.0853,4.49524,14.2793,6.16049,13.8597,8.23251,17.8697,9.71333,30.6855,8.4844,54.9598,5.29018,67.7291,3.33218,55.6751,2.71568,38.1266,2.82628,25.2659,3.45075,17.7022,4.59282,14.1409,6.29627,13.9677,8.375,18.4017,9.73867,32.07
34.6626,0.925675,0.0309682,7,127,0,-25.2137,1.07802,0.580355,0.0411722,0.0174877,0.413788,0.763145,0.0216656,0.166544,7.48429,8.32583,23.8535,26.5779,0.245235,0.270533,0.275524,0.337257,9.19823,18.8244,13.346,15.8051,20.9664,15.0459,31.9384,17.5845,39.4122,25.6632,31.3581,37.6148,17.2451,41.7844,9.90089,36.6125,7.53024,29.0625,7.68926,22.5762,9.87211,17.9828,14.6912,15.425,23.1775,15.2601,34.3482,18.8063,39.1392,28.2706,28.0063,39.5679,15.0032,41.1883,9.07354,34.9664,7.3889,27.4893,7.98858,21.3931,7.76567,49.5351,4.8515,66.5669,2.84494,57.5591,2.16462,40.198,2.17213,26.7031,2.63273,18.4634,3.55011,14.3055,4.9989,13.4866,6.90399,16.8781,8.42514,28.7068,7.47443,52.6893,4.51731,66.7026,2.70686,55.4851,2.13695,38.2617,2.20536,25.4366,2.71872,17.7623,3.697,14.0296,5.21252,13.6305,7.14181,17.7354,8.48501,31.0568
30.8466,0.909252,0.0309682,7,127,0,-23.4245,1.71224,0.42324,0.0550357,0.0133252,0.258069,1.07868,0.01427,0.167009,6.3474,9.35592,28.8478,21.2996,0.431846,0.428301,0.350548,0.326705,8.11953,24.6485,12.5718,21.9818,21.3195,21.4982,33.9324,24.5992,39.6553,32.7482,27.8477,41.5832,14.4627,43.0862,8.28129,38.8728,6.3091,33.2162,6.50451,28.0574,8.63884,24.0848,13.6886,21.7233,23.2668,21.7143,35.8626,25.6054,38.7612,34.4422,25.1909,42.4266,12.9812,42.6389,7.74392,37.9505,6.21464,32.2935,6.71306,27.3005,9.80981,36.8994,7.96003,56.9564,5.46724,58.8031,4.1786,43.9408,3.94213,29.107,4.37541,19.6685,5.3288,14.9375,6.74279,13.8376,8.44515,16.7036,9.77644,26.367,9.31511,45.7159,6.85514,60.7618,4.78129,53.6128,3.98256,37.3257,4.05076,24.5913,4.70566,17.2473,5.85522,14.0736,7.42414,14.4366,9.10063,19.5704,9.88886,33.2621
33.2304,0.964973,0.0309682,7,127,0,-25.2591,1.35905,1.01708,0.0619043,0.0337,0.321048,0.427041,0.0171414,0.136448,7.61581,7.55213,19.7667,29.5699,0.268837,0.253705,0.309997,0.378559,9.68401,16.5786,14.4179,14.7171,22.8872,14.6137,33.827,17.2437,37.8662,23.5915,27.2649,30.3644,15.1577,31.4279,9.28451,27.891,7.42264,23.254,7.80937,19.1677,10.2444,16.1775,15.5219,14.5631,24.6214,14.8199,35.3362,18.0249,37.0091,24.8592,24.9645,30.9968,13.8013,31.0559,8.77781,27.1453,7.35292,22.5288,8.05517,18.5983,5.51602,49.1965,2.50451,54.4425,1.26774,45.222,0.925009,34.0672,0.949914,25.1802,1.25624,19.0299,1.95865,15.3725,3.31409,14.2406,5.50701,16.8185,7.48485,27.1307,6.01216,46.7208,2.82017,54.9471,1.36881,46.8565,0.945956,35.5634,0.929667,26.2837,1.19234,19.7536,1.8249,15.7501,3.06797,14.2239,5.15321,16.1093,7.33564,24.946
32.9252,0.999524,0.0309682,6,127,0,-26.2192,1.67975,1.14157,0.0789733,0.0364089,0.252786,0.424007,0.0115698,0.197857,6.76926,5.55032,18.5299,22.5309,0.382634,0.273248,0.423952,0.29476,9.43382,15.7653,15.6933,14.0945,28.1244,14.0045,46.0009,16.6832,51.903,23.4134,32.6965,30.0705,15.4151,30.4904,8.44021,26.9921,6.35131,22.7696,6.57314,19.0217,8.85955,16.1148,14.4351,14.2607,25.7976,13.8818,43.4121,16.0375,52.8529,22.2095,36.1362,29.4257,17.2149,30.7841,9.06173,27.6096,6.48785,23.3842,6.4205,19.5325,5.1904,46.2661,2.08584,61.3873,0.797973,51.9817,0.484906,38.3286,0.463276,27.4659,0.617893,19.9411,1.0275,15.2704,1.93106,13.244,3.68056,14.8619,5.79672,25.1664,4.70476,50.518,1.75637,60.9532,0.713139,49.7717,0.468453,36.3816,0.475685,26.0648,0.661602,19.0248,1.12881,14.7696,2.14356,13.1994,4.03794,15.6807,5.95458,28.2902
33.2462,0.840984,0.0309682,7,127,0,-24.8625,1.54759,1.01561,0.0408902,0.0324242,0.268277,0.469413,0.0124405,0.152072,7.01703,7.09673,32.5702,23.2927,0.221599,0.35073,0.297735,0.397862,9.70566,27.5638,15.8285,24.5916,27.6182,24.4713,44.2526,29.234,50.389,41.258,33.0475,53.8413,16.0432,55.2528,8.83998,48.9498,6.59858,41.0727,6.70717,34.0516,8.80767,28.61,13.9081,25.0965,24.1379,24.1566,40.2509,27.4592,51.2166,37.751,38.3328,51.5904,19.1446,55.9296,9.96236,50.7872,6.87725,42.9571,6.50914,35.6275,6.745,44.443,3.23872,59.3009,1.42699,51.5372,0.921551,38.1846,0.888524,27.2936,1.15246,19.8561,1.80884,15.455,3.12784,13.9194,5.36007,16.4167,7.48094,27.84,5.81786,50.8995,2.52074,58.745,1.20956,47.8169,0.879757,34.8154,0.931507,24.8959,1.28664,18.3492,2.09365,14.7289,3.6561,14.096,6.07991,18.3469,7.52833,33.5927
29.8048,0.778901,0.0309682,7,127,0,-22.6531,1.95045,1.22025,0.0612216,0.0379,0.213522,0.387441,0.00987945,0.202034,6.45682,5.09089,27.2534,28.1807,0.351804,0.23118,0.314001,0.291696,9.58348,23.772,16.8649,21.7799,31.3829,22.1731,50.5511,26.9047,51.2719,36.9168,28.655,44.4622,13.1091,43.6724,7.31297,38.8189,5.65151,33.3589,6.00866,28.502,8.34849,24.665,14.1085,22.1748,26.2321,21.7173,45.3706,24.9118,54.5559,33.6791,35.5831,43.1311,16.3624,44.5656,8.41126,40.4074,5.88907,34.9343,5.72358,29.8396,3.9143,50.6306,1.55013,58.3116,0.675526,48.6517,0.455193,36.8137,0.461416,27.3386,0.634848,20.664,1.07071,16.5648,2.00735,15.1747,3.69074,18.0968,5.16497,30.9104,3.51761,53.3184,1.34915,57.5279,0.621069,46.9073,0.445828,35.2931,0.475095,26.2227,0.676931,19.9276,1.16607,16.1881,2.19991,15.2552,3.97169,19.1199,5.1593,33.9385
34.1212,0.940682,0.0309682,7,127,0,-24.0945,1.18707,0.539162,0.0498066,0.0178942,0.353819,0.829221,0.0194872,0.142364,7.2453,8.85106,19.9077,23.2403,0.277673,0.397549,0.328406,0.361344,9.66962,16.4221,14.7613,14.5496,23.5693,14.7441,34.5651,18.2624,37.7818,26.5905,25.9722,35.3041,13.8648,36.1401,8.38644,31.238,6.73326,25.3042,7.13055,20.2755,9.37344,16.6604,14.1909,14.6392,22.667,14.6226,33.7184,17.7816,38.158,25.7252,27.2464,34.8096,14.6195,36.3772,8.66488,31.7442,6.78262,25.7902,7.02879,20.6538,8.94534,36.9612,6.907,50.7431,4.69261,50.0083,3.60997,38.893,3.42369,27.7681,3.8436,20.1985,4.78223,16.189,6.21229,15.3689,7.93223,18.3458,9.136,27.3721,8.39799,42.8309,6.00708,52.4045,4.1721,46.5272,3.45995,34.565,3.51297,24.5971,4.12316,18.3718,5.24467,15.5246,6.82266,15.923,8.4967,20.7477,9.15196,32.4984
36.7231,0.979837,0.0309682,7,127,0,-30.4601,1.48214,0.543205,0.0573154,0.0157148,0.27947,0.781688,0.0139244,0.161649,6.76266,8.64224,21.4042,35.9419,0.295352,0.278652,0.332322,0.29872,9.66081,18.0925,16.0136,16.274,27.8504,16.5827,43.2332,20.6017,45.8452,29.7904,27.9533,38.0592,13.4401,37.919,7.6783,32.9813,6.00907,27.3516,6.37189,22.4998,8.63247,18.8387,13.8724,16.5871,24.1141,16.2265,39.4212,19.0423,47.6346,26.9796,33.3097,36.6061,16.2448,38.6667,8.65423,34.4672,6.21458,28.8001,6.10849,23.68,6.97684,60.3246,4.23203,67.6574,2.7712,53.5222,2.35822,36.71,2.52244,24.7689,3.1259,17.7889,4.19035,14.6085,5.75144,14.8358,7.59755,19.9759,8.64794,34.8032,7.12279,59.2063,4.34922,67.9699,2.81576,54.4539,2.36312,37.4858,2.50272,25.2599,3.08344,18.051,4.12235,14.6926,5.65871,14.7272,7.50563,19.5227,8.64569,33.7001
35.0063,0.524163,0.0309682,7,255,0,-26.7199,1.87756,0.576865,0.119185,0.0178077,0.230204,0.74047,0.0110997,0.191693,6.50081,7.21352,14.3346,28.158,0.313324,0.26271,0.402595,0.307011,8.71144,12.3626,14.1813,11.1066,25.295,10.9146,41.8009,12.5615,48.5603,16.8267,32.0744,21.202,15.6023,21.736,8.55985,19.6142,6.35777,16.8784,6.48254,14.3728,8.65253,12.3906,14.0498,11.1203,25.0501,10.9055,41.5317,12.5124,48.661,16.7392,32.4259,21.1564,15.7912,21.7565,8.62686,19.6589,6.37243,16.9238,6.46482,14.4112,6.38005,51.7215,3.83859,65.7049,2.27572,55.0691,1.7695,38.254,1.7997,25.5203,2.19415,17.7467,2.96469,13.7858,4.17996,12.9418,5.79547,15.9894,7.16532,26.8148,6.54191,49.7843,4.01699,65.6428,2.34927,56.3379,1.78514,39.444,1.78385,26.3085,2.15138,18.1928,2.89074,13.9765,4.07033,12.8921,5.6655,15.5568,7.1048,25.5563
34.5593,0.936582,0.0309682,7,127,0,-28.5411,1.82085,0.474562,0.0835986,0.0161797,0.23725,0.898066,0.0115124,0.177869,6.61313,7.92632,19.8554,27.0961,0.386428,0.301325,0.330706,0.35844,8.77907,17.074,14.126,15.3045,24.8897,15.0177,40.8103,17.2612,47.6962,23.1307,32.1247,29.3117,15.8614,30.1955,8.75085,27.2563,6.50162,23.4034,6.60796,19.8709,8.76232,17.0853,14.0891,15.31,24.8215,15.0141,40.7354,17.2417,47.7221,23.0957,32.223,29.2928,15.9156,30.2034,8.77033,27.2744,6.5059,23.4219,6.60283,19.8865,7.21643,43.7333,5.15372,53.8001,3.59996,47.0067,3.00321,34.0434,3.0454,23.5694,3.53951,17.1395,4.43651,14.1089,5.70037,14.0911,7.11637,17.9677,7.94527,28.4362,7.05173,45.2852,4.96536,53.809,3.50757,45.8458,2.98439,32.8936,3.07401,22.7984,3.6069,16.7218,4.54086,13.9773,5.83327,14.2612,7.23686,18.6183,7.94761,29.848
32.2759,0.947272,0.0309682,7,255,0,-25.2664,0.966531,0.898357,0.0284676,0.0263818,0.414314,0.525963,0.0221143,0.196548,7.773,5.24689,24.3118,20.1817,0.258486,0.254319,0.37692,0.298712,10.9893,19.6845,17.0946,17.6303,26.9987,18.8385,38.3207,25.7463,39.429,41.5496,24.8935,56.7077,12.7023,55.8971,7.77835,45.8779,6.4606,35.3316,7.03508,27.0232,9.34955,21.3261,14.0952,18.1628,22.3714,17.8312,33.8825,21.8836,41.2118,33.8894,31.8573,51.8423,16.7762,58.084,9.22685,50.4913,6.73463,39.5689,6.59587,30.2013,6.18252,38.2896,3.876,63.2629,1.69873,62.7729,0.966716,47.4794,0.825325,33.2706,0.969293,23.3576,1.40234,17.3294,2.2766,14.5699,3.79897,15.4635,5.71973,23.3612,5.85287,45.6123,3.12666,66.0099,1.40711,59.1886,0.893112,43.3528,0.838849,30.2267,1.05165,21.4181,1.58183,16.2926,2.61016,14.3917,4.30918,16.6098,6.07568,27.6396
34.0938,0.864114,0.0309682,7,127,0,-22.4791,1.25684,0.631269,0.0316906,0.0193295,0.326228,0.684485,0.0189457,0.181413,6.28678,6.87517,33.1971,24.1741,0.300539,0.355169,0.329159,0.349342,8.50057,27.4724,13.2594,24.241,21.8421,24.2297,33.3735,29.4848,38.091,42.8719,26.52,58.1524,13.631,60.7203,7.77128,53.1812,5.90537,43.5093,6.00589,35.061,7.72711,28.7355,11.7025,24.8164,19.1977,23.8414,30.4164,27.424,38.4249,38.6272,30.5092,54.9989,16.2715,61.4169,8.77536,55.5855,6.15784,45.9787,5.82995,37.0712,6.81452,43.9567,4.44847,62.6138,2.51526,58.1525,1.77832,42.7187,1.67902,29.2815,1.96603,20.4458,2.62485,15.543,3.733,13.8516,5.30861,15.7708,6.88093,24.244,6.80685,44.0811,4.43527,62.6528,2.50892,58.0843,1.77656,42.6395,1.67958,29.2245,1.96841,20.4114,2.62931,15.5265,3.73997,13.8511,5.3175,15.7934,6.88665,24.3142
30.8088,0.558412,0.0309682,7,127,0,-16.9751,1.03999,0.369847,0.0574352,0.0111903,0.386213,1.10072,0.0197982,0.0975704,7.94914,17.3197,13.4637,30.9836,0.31626,0.40312,0.314704,0.238515,11.2023,11.016,17.5068,9.8869,27.8916,10.461,39.8692,13.9619,41.1329,21.8254,26.1199,29.2467,13.3988,28.9724,8.17051,24.1578,6.7244,18.949,7.27076,14.7502,9.6515,11.8122,14.6226,10.1549,23.3948,9.98424,35.5874,12.1359,42.9467,18.3297,32.7441,27.1085,17.2664,29.9384,9.56378,26.2185,6.99787,20.8795,6.85755,16.2272,15.7166,53.3975,11.3531,66.9079,8.10258,56.4587,6.90263,38.5145,7.0405,25.0796,8.07576,17.3287,9.85622,13.7453,12.2928,13.4075,15.0831,16.9515,17.172,27.565,16.3638,48.6385,12.2428,66.2402,8.57232,59.8147,7.01425,41.9175,6.93247,27.2798,7.80582,18.5,9.44287,14.1919,11.7598,13.2139,14.5288,15.8215,16.9046,24.6242
34.6128,0.983966,0.0309682,7,127,0,-24.3303,0.801293,0.605993,0.0182364,0.0185343,0.523254,0.729709,0.0292468,0.142285,7.7364,9.07708,32.2963,23.6104,0.362039,0.43123,0.28573,0.302823,10.3071,24.7992,15.1882,21.1955,23.0389,21.8041,32.7003,29.2177,36.4861,49.0774,25.9722,74.5647,13.8258,77.8466,8.42724,63.0064,6.95006,46.4594,7.49763,33.8692,9.76604,25.7175,14.2297,21.5105,21.599,21.3625,31.2549,27.3729,36.8108,44.9901,28.2486,71.4493,15.2754,79.0651,8.93922,65.7513,7.02493,48.8644,7.30046,35.5546,9.12226,43.2504,6.10124,62.8003,3.503,58.6846,2.50033,42.7416,2.37628,28.9336,2.78725,20.023,3.70604,15.2207,5.22027,13.7416,7.31247,16.0729,9.26145,25.486,8.85246,46.5278,5.65849,63.6965,3.2934,56.7937,2.44557,40.6482,2.40276,27.4733,2.87865,19.1724,3.87085,14.8398,5.46938,13.7977,7.61139,16.7977,9.40334,27.5959
33.7766,0.991192,0.0309682,6,63,0,-31.3443,0.811761,0.603589,0.0164585,0.0185654,0.541584,0.755026,0.0253349,0.130772,7.82292,10.0516,33.5994,23.2226,0.362275,0.46001,0.281985,0.298258,10.9804,24.6805,17.1706,20.3515,27.7861,20.7092,42.1879,29.1592,48.7594,55.9466,31.446,93.4869,14.2453,94.373,8.10329,71.737,6.74944,50.0766,7.62526,34.8162,10.538,25.373,16.3522,20.5979,26.4654,20.4016,40.7202,27.6728,49.146,52.0645,33.8117,90.7866,15.3958,96.0017,8.43436,74.23,6.76912,52.0208,7.44831,36.0947,10.1643,42.6327,6.84744,62.2266,3.95854,58.0057,2.85415,41.9339,2.74279,28.1991,3.24547,19.4859,4.33601,14.9323,6.10558,13.7833,8.47878,16.7409,10.4522,27.5738,9.43641,49.7715,5.80157,63.5236,3.4878,53.6116,2.7458,37.4237,2.83149,25.1557,3.49967,17.7758,4.77901,14.252,6.75281,14.1304,9.18677,18.8181,10.5821,33.083
28.3296,0.886165,0.0309682,7,127,0,-22.4854,0.559543,0.67405,0.0151052,0.019717,0.847788,0.649666,0.0396484,0.0980483,7.32407,13.0327,22.3097,30.1823,0.351889,0.394701,0.317258,0.312526,9.86794,13.3539,14.6274,9.21649,22.5295,8.14668,34.421,10.6509,47.6364,23.4761,43.7993,68.5039,19.3167,101.316,8.8095,72.362,6.62441,41.522,7.20855,23.2503,9.61331,13.8165,14.1823,9.40659,21.8153,8.12794,33.4161,10.2676,46.8761,21.7645,45.2488,64.0174,20.7565,101.719,9.1768,75.0333,6.66431,43.3514,7.10249,24.2383,11.2394,54.2968,6.37654,66.9793,3.63586,55.9416,2.78872,39.6245,2.85641,27.1372,3.57017,19.3176,5.00926,15.26,7.37119,14.5027,10.5814,18.1838,13.067,30.8815,11.075,55.1813,6.22852,66.9021,3.58035,55.3429,2.77841,39.0853,2.87126,26.7756,3.6087,19.1096,5.07785,15.1741,7.47584,14.544,10.7025,18.4461,13.0946,31.6006
27.7957,0.998585,0.0309682,7,127,0,-21.1298,0.584373,0.728796,0.0184013,0.0225264,0.743529,0.582193,0.0406264,0.110674,6.9734,10.2108,18.0339,30.874,0.365608,0.546451,0.369306,0.315002,9.55471,11.9251,14.1827,9.10755,21.6525,8.86913,32.1926,12.4857,41.2594,27.0732,33.0222,63.1664,14.9892,77.6003,7.65963,56.6769,5.96706,35.1727,6.43269,21.3974,8.41809,13.6824,12.2212,9.82202,18.5691,8.6407,28.106,10.4891,38.9364,19.596,38.8051,48.5834,20.4773,78.4261,9.31717,65.5533,6.24353,42.1066,6.08417,25.5547,8.5002,50.3858,4.94563,58.9085,2.94358,50.0841,2.28964,37.0624,2.33224,26.6077,2.88628,19.7476,4.01857,16.0692,5.87792,15.4126,8.3633,18.8788,10.187,29.981,8.68246,49.3982,5.10733,58.9906,3.00863,50.7686,2.30363,37.7208,2.31675,27.0759,2.8431,20.0308,3.94049,16.1919,5.75854,15.3616,8.22642,18.5414,10.1525,29.119
30.3463,0.963934,0.0309682,7,127,0,-20.414,0.876382,0.731502,0.0281651,0.0221618,0.490516,0.605256,0.0270164,0.113204,8.0526,10.2412,24.2349,28.143,0.352986,0.550706,0.287397,0.268859,10.59,19.0012,15.5387,16.4548,23.5134,16.9593,32.9797,22.3258,35.7311,35.6067,25.032,50.6167,13.7318,51.5939,8.70238,42.279,7.37293,31.9843,8.09958,24.0403,10.698,18.8874,15.73,16.4216,23.7918,17.034,33.2185,22.5942,35.5902,36.1086,24.6256,50.8875,13.5005,51.407,8.62292,41.9593,7.36844,31.7097,8.14814,23.8482,9.23811,48.2369,5.51569,60.8132,3.15547,53.2071,2.35371,39.2772,2.34255,27.8169,2.87639,20.302,4.00999,16.2624,5.90196,15.4394,8.46754,18.9434,10.3664,30.6223,8.73579,51.3225,5.02794,60.7319,2.96015,51.1733,2.31267,37.3141,2.38891,26.4414,3.00482,19.4876,4.24236,15.9279,6.25564,15.6324,8.85772,20.0428,10.4021,33.3661
32.7327,0.998379,0.0309682,7,127,0,-24.2504,1.122,0.629016,0.0490979,0.019123,0.356385,0.702382,0.0192977,0.158261,8.16492,7.85168,19.2694,25.9366,0.457935,0.39936,0.307498,0.32884,10.5789,16.114,15.4474,14.4368,23.4488,14.6384,33.0324,17.7036,36.3813,24.6855,27.1521,32.4123,15.8038,34.1129,9.84203,30.3401,7.75352,25.0643,7.84339,20.3416,9.72576,16.8231,13.8531,14.726,21.0043,14.3579,30.6201,16.52,36.7238,22.4718,30.4649,30.7216,18.3662,34.3642,10.9552,31.6366,8.05638,26.4729,7.64602,21.5023,7.56631,45.232,4.9849,61.2296,2.96452,55.8182,2.19702,41.0849,2.13359,28.4772,2.52782,20.2864,3.37227,15.9277,4.73679,14.8828,6.54584,17.943,8.00101,28.5466,7.21674,49.0596,4.53284,61.7661,2.75816,53.4497,2.14701,38.606,2.17137,26.745,2.64023,19.2794,3.56999,15.51,5.02696,15.0646,6.86584,19.0956,8.07808,31.5179
36.2102,0.95187,0.0309682,6,127,0,-30.3224,1.24795,0.701864,0.0515648,0.0217238,0.309432,0.650307,0.0170601,0.157408,7.83795,7.83729,19.7419,23.4862,0.362671,0.37309,0.325069,0.294087,10.671,16.9127,16.2132,15.5389,25.2045,16.1596,35.2087,19.9252,36.5512,27.5279,25.1789,34.5588,14.1182,35.1724,8.79489,31.1689,7.00221,26.0822,7.17145,21.5502,9.03156,18.1114,13.138,15.9962,20.4596,15.555,30.7073,17.6254,37.7263,23.4888,31.5519,31.7614,18.7159,35.7102,10.7592,33.4069,7.56154,28.5251,6.88543,23.616,7.77732,43.8994,4.76881,62.4389,2.54502,56.5584,1.77818,40.9427,1.71184,27.9419,2.07815,19.545,2.89901,14.9903,4.30916,13.6779,6.33088,16.391,8.12785,27.1282,7.21533,49.8025,4.07353,63.0995,2.26644,53.0182,1.71635,37.4533,1.76179,25.5514,2.22753,18.1523,3.17464,14.3887,4.74115,13.8788,6.84536,17.9657,8.25528,31.585
33.4962,0.915567,0.0309682,7,127,0,-25.848,0.882227,1.21148,0.0304561,0.0405423,0.496815,0.37923,0.0240951,0.117641,7.15408,8.07099,23.0061,26.548,0.282214,0.309496,0.339964,0.331992,9.46487,17.0285,14.4094,13.7247,23.3334,13.036,36.5978,16.227,46.6914,27.5918,35.9479,47.6563,17.3696,54.2357,9.13318,44.5998,6.83254,32.662,7.0871,23.4108,9.28401,17.2777,14.0564,13.8384,22.7335,12.9954,35.8348,15.9033,46.5517,26.6802,37.0328,46.6892,18.1043,54.4382,9.37434,45.2596,6.87715,33.248,7.02544,23.8245,6.42014,44.9003,2.81872,52.0877,1.29929,44.6448,0.878694,34.5275,0.86996,26.1149,1.15476,20.0695,1.86904,16.3185,3.35595,15.039,5.92131,17.592,8.15786,28.1993,6.00146,46.5853,2.56669,51.7466,1.22306,43.5774,0.863331,33.5405,0.885393,25.3704,1.20519,19.5701,1.981,16.0591,3.57407,15.0835,6.23051,18.2215,8.18581,29.9747
36.3012,0.996332,0.0309682,7,127,0,-28.4013,0.974882,0.810807,0.0293663,0.0250431,0.437168,0.557945,0.0242666,0.16543,7.02332,6.57182,25.3335,25.0986,0.269709,0.297494,0.318127,0.38007,9.6401,19.9426,14.9039,17.2351,23.8816,17.6784,35.2425,23.4197,38.6584,38.3228,25.4118,55.043,12.7333,55.5191,7.59479,45.3725,6.25745,34.4974,6.8667,26.0388,9.27001,20.3706,14.2098,17.3837,22.7866,17.4469,34.1737,22.4696,39.1432,36.3867,27.0899,53.9304,13.6297,56.1897,7.89129,46.5436,6.29148,35.5167,6.7281,26.7735,6.36486,43.726,3.82465,58.6855,2.04223,53.4647,1.41701,40.3001,1.3509,28.8442,1.63963,21.0435,2.31722,16.6058,3.52084,15.279,5.27862,18.005,6.78678,28.4235,5.8863,48.5023,3.28839,59.0782,1.82607,50.6475,1.36592,37.4108,1.3866,26.754,1.75513,19.7605,2.53866,16.0262,3.87813,15.4659,5.70441,19.4952,6.86546,32.37
35.1454,0.973368,0.0309682,7,127,0,-29.8777,0.960086,0.948069,0.0296694,0.0294459,0.412553,0.468012,0.0226248,0.144803,7.39756,7.3186,24.2531,25.8237,0.360922,0.32783,0.343426,0.288692,10.1552,19.5041,15.493,17.1558,24.3375,17.6979,35.2988,23.0264,39.0402,36.3313,27.0732,51.9204,14.1206,54.0436,8.30547,45.6035,6.52537,35.5266,6.75574,27.2462,8.62736,21.3925,12.6495,17.9263,19.8142,17.0153,30.3418,19.7727,39.1733,29.1429,33.9773,45.6471,19.1709,55.0284,10.2661,50.0952,7.02372,40.0402,6.44956,30.7595,6.62133,46.817,3.34171,60.1388,1.58617,52.6409,1.05379,39.5685,1.00419,28.6473,1.25661,21.0533,1.8797,16.4547,3.09102,14.6391,5.10659,16.4378,7.291,25.5258,6.6768,46.3633,3.39624,60.1154,1.60519,52.887,1.05838,39.8147,1.00217,28.8299,1.24856,21.1724,1.86266,16.5186,3.05973,14.6456,5.06004,16.3512,7.26226,25.2331
32.66,0.98155,0.0309682,6,79,0,-27.8791,0.954218,0.895545,0.0297936,0.0265871,0.490214,0.514695,0.0265425,0.158866,7.48435,7.32298,28.3389,28.8881,0.325384,0.323983,0.361268,0.292689,9.30653,21.5917,13.5368,17.7959,21.0774,17.1159,31.4844,21.0051,37.4831,32.9548,28.1156,49.7778,15.0157,53.3441,8.96676,44.2996,7.33488,33.4699,8.02721,25.0269,10.8036,19.58,16.3713,17.0756,25.4462,18.0823,35.4624,25.0169,35.2499,40.6736,21.696,53.6038,11.5979,50.1829,7.89264,39.4171,7.3947,29.4244,8.95419,22.29,6.11269,53.1751,2.94048,64.4306,1.46356,53.465,1.05656,38.7205,1.08522,27.3184,1.43099,19.8506,2.19876,15.7203,3.6178,14.7615,5.77722,18.4716,7.42798,32.3803,5.5361,57.1029,2.5566,63.5558,1.3442,50.8268,1.03777,36.4515,1.12159,25.7575,1.52851,18.9112,2.39078,15.3158,3.94553,14.9824,6.17678,19.9178,7.40615,36.3377
26.662,0.950193,0.0309682,6,63,0,-19.8215,0.912872,0.557462,0.0143295,0.0173394,0.484917,0.887398,0.0243223,0.156429,7.02254,8.35623,46.1378,17.9625,0.301368,0.331808,0.243848,0.341107,9.8727,34.7258,15.6879,28.9596,25.9713,29.2927,40.0549,40.1758,45.782,73.1722,28.8166,115.235,13.0564,115.146,7.42906,89.7217,6.15845,64.8273,6.96126,46.6537,9.72966,35.0295,15.4149,29.0689,25.5219,29.1469,39.5738,39.4954,45.9832,71.5589,29.5714,114.322,13.4031,115.811,7.52935,90.6873,6.16313,65.5992,6.90232,47.178,9.70528,31.1218,8.12253,54.0165,4.99782,61.5493,3.33658,47.5838,2.94881,31.6539,3.28721,21.0596,4.2083,15.4653,5.73461,13.7473,7.78054,16.2176,9.54453,26.2772,8.87942,47.852,5.75796,62.3563,3.62906,52.2579,2.96856,35.5426,3.13618,23.3922,3.89908,16.5729,5.25784,13.8533,7.19449,15.0108,9.19595,22.4336,9.41479,41.2287
34.579,0.972032,0.0309682,6,63,0,-22.1045,0.978734,0.837297,0.0337334,0.0245931,0.427866,0.518619,0.0219523,0.159388,8.18074,7.34382,21.9323,32.2351,0.309435,0.366024,0.383599,0.35568,11.243,17.6191,17.2013,15.5954,26.9466,16.3915,38.2414,21.9391,39.8546,34.7929,25.8445,47.368,13.5323,46.8621,8.4594,38.5074,7.15674,29.6595,7.91986,22.739,10.6507,18.1009,16.1226,15.7356,25.3246,16.0516,36.8403,20.7232,40.767,32.5766,28.1783,46.2576,14.7855,47.6595,8.88683,39.8456,7.19955,30.8352,7.69823,23.5933,5.68611,56.9747,2.7521,65.364,1.44721,53.3569,1.08425,38.5806,1.12388,27.2777,1.46467,19.8753,2.19704,15.742,3.51635,14.6411,5.517,17.7731,7.2813,29.9007,6.04786,54.2836,3.01168,65.8182,1.53311,55.1279,1.10083,40.155,1.10409,28.3795,1.40794,20.5551,2.08614,16.0695,3.32658,14.5959,5.26124,17.0846,7.17352,27.7793
31.5697,0.953633,0.0309682,7,127,0,-25.8879,0.915346,0.500345,0.0154707,0.0147204,0.471931,0.820822,0.0245923,0.129113,7.32047,10.4123,42.0138,29.7848,0.335429,0.367384,0.41675,0.337012,10.3503,32.4135,16.3239,27.8605,26.4736,29.1469,39.2165,40.8509,42.0351,72.1094,25.7116,105.675,12.2342,102.825,7.33987,80.6405,6.25532,59.1649,7.12406,43.3531,9.9098,33.1929,15.5054,28.101,25.1839,28.6443,37.9849,38.8232,42.7907,67.8459,27.7162,103.612,13.1672,104.592,7.62024,83.1554,6.26577,61.2051,6.94862,44.7569,9.65786,49.4166,6.79098,63.3869,4.52078,56.9983,3.59657,41.8574,3.54077,28.9909,4.07196,20.7364,5.13036,16.4351,6.71832,15.4561,8.6899,18.3554,10.3098,27.8533,9.92026,46.6559,7.17866,62.726,4.73133,58.6758,3.65776,43.815,3.51183,30.3978,3.97338,21.5629,4.96306,16.7998,6.48447,15.3933,8.42905,17.6913,10.1725,26.0996
29.2081,0.907561,0.0309682,6,127,0,-20.784,1.0363,0.595678,0.0261032,0.0174888,0.418181,0.679078,0.0207519,0.185081,7.85285,6.59872,29.718,35.8363,0.396139,0.333679,0.475927,0.258881,11.0972,23.7065,17.6089,20.8731,28.6606,22.0269,41.7113,30.2267,42.4595,49.493,25.3654,66.6384,12.536,63.8498,7.80053,51.4156,6.77269,39.2034,7.79941,29.9198,10.9757,23.8254,17.3815,20.9035,28.3118,21.9263,41.4342,29.8731,42.7389,48.8866,25.8401,66.4393,12.748,64.1138,7.86485,51.7647,6.77102,39.4925,7.74742,30.1239,5.32711,56.471,3.28735,63.087,2.14676,52.083,1.78125,37.6614,1.85405,26.5904,2.25793,19.6281,3.01071,16.1135,4.15371,15.7617,5.57398,19.6345,6.58048,31.168,5.82908,51.5496,3.75174,63.555,2.3475,55.7424,1.8245,41.1649,1.80246,29.028,2.12266,21.0614,2.7808,16.7194,3.82313,15.5253,5.20478,18.0899,6.43617,27.2157
31.8587,0.980747,0.0309682,7,127,0,-23.4731,0.801149,0.539237,0.03147,0.0170258,0.520391,0.822058,0.0264822,0.18597,7.69113,7.53715,18.765,26.6785,0.307024,0.317007,0.49519,0.326909,10.2856,14.085,15.3659,11.679,23.9075,11.5766,35.488,15.0598,42.5993,25.851,32.0409,42.9514,16.3144,47.6863,9.12989,39.0401,7.05037,28.5444,7.32317,20.4376,9.39228,15.0915,13.7193,12.1074,21.2675,11.3419,32.3326,13.6234,42.0422,22.0277,36.456,38.7506,19.7036,48.2599,10.3484,41.8646,7.31296,31.1606,7.07663,22.3072,6.97556,47.029,4.6203,61.2136,2.91993,53.1637,2.31471,37.5311,2.3425,25.2464,2.80199,17.7915,3.67707,14.1882,4.98943,13.8689,6.58264,17.8641,7.62427,30.0328,6.56872,51.3638,4.17514,61.1528,2.72706,50.0756,2.28002,34.6646,2.40238,23.3841,2.9435,16.7903,3.90621,13.8577,5.29977,14.249,6.88288,19.4788,7.61806,33.8615
30.2662,0.938472,0.0309682,7,255,0,-19.8822,0.928958,1.22996,0.033804,0.0386792,0.452872,0.412181,0.0237418,0.125074,7.17556,7.16567,21.6124,16.7958,0.235406,0.353723,0.419947,0.347647,9.57109,16.6953,14.5051,14.0404,23.1085,13.8381,34.9695,17.4833,41.8227,28.3893,30.7968,44.1984,15.634,48.0763,8.74989,40.2589,6.71017,30.5692,6.94357,22.7752,8.97118,17.4249,13.3567,14.3594,21.2186,13.6537,32.75,16.3914,41.7048,25.7089,33.9095,41.7092,17.7981,48.5792,9.52517,42.0441,6.87562,32.2517,6.76951,24.0219,9.82249,33.8563,5.17608,60.5298,1.62078,58.6492,0.751243,44.457,0.593442,31.9042,0.711681,22.8654,1.13807,16.9271,2.17306,13.6646,4.45359,13.4621,8.30371,19.6057,9.19705,42.1303,3.73971,62.9652,1.23791,54.9356,0.669337,40.627,0.602111,29.0433,0.791885,20.9266,1.3443,15.7567,2.64794,13.2461,5.40496,14.2438,9.27182,23.7552
32.6745,0.850828,0.0309682,7,127,0,-20.6488,0.900151,0.72078,0.0170172,0.0221575,0.444218,0.582858,0.022597,0.160064,7.70947,7.09206,36.2348,33.0917,0.419235,0.28459,0.25982,0.332741,10.9907,28.5786,17.2347,25.0411,27.5958,26.4337,40.4011,36.615,43.6952,62.9535,27.8921,92.6761,13.5202,93.0961,7.87134,75.1449,6.35549,56.3234,6.83109,41.7954,9.02919,31.9496,13.6073,26.3162,21.782,24.9746,33.9946,29.9021,44.4161,47.291,37.4167,79.7542,19.5405,96.7555,9.96776,85.1153,6.80633,65.4896,6.38444,48.5761,5.61474,52.8474,3.20559,59.1986,1.95152,49.1549,1.56483,36.0782,1.63048,25.8876,2.04475,19.3032,2.86303,15.8645,4.18582,15.46,5.91491,19.3269,7.08497,31.16,5.88357,50.9396,3.42026,59.5401,2.03494,50.5886,1.5808,37.4034,1.60634,26.8171,1.98182,19.8591,2.75091,16.0971,4.01624,15.3367,5.72432,18.6066,7.04603,29.353
30.6921,0.868584,0.0309682,7,127,0,-23.4142,1.13439,0.453598,0.0617959,0.014361,0.358452,1.01886,0.0203843,0.185366,6.75083,8.03482,15.6379,21.5998,0.276068,0.386535,0.379488,0.28857,8.78112,12.7603,13.1509,11.0958,20.9082,10.9006,31.5597,12.9791,37.6328,18.719,28.8191,26.3676,15.7,28.7774,8.94565,25.5819,6.62245,20.845,6.50479,16.6027,8.04694,13.4163,11.691,11.4142,18.4585,10.7777,28.6577,12.1206,37.2458,16.7871,32.43,24.5503,18.6777,28.8467,10.1799,26.7312,6.97315,22.111,6.37271,17.6452,8.41444,36.8291,6.75723,55.7582,4.60151,57.0437,3.50747,42.9148,3.31479,28.8442,3.70172,19.8011,4.55095,15.2557,5.81706,14.313,7.332,17.4638,8.44128,27.6202,7.84596,46.7128,5.63437,59.3083,3.93691,51.0473,3.32814,35.633,3.43858,23.8734,4.05356,17.1365,5.10996,14.3695,6.53492,15.1982,7.98582,21.1834,8.43885,36.0026
34.6138,0.98953,0.0309682,7,127,0,-25.8829,1.11937,0.494604,0.025644,0.0154619,0.367317,0.873068,0.0198222,0.161309,7.36939,8.67405,34.4441,30.2393,0.36299,0.34488,0.274062,0.367951,10.1629,28.2773,15.7947,25.1855,25.3419,26.0486,36.846,33.5033,39.0988,50.6675,25.6328,67.6395,13.3006,68.0189,8.04498,57.693,6.53714,45.9826,7.00929,36.3216,9.29289,29.4674,14.1419,25.6108,22.7327,25.3882,34.3731,30.9269,40.2036,45.8823,29.4038,64.8569,15.4813,69.3607,8.83303,60.486,6.68276,48.6208,6.74617,38.3573,7.73933,48.9795,5.36947,59.0318,3.71176,50.4567,3.11891,36.1424,3.20775,24.9618,3.7873,18.2164,4.81937,15.1404,6.26994,15.3922,7.87015,20.1519,8.68494,32.6576,7.42662,51.5479,5.05309,58.7507,3.56863,48.3947,3.09654,34.2346,3.26361,23.7155,3.90969,17.5582,5.007,14.9634,6.50647,15.7494,8.07187,21.4025,8.64674,35.2581
30.9918,0.96346,0.0309682,7,127,0,-22.4451,1.10893,0.558328,0.027994,0.0163878,0.384296,0.806747,0.0209174,0.121868,6.15408,12.0089,31.5525,30.2937,0.402606,0.372842,0.373546,0.289691,8.51551,24.9566,13.6065,21.2881,23.0149,21.0753,36.4383,26.6509,42.9476,42.9148,28.7425,63.5988,13.4827,66.1938,7.35191,55.3938,5.63964,43.0088,5.94252,32.9641,7.95969,25.8714,12.4835,21.6953,21.0596,20.8037,34.1315,25.0969,43.249,39.2997,32.0173,60.9441,15.3345,67.1379,7.96501,57.5434,5.7582,44.9889,5.77802,34.4618,10.4719,55.781,6.31297,69.0804,3.8721,56.0426,3.14697,37.9041,3.31483,24.9048,4.12368,17.3779,5.60354,13.927,7.8311,13.9883,10.5353,19.1093,12.0744,34.7666,9.63945,60.8666,5.61244,67.925,3.61704,52.0988,3.12336,34.6994,3.43164,22.9374,4.37267,16.3637,6.00464,13.6413,8.37835,14.5237,11.0474,21.2414,11.9435,39.8688
33.625,0.988182,0.0309682,6,127,0,-20.8045,1.30855,0.359585,0.030092,0.0102217,0.306524,1.22038,0.0164002,0.188186,6.86712,9.47663,33.9208,28.8351,0.329521,0.312419,0.338443,0.288984,9.98746,28.5686,16.3988,25.9574,27.6045,27.2195,40.8029,35.2537,41.1326,52.3448,24.593,66.5803,12.0835,65.3452,7.15274,55.9114,5.76047,45.6056,6.18943,36.9422,8.34731,30.5473,13.1462,26.6924,22.2104,26.0724,35.5877,30.7272,43.724,44.2196,32.2797,62.2071,16.2572,67.51,8.63433,60.3265,6.08247,49.8798,5.81503,40.3803,9.12063,50.6025,6.97634,68.9804,5.01773,61.8639,4.20779,42.788,4.23022,27.6511,4.79977,18.9459,5.79952,15.064,7.14986,14.967,8.63186,19.526,9.56934,32.5054,8.77584,55.7696,6.48387,69.643,4.75836,58.0851,4.15655,39.0763,4.3097,25.3408,4.97558,17.7905,6.05664,14.7367,7.46192,15.4583,8.90867,21.3655,9.58182,36.7204
36.423,0.98008,0.0309682,7,127,0,-29.9767,1.81686,0.477431,0.0817446,0.0142832,0.243307,0.897043,0.0116597,0.185047,6.959,8.2786,20.2106,27.2485,0.256002,0.304351,0.254749,0.28367,9.27172,17.3759,14.9355,15.6216,26.1486,15.4645,41.9163,18.0236,46.8178,24.2364,30.3265,30.1453,15.074,30.5006,8.63553,27.2831,6.71674,23.3273,7.12703,19.7881,9.78184,17.0774,16.0417,15.4936,28.0914,15.6127,43.7046,18.6385,45.5858,25.1942,27.8011,30.5247,13.8169,30.2023,8.20273,26.7689,6.65581,22.8273,7.33165,19.38,7.73086,50.9941,5.134,69.0736,3.21591,59.6331,2.53279,40.8013,2.54547,26.4051,3.0089,17.8873,3.88697,13.7152,5.20176,12.8799,6.86381,15.9896,8.25824,26.7882,7.78214,50.2609,5.20472,68.963,3.24877,60.1146,2.54021,41.2736,2.53876,26.71,2.99108,18.0527,3.85769,13.782,5.16082,12.8585,6.81776,15.8317,8.23647,26.3387
34.9774,0.960798,0.0309682,7,127,0,-29.7162,1.60332,0.414008,0.0499114,0.0129289,0.272227,1.04383,0.0138215,0.222707,6.53651,7.24555,29.772,23.5311,0.331125,0.289791,0.370565,0.292134,8.31721,25.0663,12.8647,22.0122,21.9959,21.1974,36.0581,24.0353,44.7326,32.5831,32.9487,43.3512,16.8136,46.1819,9.15387,41.7324,6.64307,35.3197,6.59181,29.4137,8.51863,24.8069,13.3083,21.8784,22.8089,21.2503,37.0194,24.4114,44.608,33.3424,31.7126,43.8592,16.0482,46.0429,8.87163,41.3233,6.57737,34.8961,6.65544,29.0612,7.22123,42.9364,5.41869,63.1595,3.60526,59.6915,2.81353,42.2263,2.7328,27.3007,3.0975,18.2691,3.82399,13.8132,4.88899,12.757,6.19582,15.399,7.30662,24.6691,7.13075,44.9311,5.24083,63.9039,3.50342,58.4705,2.78541,40.7973,2.74789,26.3484,3.14379,17.7546,3.89886,13.6068,4.98959,12.8158,6.30435,15.8443,7.35901,25.8889
34.7053,0.982278,0.0309682,7,127,0,-29.4454,0.934502,0.58869,0.0353356,0.0176568,0.460788,0.695297,0.0249106,0.157099,7.16075,8.196,20.55,31.2261,0.293656,0.305708,0.237028,0.339539,9.63771,15.9105,14.689,13.5,23.3802,13.5692,34.842,17.6603,39.8181,29.1112,27.5375,43.7075,13.8723,45.4112,8.10628,37.1839,6.55059,27.9969,7.08583,20.8539,9.45521,16.0953,14.346,13.5695,22.8339,13.4887,34.2747,17.298,39.9837,28.318,28.4078,43.1764,14.3658,45.6686,8.27092,37.6819,6.5718,28.4315,7.01564,21.1642,7.02925,53.5304,4.29686,64.8608,2.63755,54.7657,2.07698,39.1709,2.10114,26.9772,2.53186,19.269,3.38052,15.2058,4.718,14.2364,6.49344,17.0706,8.04281,27.0095,7.58719,47.7967,4.93391,64.3979,2.92211,58.4247,2.14826,42.8885,2.05463,29.5766,2.38776,20.8121,3.12598,15.9216,4.3368,14.1813,6.02832,15.8875,7.7607,23.5651
36.7828,0.978912,0.0309682,7,127,0,-28.3519,1.06286,0.474368,0.0237648,0.0145865,0.403964,0.837495,0.0211501,0.185974,6.77529,7.40306,36.1094,35.542,0.277817,0.279376,0.324261,0.338927,9.17123,28.4298,14.306,24.1844,23.6022,23.9087,36.5934,30.0994,43.0253,48.0004,29.7311,71.1551,14.5145,74.6582,8.11305,62.5631,6.3015,48.407,6.65993,36.953,8.86835,28.9693,13.7066,24.4153,22.5906,23.7313,35.4538,29.1641,43.2258,45.8959,31.3757,69.6514,15.4637,75.2337,8.43332,63.8395,6.35805,49.5737,6.5583,37.8239,6.10552,55.5357,4.06578,61.5312,2.86259,49.9333,2.47948,35.1708,2.59795,24.2534,3.08881,17.7146,3.93485,14.6499,5.12658,14.6531,6.50045,18.7,7.40843,29.9732,6.69689,49.6811,4.65312,62.0774,3.13365,54.5442,2.53456,39.5292,2.51777,27.1762,2.89673,19.3514,3.63045,15.2822,4.71929,14.3002,6.07441,16.8478,7.24337,25.4
30.9359,0.909579,0.0309682,6,63,0,-27.2808,0.979764,0.474184,0.026168,0.0143366,0.414904,0.998505,0.021629,0.186081,7.62874,7.96198,27.6302,19.7656,0.244921,0.300193,0.234847,0.397595,10.6606,22.146,16.5726,19.5102,26.4451,20.3648,38.4824,27.2023,41.3089,43.9657,26.8982,61.8583,13.5694,62.2816,8.08149,51.4403,6.56295,39.6187,7.05488,30.2237,9.3336,23.7445,14.0976,20.0925,22.5259,19.5695,34.4755,23.8558,42.4409,36.9684,32.9574,57.0256,17.201,64.1422,9.36807,55.6939,6.81514,43.5528,6.69191,33.1776,8.74644,35.454,7.10243,59.3091,4.55202,63.8882,3.25346,47.6575,2.99258,31.0275,3.34842,20.4577,4.19156,15.0898,5.50613,13.6082,7.18432,16.2758,8.60626,26.419,8.18706,48.4201,5.65625,65.5135,3.69855,56.3553,3.02145,38.1983,3.11686,24.6856,3.73513,17.0779,4.82941,13.8566,6.36789,14.384,8.04799,20.3319,8.72463,36.7563
33.4194,0.984514,0.0309682,7,127,0,-22.6562,0.984017,0.825272,0.0215965,0.0245525,0.436777,0.545173,0.0235844,0.222263,7.08317,5.1447,35.3686,23.4183,0.288324,0.256361,0.385574,0.355506,9.65246,27.7207,14.9086,23.7731,24.0015,24.1045,35.8289,31.5372,40.0912,51.5077,26.7767,75.014,13.3503,76.4852,7.85558,62.7192,6.404,47.7026,6.98918,35.9725,9.42505,28.0901,14.4777,23.9076,23.3132,23.9227,35.1381,30.7581,40.3698,49.8847,27.8449,74.0482,13.9247,77.038,8.04497,63.7043,6.42622,48.5616,6.90212,36.5916,5.20932,45.2523,2.91247,65.6309,1.36846,59.5928,0.876408,43.8142,0.810635,30.482,0.985917,21.4854,1.42664,16.1912,2.2615,14.0174,3.6274,15.4801,5.20462,24.1062,5.13455,46.5807,2.80444,65.9146,1.32786,58.8966,0.866335,43.0833,0.813873,29.9547,1.00026,21.1543,1.45629,16.0179,2.31421,13.9928,3.70508,15.6812,5.26086,24.8297
34.4252,0.965416,0.0309682,7,127,0,-27.6983,1.08115,0.820576,0.0191789,0.0246531,0.371648,0.537294,0.0193186,0.145111,7.81919,8.41414,41.7344,29.13,0.264737,0.355078,0.32316,0.284938,11.1721,34.4361,17.6782,31.1848,28.3777,33.3319,40.3131,44.8724,40.3353,69.6244,24.7283,90.8871,12.6028,88.6078,7.76961,73.7784,6.48454,58.1684,7.10764,45.6176,9.56189,36.8285,14.6742,31.9262,23.7159,31.6739,36.1152,38.8587,42.7437,58.7261,31.4073,85.0521,16.2686,91.9502,9.06363,80.0813,6.7154,63.9966,6.66585,50.0786,6.89011,54.7463,3.31224,66.1311,1.66505,54.2389,1.20821,38.718,1.23368,26.8949,1.59984,19.2191,2.40112,14.9167,3.86268,13.6004,6.13894,16.2752,8.33486,27.6264,7.16705,52.7194,3.52941,66.3437,1.73572,55.4847,1.22221,39.8257,1.21948,27.6607,1.55776,19.6876,2.31814,15.1456,3.71889,13.5869,5.93857,15.8497,8.23326,26.2274
35.6867,0.808664,0.0309682,7,127,0,-27.4714,1.28329,0.840169,0.0427971,0.0272883,0.333779,0.512749,0.0184599,0.170431,6.60349,6.36147,25.557,26.663,0.383884,0.270272,0.356861,0.375506,8.8487,21.0414,13.8107,18.4786,22.8677,18.4364,35.0163,22.5237,39.4601,32.9038,26.7551,44.2102,13.6349,45.4247,7.9196,39.3416,6.22157,31.9773,6.57013,25.7048,8.75763,21.1396,13.6275,18.5191,22.562,18.3936,34.71,22.335,39.5862,32.5519,27.1982,44.0134,13.8827,45.5233,8.00714,39.5418,6.23667,32.1679,6.53806,25.8538,5.53296,46.0201,3.00441,56.8393,1.59027,49.3965,1.1343,36.9921,1.11008,26.7033,1.37563,19.6824,1.98158,15.601,3.07458,14.2588,4.73152,16.4943,6.30573,25.6339,5.68748,44.6243,3.15634,56.7915,1.64863,50.2155,1.14861,37.8186,1.10215,27.3113,1.34747,20.0698,1.92572,15.797,2.97976,14.2557,4.60366,16.1736,6.23864,24.6624
28.1273,0.933633,0.0309682,7,127,0,-20.6404,0.902629,1.33843,0.0451385,0.0427332,0.44058,0.374505,0.0246192,0.0856499,7.9508,10.5641,13.9965,20.6416,0.273511,0.425363,0.477241,0.327054,11.1314,11.3434,16.9655,10.2523,26.0569,11.1368,35.8768,15.4551,36.1748,24.9525,23.0874,33.7414,12.1946,33.0204,7.7197,26.8961,6.55115,20.5433,7.18845,15.6092,9.5004,12.2911,14.0836,10.5173,21.796,10.4554,32.0536,13.035,38.0371,20.323,29.3838,30.9056,15.9288,34.423,9.06783,29.7454,6.78532,23.1295,6.7241,17.5202,11.772,39.4826,5.28602,56.925,1.87728,51.6215,1.01359,39.8264,0.88481,29.6157,1.12732,22.1383,1.87005,17.2246,3.62923,14.8379,7.28183,16.0193,11.9832,25.4033,9.7778,47.917,3.5964,56.9503,1.42931,47.5705,0.919309,35.97,0.927853,26.7016,1.31234,20.1465,2.32739,16.0887,4.64561,14.7245,9.02898,17.9279,12.4716,32.2146
33.3859,0.960156,0.0309682,7,127,0,-22.6492,1.10946,0.953056,0.0251416,0.0288255,0.415738,0.49137,0.0208181,0.191521,6.60764,6.05638,37.2009,26.3182,0.360835,0.272753,0.270604,0.399983,8.81848,28.7105,13.9183,23.8512,23.6415,23.0468,38.0818,28.787,45.9691,47.0258,30.8784,71.3207,14.307,73.8725,7.89447,60.6398,6.28326,46.1434,6.94012,34.8248,9.72337,27.2136,15.7611,23.2446,26.8054,23.6569,41.4173,31.7839,44.3245,53.3688,25.9415,74.3833,12.0413,71.3881,7.22492,56.9874,6.26543,43.0884,7.38981,32.6642,5.28601,50.9739,2.41545,64.4537,1.10307,53.9012,0.752339,39.0626,0.754955,27.5002,0.998585,19.8187,1.57018,15.4036,2.68591,14.0129,4.52426,16.9198,6.21287,29.6108,4.78396,55.3045,2.07012,63.7611,1.00123,51.2755,0.734448,36.785,0.779161,25.9171,1.06901,18.8425,1.71594,14.9417,2.95137,14.1292,4.887,18.1561,6.26193,33.4303
31.1293,0.998525,0.0309682,7,127,0,-26.7872,1.17601,1.22902,0.041735,0.0399246,0.374102,0.421912,0.0176432,0.115204,7.63861,8.8056,23.1272,17.8543,0.234871,0.386407,0.38649,0.328053,10.44,18.5904,16.5246,16.1245,27.5637,16.2329,42.2114,20.67,46.6057,32.126,29.8844,44.2052,14.6373,44.3362,8.58812,37.0715,7.01576,29.1424,7.74868,22.7687,10.7208,18.3633,17.0805,16.0426,28.4743,16.3613,43.0571,21.1888,46.0455,33.0734,28.586,44.6176,14.0111,43.9847,8.38788,36.5303,7.00181,28.6679,7.86795,22.4187,10.4971,38.424,4.5136,60.9968,1.45035,54.2042,0.758227,39.9694,0.670424,28.3688,0.877146,20.2803,1.49097,15.1623,2.94885,12.6948,6.04387,13.7052,10.3451,23.2697,8.52132,50.0736,2.82073,60.8293,1.05476,48.656,0.683973,35.0625,0.715386,24.8568,1.05018,17.9832,1.91626,13.8907,3.9036,12.5494,7.75037,15.813,10.9168,31.8836
27.6927,0.88124,0.0309682,7,127,0,-20.934,0.964363,1.47669,0.0361958,0.0439301,0.425117,0.325702,0.0226292,0.102745,6.97839,9.01287,18.5571,25.1247,0.347599,0.310812,0.267444,0.338037,10.0989,14.6519,16.2192,12.8094,26.6839,13.4862,39.8299,18.7463,42.5626,32.3729,25.8336,46.7698,12.0945,46.0086,7.01421,36.9292,5.73508,27.7638,6.29862,20.7351,8.55745,15.9767,13.2971,13.2955,21.9042,12.8326,34.6952,15.8294,44.0504,25.8062,33.6551,42.3271,16.3142,48.0327,8.38841,40.8781,5.97695,31.245,5.88434,23.284,8.30476,47.7804,3.03161,60.6705,1.05711,52.8188,0.587507,41.2608,0.525158,31.4786,0.683718,24.1365,1.16782,19.0916,2.36779,16.3837,5.05908,17.0415,9.09525,25.5064,8.17408,48.4053,2.94308,60.6422,1.03525,52.5321,0.582685,40.9884,0.526442,31.266,0.690906,23.9834,1.1866,18.9943,2.41294,16.3509,5.15152,17.1261,9.17446,25.8991
30.9942,0.640171,0.0309682,6,63,0,-14.1007,1.17858,1.24754,0.0348305,0.0401242,0.355665,0.370036,0.0203984,0.100471,6.93603,8.18644,27.8327,24.9075,0.35806,0.302318,0.306026,0.404044,9.36769,22.9491,14.4179,20.3841,23.109,20.8083,33.7902,26.101,36.3879,38.4008,24.4492,50.8018,12.91,51.502,7.83603,44.2075,6.34958,35.6532,6.79014,28.4852,9.00065,23.3679,13.7138,20.5354,21.9994,20.5763,32.7705,25.2099,36.9048,36.8163,26.0109,49.9417,13.8045,51.9652,8.16019,45.1316,6.4033,36.528,6.66387,29.1616,7.87509,40.2579,4.17121,51.0653,1.95432,47.1328,1.23103,37.9163,1.11801,29.369,1.37384,22.9195,2.08952,18.7478,3.57928,17.0747,6.13499,19.0528,8.57411,27.9789,7.05414,44.2096,3.42178,51.1933,1.68606,45.0102,1.16396,35.6606,1.14732,27.5782,1.4982,21.6832,2.36752,18.0856,4.10834,17.14,6.86309,20.4227,8.68736,31.6283
33.6802,0.86295,0.0309682,7,127,0,-25.5685,1.24602,1.13666,0.0501176,0.0353158,0.327123,0.44318,0.0163833,0.214467,7.12375,4.92099,19.0813,20.7534,0.29819,0.317404,0.397027,0.304447,10.3934,15.8234,17.1531,14.21,29.1309,14.8549,43.7634,19.5266,44.8259,30.0699,26.4734,39.2655,12.6559,38.4315,7.39566,32.4004,5.9724,25.978,6.48453,20.695,8.84999,16.8679,14.0803,14.6011,23.9757,14.2697,38.6389,17.1227,47.3638,25.5514,34.0351,36.8655,16.5689,39.7486,8.72626,34.8755,6.23242,28.2971,6.09674,22.5159,5.26866,42.7819,2.35204,62.6509,0.871855,54.9857,0.504212,40.5233,0.467379,28.7691,0.61455,20.6709,1.01599,15.7108,1.90273,13.6325,3.60006,15.5382,5.52863,27.0347,4.22609,53.6052,1.5524,61.9108,0.663576,49.3347,0.46583,35.536,0.501965,25.2295,0.730685,18.4103,1.28287,14.5528,2.45091,13.7449,4.44324,18.2682,5.58673,36.2841
31.3367,0.948302,0.0309682,7,255,0,-20.477,0.689586,0.3943,0.0144286,0.0112116,0.598422,1.08908,0.0312843,0.127165,7.96385,13.5413,28.0706,33.5078,0.357592,0.424717,0.341163,0.295058,11.2249,20.717,17.0504,17.5818,26.2908,18.8593,37.8398,28.2734,42.1244,56.6306,27.4049,95.8814,12.9322,96.3435,7.60012,71.8172,6.39445,48.8184,7.12175,33.0145,9.50647,23.4271,14.0702,18.4946,21.7191,17.6315,32.7043,22.551,42.2639,40.8262,35.6994,80.5166,18.0506,101.628,9.21281,83.5119,6.63015,58.2536,6.60057,39.1995,11.9924,59.4282,8.25271,72.5646,5.77996,58.3461,5.00043,38.4311,5.24422,24.5991,6.19075,17.0126,7.75266,13.8059,9.86492,14.1708,12.1958,19.4208,13.5485,34.3112,11.8686,60.3876,8.1245,72.4349,5.72499,57.5708,4.99428,37.7845,5.26795,24.215,6.23833,16.8235,7.82252,13.7551,9.95199,14.2617,12.2758,19.763,13.551,35.1348
28.3988,0.99275,0.0309682,7,255,0,-20.4016,0.659194,0.400552,0.0266912,0.0123545,0.665699,1.10076,0.0351194,0.249816,7.6805,6.73689,15.1505,25.3543,0.290899,0.303639,0.487655,0.357785,10.5874,10.6682,15.8922,8.6558,24.4351,8.93858,35.6378,13.1558,41.4635,27.2593,28.2379,50.1225,13.185,51.699,7.6754,37.5695,6.53483,24.5914,7.4123,16.0662,10.0319,11.1534,14.931,8.81522,22.9655,8.72339,33.9955,12.1251,41.632,24.2646,31.0306,47.4435,14.6931,53.0552,8.10607,39.7705,6.55264,26.2125,7.18018,17.0591,6.5445,45.9201,4.84782,64.5117,3.30695,58.3143,2.68142,40.3061,2.67584,25.9215,3.07043,17.546,3.79399,13.6662,4.81255,13.246,5.99252,16.9849,6.82796,28.4919,6.29709,50.6994,4.47954,65.3254,3.11809,54.9917,2.64134,36.9988,2.72533,23.841,3.18739,16.4803,3.97223,13.3196,5.0396,13.5875,6.2103,18.4575,6.86374,32.119
29.1869,0.93301,0.0309682,7,127,0,-18.6267,0.999277,0.495579,0.0911579,0.0155883,0.466537,0.871589,0.0236963,0.150868,8.04357,9.33854,9.57215,25.1301,0.388463,0.351739,0.340778,0.297559,10.1479,7.41435,14.9172,6.21896,23.3376,6.08886,34.5616,7.57515,39.7683,11.7789,28.5858,17.0507,15.2462,17.7288,9.32695,14.6952,7.80202,11.2247,8.67795,8.52237,11.821,6.77993,18.0612,6.01506,28.0863,6.47298,38.4614,9.00973,36.6705,14.2794,21.9804,18.0432,11.9169,16.6357,8.30375,13.1416,7.92335,9.94284,9.72251,7.65287,9.07305,43.6145,6.50823,60.0023,4.2322,55.4735,3.28379,40.3324,3.20139,27.29,3.68333,19.0667,4.66187,14.8737,6.13749,13.9657,7.9697,16.8974,9.43013,26.6176,8.88141,45.8979,6.20976,60.5605,4.07506,54.0556,3.24218,38.7481,3.22813,26.198,3.76324,18.4526,4.79454,14.627,6.3198,14.0664,8.16341,17.5253,9.49835,28.2292
31.6226,0.996337,0.0309682,6,127,0,-25.9911,0.909025,0.460907,0.05361,0.0142667,0.44959,0.965485,0.0236263,0.156258,7.62892,9.78788,11.019,23.9758,0.366847,0.334519,0.329964,0.327314,11.2167,8.73846,17.9779,7.80983,29.0186,8.60654,41.5346,12.7143,41.0856,22.4978,23.3276,31.0281,11.1117,29.1103,6.84149,22.7293,5.92349,16.7879,6.77133,12.4027,9.39295,9.53721,14.6444,8.0296,23.8345,7.99856,36.6821,10.3935,44.081,17.7205,31.3329,28.5819,14.9678,30.9462,8.04714,25.5285,6.05595,19.1255,6.22029,14.0582,9.72108,43.4592,7.08926,62.8247,4.5974,58.5091,3.56314,41.4703,3.48639,27.1381,4.01804,18.4452,5.07005,14.1915,6.62912,13.3955,8.5347,16.6503,10.0042,27.4077,9.28734,48.9928,6.39824,64.1038,4.24335,54.9163,3.47941,37.6914,3.56064,24.6683,4.21416,17.1272,5.3847,13.7139,7.04976,13.7163,8.96148,18.2606,10.0999,31.5095
34.4735,0.9308,0.0309682,7,127,0,-26.9621,0.867916,0.567035,0.0313129,0.0170596,0.48665,0.727666,0.0239136,0.134677,7.32369,9.98804,20.7889,34.8664,0.311779,0.426006,0.322093,0.274927,9.92864,15.6389,15.2188,12.8998,24.484,12.6318,37.6327,16.2469,46.1506,27.9536,34.0026,46.7198,16.4574,51.5892,8.87018,42.2273,6.7331,31.0775,6.99382,22.4276,9.09942,16.6451,13.6346,13.348,21.8369,12.4309,34.33,14.8503,45.5531,24.1271,38.6484,42.6101,19.7596,52.2757,9.99702,44.9691,6.97039,33.5871,6.76594,24.2343,7.93466,58.4099,4.68454,65.2932,2.99413,51.9416,2.50389,35.9955,2.65463,24.468,3.28964,17.5416,4.44491,14.1739,6.19538,13.9221,8.3917,17.9235,9.96225,30.3642,8.65618,53.5203,5.3049,66.1172,3.23883,55.6571,2.54603,39.2612,2.57754,26.6141,3.10522,18.7487,4.13645,14.6583,5.75191,13.6856,7.89263,16.5024,9.77951,26.5286
30.7718,0.996274,0.0309682,7,127,0,-26.5432,0.790977,0.540603,0.017084,0.0171456,0.573299,0.846632,0.027703,0.105829,8.32113,13.2085,32.9008,21.7382,0.307513,0.416725,0.250145,0.285596,11.3471,24.22,17.2411,20.1247,27.0309,20.7445,39.4923,29.3911,43.7315,54.6888,28.2466,86.1948,13.7553,84.7821,8.44897,64.0434,7.41826,44.691,8.62104,31.3139,12.0025,23.3521,18.4095,19.892,28.7883,21.3581,41.0718,31.8154,42.551,59.895,25.4979,88.3709,12.5358,82.2281,8.1151,60.9072,7.46995,42.3592,8.96588,29.8424,13.5978,39.9855,9.69468,60.3494,5.84114,57.7034,4.2653,41.5483,4.08289,27.47,4.75362,18.6781,6.19017,14.194,8.45035,13.1119,11.3859,16.0078,13.7931,26.4303,12.6608,48.0101,8.16044,62.3311,5.09782,52.7262,4.08958,36.2829,4.22222,23.9709,5.1459,16.7648,6.85169,13.4673,9.38087,13.5402,12.3661,18.3626,13.9637,32.5812
30.8609,0.96073,0.0309682,7,127,0,-23.6519,0.71825,0.448714,0.0187736,0.0140477,0.566564,0.966689,0.0298056,0.149764,8.25269,10.0311,26.1793,27.9783,0.306044,0.561501,0.28996,0.284962,11.0652,19.7153,16.2073,16.6852,24.3391,17.1928,34.5157,23.445,39.4599,41.2677,28.9914,67.29,15.27,72.6688,9.03258,58.2922,7.26646,41.8756,7.6775,29.5639,9.79555,21.6704,13.991,17.4242,20.9797,16.5226,30.7764,20.1759,39.1026,32.9567,34.4292,58.4683,19.5087,74.0553,10.6053,64.5273,7.59656,47.5711,7.32695,33.5562,9.34894,46.9169,6.75774,60.1346,4.68748,52.9995,3.87921,37.7798,3.91701,25.5485,4.53648,18.1809,5.66107,14.7488,7.24088,14.6679,9.01864,18.87,10.0935,30.5759,8.99761,50.1643,6.3308,60.2639,4.47754,50.6124,3.83777,35.4429,3.98228,24.0222,4.68715,17.3753,5.89171,14.5046,7.53226,15.0075,9.28109,20.1631,10.0924,33.4405
30.7763,0.982711,0.0309682,7,255,0,-23.5698,0.958132,0.352349,0.0343086,0.0110785,0.40884,1.13653,0.0229538,0.136467,7.9893,11.6267,22.5616,31.8043,0.32183,0.434955,0.311571,0.332609,10.3651,18.4383,14.9772,16.3049,22.4003,16.5468,31.3917,20.4029,35.2156,29.7006,26.9982,41.1116,15.7533,44.3031,9.68934,39.0279,7.53988,31.4346,7.53161,24.7486,9.18477,19.856,12.8162,16.9077,19.092,16.1117,27.8773,18.2971,34.979,25.2989,31.4945,36.985,19.7689,44.355,11.5019,41.7247,8.07731,34.4691,7.33149,27.2297,10.6564,47.7238,8.39401,56.4527,6.55584,49.6656,5.7807,36.5704,5.84435,25.7392,6.50952,19.0768,7.64657,16.0077,9.13182,16.0946,10.6806,20.0036,11.6069,29.7549,10.9181,45.4046,8.73935,56.1818,6.76066,51.3747,5.83526,38.4849,5.79271,27.0807,6.37866,19.8185,7.45219,16.2623,8.89746,15.8727,10.4678,19.1146,11.5496,27.8595
35.3972,0.988669,0.0309682,8,255,0,-25.0769,1.12873,1.21286,0.045541,0.0410052,0.36038,0.376534,0.0187467,0.140247,7.5925,6.67224,20.3384,25.0607,0.322558,0.292844,0.375276,0.390306,10.1622,16.6952,15.4665,14.728,24.6123,14.8591,36.3189,18.3522,40.7898,26.9946,28.9633,36.9015,15.4607,38.6214,9.10823,33.5893,7.07053,27.1403,7.24473,21.5854,9.24985,17.5163,13.7032,15.0779,21.7541,14.5673,33.2738,16.9656,41.1809,24.1781,33.1758,34.7609,18.3747,39.0824,10.2488,35.2483,7.35258,28.8347,7.02389,22.9416,5.64063,43.0513,2.53434,51.8018,1.13453,45.1333,0.737415,35.0929,0.705861,26.5693,0.914086,20.3653,1.4571,16.4193,2.60481,14.8432,4.65645,16.7696,6.74634,26.0212,5.42814,44.2132,2.38538,51.6928,1.08831,44.4746,0.727015,34.4585,0.712155,26.0833,0.937802,20.0333,1.5108,16.2361,2.7118,14.8394,4.82014,17.0943,6.80288,27.0349
34.3254,0.93863,0.0309682,8,255,0,-26.8221,1.55787,1.13961,0.0648187,0.0340393,0.269923,0.421644,0.0136934,0.165746,6.71335,6.59182,21.6869,25.5034,0.329637,0.346326,0.343612,0.452833,8.75844,18.361,13.6393,16.2731,23.1044,15.8786,37.0047,18.2534,44.5334,24.8137,32.3212,32.6692,16.6835,34.5967,9.21561,31.2825,6.71142,26.5369,6.60613,22.146,8.39943,18.692,12.8664,16.4428,21.7102,15.8102,35.3494,17.7773,44.6318,23.8418,34.4218,31.9606,18.0871,34.7267,9.75655,31.8004,6.85467,27.0934,6.52367,22.6183,5.83888,50.6155,2.35559,64.3916,0.946233,54.1686,0.597196,40.0945,0.582588,28.9138,0.783525,21.1712,1.30204,16.4113,2.42577,14.4988,4.53184,16.6827,6.8367,28.6025,5.23566,54.9576,1.98212,63.722,0.847774,51.7725,0.578767,37.9987,0.600336,27.4051,0.84215,20.1886,1.43564,15.8899,2.69969,14.5053,4.96778,17.723,6.95729,32.2414
36.4605,0.943062,0.0309682,7,127,0,-30.4182,1.96004,0.885934,0.0792891,0.0291761,0.207992,0.5028,0.0106407,0.126685,6.97594,8.86174,21.5888,26.2859,0.242144,0.304836,0.333253,0.310954,9.9144,19.1386,16.4157,17.8092,28.3171,18.2594,42.2797,21.6672,42.138,28.1324,25.7487,32.939,13.1814,32.6552,7.87848,29.53,6.2391,25.7997,6.57834,22.3994,8.8466,19.7092,14.1808,18.0305,24.5428,17.9019,39.0332,20.3832,44.4452,26.2602,30.4825,32.1375,15.7209,33.1435,8.8288,30.5009,6.45439,26.8018,6.31604,23.2626,7.4631,47.1249,3.72106,57.3336,1.87887,48.4349,1.34039,35.6309,1.34494,25.4409,1.72856,18.6167,2.59495,14.7153,4.19609,13.5581,6.67482,16.1995,8.89012,26.7556,7.35805,47.714,3.63866,57.2739,1.85114,48.0685,1.33472,35.2942,1.35059,25.2013,1.74563,18.4673,2.629,14.6434,4.25509,13.5707,6.75343,16.3607,8.91507,27.2362
34.6992,0.735034,0.0309682,7,127,0,-26.2733,0.921227,0.825424,0.0225753,0.0251328,0.462798,0.569781,0.023996,0.189145,6.83403,6.10047,30.9615,22.1595,0.419327,0.317639,0.364313,0.329373,9.34153,23.5662,14.5057,19.6198,23.6624,19.3469,36.5993,25.0039,44.0856,42.7034,31.1257,68.8111,14.8263,73.7749,8.08445,60.2329,6.23608,44.7626,6.58166,32.7498,8.70909,24.6711,13.2839,20.0986,21.6095,19.0609,34.1211,23.2726,44.0143,38.2241,34.7213,64.7446,17.0714,74.8929,8.82674,63.2196,6.37585,47.4333,6.3882,34.6758,6.34776,42.8796,3.64205,63.5885,1.72148,58.0749,1.11013,42.3924,1.04001,29.2225,1.28238,20.4923,1.87497,15.5227,2.98241,13.7658,4.73485,16.004,6.49558,26.569,5.73156,50.7117,2.89554,64.4469,1.45442,53.6762,1.05183,38.1147,1.07981,26.2447,1.41298,18.6972,2.13477,14.683,3.42738,13.9085,5.32059,17.8795,6.66346,32.3672
35.7363,0.985481,0.0309682,7,127,0,-32.4174,1.05532,0.615274,0.0428143,0.0185643,0.395313,0.69804,0.0203156,0.155879,7.82565,8.48125,20.5324,30.6098,0.245396,0.281257,0.262094,0.278176,10.228,16.5507,15.2617,14.3631,23.9464,14.3097,35.3003,17.5832,40.5645,26.1847,29.8358,36.8839,16.1735,39.2378,9.55539,33.9537,7.44655,27.0396,7.66513,21.1639,9.79722,16.9601,14.4364,14.5354,22.6254,14.169,33.9032,16.9078,40.7487,24.7865,31.8024,35.8158,17.5255,39.5046,10.076,34.8115,7.5616,27.8887,7.53436,21.8231,7.20568,54.0152,4.22935,65.2186,2.53644,53.8768,2.00973,37.8147,2.07763,25.7209,2.57153,18.2862,3.52593,14.5376,5.03187,13.9879,6.99738,17.7187,8.46679,29.9988,7.29498,53.2648,4.31176,65.287,2.56865,54.4028,2.01567,38.2881,2.06858,26.0349,2.54881,18.4641,3.4868,14.609,4.97422,13.9509,6.93236,17.4977,8.44929,29.4023
35.763,0.994446,0.0309682,7,127,0,-30.2865,0.941316,0.60101,0.0318264,0.0183579,0.473732,0.743605,0.0248293,0.192535,6.33726,6.90776,24.3781,24.2252,0.398606,0.323187,0.306962,0.278928,8.32152,18.1354,12.7602,14.5785,21.0255,13.6779,33.7165,16.686,43.8338,27.8497,33.8365,47.7299,16.098,54.3566,8.31417,45.0207,6.15022,33.32,6.36979,24.1459,8.41437,17.9899,12.9464,14.5104,21.3499,13.6995,34.135,16.8733,43.8959,28.3737,33.2412,48.2517,15.719,54.2271,8.19274,44.6556,6.12901,32.9974,6.40392,23.9165,6.79911,44.9871,4.42555,64.0573,2.5404,58.212,1.85013,41.6401,1.79617,27.915,2.13994,19.2705,2.87208,14.7425,4.06067,13.5549,5.67179,16.3691,7.06982,26.929,6.48923,49.4328,3.99492,64.809,2.35037,55.485,1.80592,38.8721,1.82988,26.0466,2.23874,18.2108,3.04579,14.2988,4.31867,13.7052,5.96858,17.4891,7.16791,30.0678
35.2789,0.923466,0.0309682,7,127,0,-29.7504,0.879757,0.488864,0.0223736,0.0146735,0.48179,0.869135,0.0236805,0.182221,7.29024,7.89995,28.1996,32.072,0.2827,0.325879,0.321884,0.385135,10.1652,21.3216,15.9117,17.8083,25.9289,17.8808,39.7611,23.9683,46.8552,42.7229,31.7276,69.4357,14.7595,72.7469,8.13111,58.0504,6.40961,42.3485,6.89261,30.5129,9.22297,22.7171,14.1222,18.3837,22.9563,17.4531,36.2201,21.5797,46.9047,36.4588,37.0202,63.8721,17.9081,74.5311,9.14032,62.2451,6.58564,45.9851,6.60661,33.0831,6.89601,53.5973,4.60674,64.0847,3.11897,53.3527,2.62022,37.3066,2.7169,25.2582,3.23985,18.1135,4.16583,14.8211,5.48549,14.8919,7.00026,19.4916,7.90225,32.4117,6.85786,53.9786,4.56853,64.0454,3.10221,53.0557,2.61749,37.0376,2.72291,25.0846,3.25326,18.0209,4.18677,14.7916,5.51291,14.9285,7.02639,19.6393,7.90381,32.7552
30.6135,0.915277,0.0309682,7,127,0,-25.0626,0.731773,0.939254,0.0189822,0.0290648,0.588242,0.50722,0.0341208,0.142629,6.96916,7.44146,23.9177,21.775,0.446854,0.365168,0.310618,0.256836,9.83068,17.5911,15.1031,14.8249,23.6457,15.7882,34.3705,23.6043,37.7454,46.9495,23.6225,76.7681,11.0494,74.8434,6.63672,55.3394,5.75197,37.7296,6.60211,25.757,9.06874,18.5901,13.7625,15.1239,21.5903,15.1993,32.2362,21.0632,38.5115,40.4694,27.2438,72.4433,12.8244,77.7266,7.14951,59.5529,5.76914,40.9274,6.30243,27.8034,7.88641,41.2558,4.37595,60.6622,1.96268,55.8289,1.21443,41.6737,1.11455,29.4831,1.37895,21.1199,2.0675,16.1611,3.42515,14.2569,5.69238,16.2758,8.05236,26.4984,6.96473,49.492,3.32371,61.4352,1.60302,51.374,1.13489,37.291,1.1625,26.3399,1.54832,19.1554,2.42169,15.1989,4.06451,14.3768,6.5684,18.3483,8.26596,32.896
32.9878,0.965012,0.0309682,7,255,0,-24.3598,1.38517,0.629475,0.0295052,0.0187739,0.292042,0.68649,0.0158071,0.166898,7.14624,7.29749,39.6087,28.0627,0.217459,0.283584,0.364663,0.42884,9.74011,33.7005,15.2067,30.5063,24.7774,31.0688,36.5595,37.7441,39.254,52.4632,26.4582,66.6506,14.0501,67.9169,8.39096,60.1281,6.57093,50.3655,6.78001,41.7022,8.77164,35.1209,13.2876,31.0921,21.6382,30.4219,33.4627,35.0485,40.2831,47.6727,30.8269,63.6887,16.8121,68.8631,9.47076,62.7562,6.83789,53.0894,6.55054,43.9648,6.80997,47.5492,4.45045,61.7119,2.70906,55.459,2.05162,41.0598,2.0108,28.821,2.38326,20.8194,3.16597,16.5493,4.41773,15.5798,6.05648,18.7392,7.35173,29.3145,6.65682,49.2728,4.26211,61.9155,2.62193,54.3786,2.02992,39.9198,2.02658,28.0124,2.43089,20.3423,3.2497,16.347,4.54032,15.6573,6.1925,19.2583,7.39181,30.6417
30.9755,0.983257,0.0309682,7,127,0,-25.8392,1.49899,0.760853,0.0874609,0.0213689,0.277234,0.595466,0.0148587,0.21213,6.82528,5.87859,14.7873,29.1807,0.363451,0.247971,0.30061,0.224839,9.28391,12.5963,14.6982,11.3555,24.5684,11.4518,37.2842,13.757,40.5601,19.0147,26.9164,24.0819,13.9206,24.4823,8.16976,21.7114,6.36868,18.2725,6.62143,15.2189,8.72265,12.893,13.5521,11.4805,22.6412,11.3163,35.3898,13.1827,41.3594,18.0177,29.5912,23.5316,15.4762,24.7181,8.75085,22.252,6.49694,18.819,6.46401,15.6699,5.20699,55.0986,2.75993,70.4551,1.43602,59.1864,1.04543,42.0286,1.05906,28.8155,1.34999,20.4088,1.97242,15.8944,3.0602,14.8035,4.64668,18.3604,5.96459,31.8645,4.90081,58.7096,2.5006,70.0998,1.34733,56.8672,1.02952,39.9809,1.08184,27.4372,1.41121,19.6033,2.08714,15.5493,3.246,14.9483,4.87313,19.4006,6.00321,34.8568
31.8054,0.888257,0.0309682,7,127,0,-25.7371,1.58784,0.634448,0.0887374,0.01888,0.270359,0.676882,0.013168,0.212441,6.88968,5.6603,15.6905,31.564,0.349912,0.255961,0.316604,0.224977,9.37816,13.2912,15.1539,11.8648,26.266,11.8124,41.6452,14.0921,46.5358,19.6902,30.1824,25.2433,14.8704,25.6326,8.44162,22.6404,6.51501,19.0051,6.8378,15.8029,9.22874,13.3693,14.8367,11.8992,25.7083,11.7788,41.0807,13.9397,46.809,19.4232,30.9661,25.1113,15.2829,25.7057,8.58596,22.783,6.54213,19.1446,6.78902,15.9165,4.91593,51.0248,3.12285,60.853,1.98374,52.3346,1.58848,38.493,1.61943,27.3415,1.96132,20.2167,2.62596,16.6225,3.64823,16.3479,4.89989,20.5869,5.67142,32.7994,4.79508,52.3608,3.00816,60.739,1.93459,51.3497,1.57886,37.5498,1.63418,26.6894,1.99829,19.8427,2.68828,16.4868,3.73555,16.4763,4.9865,21.1545,5.67271,34.0865
29.5679,0.99085,0.0309682,7,127,0,-22.5445,1.26533,1.23426,0.0218127,0.0437961,0.336448,0.413697,0.0163781,0.117457,7.3923,7.49594,48.2817,17.749,0.274923,0.320781,0.396387,0.527868,10.106,39.668,16.0031,34.8976,26.7261,35.1119,40.9311,43.6588,45.3715,64.9976,29.7691,87.375,14.8499,88.7659,8.61024,76.1561,6.81559,61.4839,7.26859,49.1597,9.77992,40.2457,15.3484,35.1301,25.631,34.8432,39.8353,42.4931,45.8598,62.8113,31.3671,86.1887,15.7125,89.4059,8.90876,77.3901,6.86594,62.6438,7.15851,50.0615,8.99118,32.5341,4.83154,49.8482,1.85728,47.3378,1.00995,36.6241,0.87053,26.9348,1.08292,19.9079,1.7311,15.4424,3.1879,13.4865,5.96582,15.053,9.00806,24.4096,6.97651,44.1361,2.77108,50.4752,1.24293,41.4451,0.881825,30.8632,0.948079,22.6493,1.377,17.094,2.41595,14.009,4.57505,13.7747,7.915,18.88,8.71452,35.2028
28.4936,0.999234,0.0309682,7,127,0,-22.6459,1.25949,1.70388,0.036517,0.0495766,0.329746,0.355437,0.0170365,0.0976868,7.09757,6.35467,28.2793,15.3089,0.269604,0.255977,0.418152,0.596522,9.79553,23.4053,15.5225,20.7692,25.7569,21.0806,38.9499,26.3321,42.5608,38.9566,27.8747,51.8431,14.0405,52.6136,8.17993,45.3299,6.44759,36.7835,6.8052,29.539,9.03911,24.2373,14.0162,21.1075,23.2482,20.7041,36.3966,24.6895,43.4986,35.8386,31.5551,49.9917,16.1448,53.4132,8.93438,47.0842,6.60159,38.4797,6.5891,30.8822,13.0581,27.9356,7.74058,62.1435,1.59726,63.8821,0.531937,48.9432,0.36348,35.7359,0.438277,26.0036,0.792626,19.2911,1.87073,15.2544,4.9985,14.5774,11.6463,22.5757,10.426,54.4366,2.33934,66.5744,0.651512,52.709,0.376364,38.6904,0.400437,28.1198,0.663812,20.706,1.48449,16.002,3.90789,14.299,9.83468,18.9915,12.5987,44.8717
36.1491,0.800421,0.0309682,7,127,0,-21.7888,0.977257,0.945843,0.0378859,0.0289766,0.43904,0.515632,0.022782,0.151228,6.75409,8.27365,20.3325,23.5422,0.290381,0.342823,0.320635,0.352407,9.14089,15.6465,14.1901,13.0746,23.2891,12.803,36.2936,16.2092,43.93,26.8084,31.2643,42.165,15.0505,45.2834,8.2043,37.5129,6.28194,28.3608,6.58851,21.0991,8.70903,16.1294,13.3421,13.2879,21.8503,12.6798,34.5687,15.4577,43.9439,24.9327,33.7371,40.5577,16.5735,45.7479,8.71329,38.724,6.37815,29.4596,6.45169,21.9043,7.57544,50.5807,3.22851,67.5178,1.35273,55.3294,0.896249,38.815,0.906793,26.4568,1.2291,18.488,1.99195,13.9834,3.52094,12.5128,6.1467,15.3104,8.69755,28.8076,6.41526,58.3315,2.48967,66.0146,1.15872,50.7982,0.867517,35.1185,0.959426,23.9862,1.37617,17.0077,2.30079,13.2993,4.09897,12.709,6.95937,17.3375,8.73502,35.589
36.1579,0.984281,0.0309682,7,127,0,-29.703,1.06375,0.951118,0.0254641,0.0299984,0.385145,0.509973,0.0197201,0.139424,7.05047,8.45627,32.2295,22.1082,0.314176,0.309187,0.274262,0.301268,9.81944,25.7993,15.505,22.3964,25.5504,22.6593,38.9855,29.1084,44.3126,46.3855,29.6916,67.0348,14.4865,69.4104,8.14299,58.3815,6.29608,45.5881,6.56958,35.1125,8.61435,27.6573,13.1453,23.2008,21.576,22.0597,34.4148,25.9272,44.6613,39.1561,36.1181,61.2542,18.5594,70.8773,9.58818,62.7434,6.62649,49.7841,6.28642,38.3515,8.23973,45.6891,3.8397,63.69,1.624,54.3055,1.04275,38.8865,1.01808,26.8451,1.3391,18.9203,2.12011,14.3622,3.68125,12.7758,6.34723,15.2418,9.00855,27.2701,7.01694,53.855,2.89885,62.8774,1.35723,49.6588,0.996317,34.8857,1.076,24.1112,1.51077,17.2586,2.48059,13.5794,4.34973,12.9604,7.2787,17.3524,9.101,34.1072
35.3285,0.998228,0.0309682,7,127,0,-31.0382,1.37334,0.75409,0.0775222,0.0241364,0.315853,0.556925,0.0146087,0.156043,6.9164,7.23103,15.5402,33.161,0.295098,0.343861,0.398598,0.338866,9.19718,12.7099,14.612,10.9737,25.2501,10.6242,41.4005,12.5585,50.6922,18.3717,35.5418,25.7859,17.126,27.2782,9.16765,23.8599,6.75776,19.4636,6.88222,15.641,9.09126,12.7796,14.3849,11.0081,24.8359,10.6082,40.901,12.4512,50.7561,18.1385,36.2097,25.6251,17.5129,27.3298,9.30121,23.99,6.78632,19.5909,6.84982,15.7426,5.41455,52.7061,2.9286,57.0979,1.75871,46.4397,1.42383,33.8664,1.511,24.2898,1.9374,18.1292,2.77935,14.9146,4.16505,14.5793,6.01189,18.4294,7.24449,30.3672,5.83588,50.1715,3.22742,57.7777,1.86748,48.4362,1.44244,35.6446,1.47592,25.5281,1.84803,18.8722,2.61769,15.2292,3.91443,14.4162,5.72241,17.4422,7.18651,27.824
34.7831,0.992437,0.0309682,7,127,0,-29.034,1.56165,0.998108,0.0429081,0.0317138,0.281938,0.481479,0.0149547,0.133385,6.78009,7.91522,34.2248,20.9371,0.243176,0.320178,0.317033,0.26718,8.4023,28.8456,12.6149,25.359,20.8933,24.4286,33.2625,27.5518,40.8054,36.7713,30.9303,48.3725,16.5776,51.6932,9.35727,46.9461,6.92069,39.8382,6.90669,33.2439,8.87654,28.1408,13.6369,25.0093,22.6916,24.6024,35.2446,28.599,40.4199,38.7643,28.3309,49.6514,14.9251,51.3044,8.72925,45.8435,6.78406,38.6972,7.08277,32.303,8.40418,40.7463,4.3668,59.9297,1.84,54.374,1.10875,40.447,1.01512,28.6667,1.27371,20.5538,1.96119,15.6633,3.36834,13.6681,5.83811,15.4141,8.58393,25.2463,7.4108,48.4917,3.31373,60.4319,1.50747,50.2874,1.03721,36.5265,1.05704,25.851,1.42597,18.7692,2.29088,14.7544,3.99249,13.702,6.75238,17.1666,8.87124,31.0519
32.0584,0.944908,0.0309682,7,127,0,-27.6577,1.70003,0.655326,0.0492846,0.0199199,0.238655,0.651107,0.0137139,0.112773,7.18894,10.723,29.9815,35.0622,0.359489,0.328605,0.31872,0.360557,9.84891,26.4736,15.4085,24.6953,24.8005,25.5209,34.8975,30.4014,34.616,39.2705,22.577,46.027,12.5265,45.8021,7.94037,41.31,6.49522,35.8343,6.89503,30.8826,9.09825,27.0808,13.9466,24.8893,22.5623,25.0678,33.2136,28.9862,35.9925,37.307,25.3111,45.176,14.1098,46.3425,8.56417,42.4054,6.62331,36.9623,6.67634,31.8341,8.34776,55.3361,4.89629,60.2197,3.14504,48.64,2.64621,34.8723,2.83666,24.6414,3.58131,18.3543,4.95371,15.3869,7.04328,15.6787,9.53116,20.8344,10.7259,34.9348,8.37205,55.2311,4.9137,60.2582,3.15149,48.7339,2.64691,34.9525,2.83363,24.6947,3.57456,18.3839,4.94246,15.3962,7.02755,15.6641,9.5162,20.7771,10.7287,34.8079
31.8888,0.961491,0.0309682,7,127,0,-24.8373,1.219,0.609594,0.0404638,0.0193501,0.332137,0.764072,0.016483,0.120534,7.14728,10.5578,23.5844,18.0594,0.352434,0.363761,0.401342,0.27943,10.189,19.4511,16.5139,17.2896,27.8117,17.7389,42.3682,22.7194,45.8544,34.7539,28.9267,46.8924,14.0086,47.2401,7.98383,40.2702,6.22951,32.3608,6.54422,25.7322,8.67914,20.8681,13.497,17.8884,22.6736,17.1655,36.7514,20.0013,47.1875,29.1831,36.8389,43.1446,18.6574,48.4778,9.63668,43.3877,6.61519,35.4067,6.2163,28.1608,12.0238,33.9118,8.98438,58.5343,4.91462,61.7475,3.15859,45.8548,2.80286,30.3064,3.19249,20.1309,4.22514,14.5615,6.01524,12.4671,8.63091,13.9331,11.4015,21.8679,11.5119,42.4778,7.38933,63.1369,4.08306,57.1952,2.92968,40.0315,2.86429,26.2349,3.4688,17.7861,4.74231,13.4887,6.82057,12.5033,9.64145,15.6292,11.9467,27.2626
32.38,0.869108,0.0309682,7,127,0,-22.9932,1.4858,0.652828,0.0628747,0.0222618,0.298569,0.73975,0.0156229,0.115126,6.96938,10.5247,21.8834,18.5771,0.332923,0.3846,0.331239,0.30381,8.75936,18.3059,13.2422,16.0569,21.8883,15.5753,34.4061,17.8998,41.1073,24.4147,30.158,32.2194,15.9897,33.9935,9.17374,30.4383,6.97728,25.5163,7.15746,21.0863,9.38953,17.7486,14.569,15.801,24.1599,15.7634,36.732,18.8312,40.2901,26.0977,26.9469,33.1693,14.0977,33.5679,8.48129,29.4888,6.85622,24.5758,7.42159,20.3324,11.6497,32.8462,8.59352,52.0285,4.91138,53.0506,3.32073,39.9665,3.03943,27.2656,3.52232,18.8611,4.70522,14.3505,6.69916,13.0955,9.42204,15.7378,11.6279,25.6858,10.2467,45.1999,6.16064,55.382,3.75201,45.7694,3.04535,31.9381,3.2456,21.7429,4.13584,15.7641,5.78828,13.2141,8.26726,14.0609,10.9734,20.4257,11.3839,36.7355
31.2972,0.936912,0.0309682,6,63,0,-23.8092,1.66025,0.581144,0.0724948,0.0177168,0.267132,0.778748,0.0153544,0.131843,7.14568,9.63577,22.5472,24.1513,0.352189,0.342848,0.335549,0.340882,8.26454,19.382,11.6166,17.2263,18.1848,16.5001,27.8908,17.9526,34.5599,22.4549,28.6135,28.3884,17.0787,30.789,10.1544,28.8502,7.50542,25.1936,7.27486,21.5516,8.96604,18.6415,13.1348,16.8458,20.7628,16.6507,30.6333,18.9232,34.2517,24.2225,25.172,29.6099,14.5077,30.5655,9.05786,27.8686,7.23694,24.0981,7.55731,20.6187,9.79424,41.2417,7.08977,58.7961,4.41926,56.7038,3.26277,42.5704,3.10009,29.4805,3.57207,20.8752,4.61841,16.3337,6.27381,15.2693,8.39079,18.3831,10.0169,28.8394,9.10542,48.4378,6.01842,60.5103,3.87321,52.3488,3.12214,37.6609,3.19703,26.0323,3.863,18.9118,5.1147,15.5825,6.96693,15.7646,9.09051,20.89,10.0828,34.7986
29.9917,0.996851,0.0309682,6,95,0,-20.2625,1.72115,0.627874,0.053464,0.0198253,0.249639,0.730647,0.0130231,0.160068,7.82017,7.52125,30.8355,22.9562,0.394328,0.24328,0.257399,0.347115,9.41119,26.8141,13.5607,24.1796,21.3991,23.5475,32.3545,26.0052,38.4755,32.5396,30.4118,40.2574,17.9106,42.8082,10.7828,39.9526,8.08898,35.0744,7.90895,30.2588,9.77901,26.3887,14.337,23.9696,22.6974,23.6608,33.6873,26.614,38.2453,33.6005,28.7051,40.9621,16.6605,42.6732,10.2442,39.379,7.94839,34.4272,8.02998,29.6981,7.76014,38.8077,5.60005,55.63,3.41732,54.2611,2.46879,41.2693,2.32011,28.93,2.67735,20.6584,3.50084,16.2067,4.83598,15.1057,6.57581,18.0847,7.90763,28.2123,7.09278,46.8389,4.57251,57.5056,2.90248,49.4764,2.33649,35.8429,2.41005,25.0697,2.95273,18.4324,3.97943,15.3547,5.51418,15.711,7.2536,21.0771,7.91528,35.144
34.6117,0.961437,0.0309682,6,127,0,-22.7568,1.31456,0.607656,0.0300273,0.0204765,0.307389,0.701562,0.0148572,0.163282,7.09037,7.46636,34.229,27.9454,0.296312,0.293395,0.367073,0.260399,10.3496,28.5576,17.213,25.6239,29.6613,26.4891,45.4752,34.114,47.6957,51.728,28.5475,67.7799,13.4937,67.1459,7.67809,57.3398,6.02484,46.5348,6.39205,37.4481,8.60669,30.702,13.6652,26.518,23.516,25.5179,38.8875,29.6885,49.9358,43.0436,37.839,62.5555,18.5786,69.262,9.44384,62.0203,6.42969,51.0809,6.0261,41.1096,6.53063,44.8737,4.24517,53.6319,2.748,46.3204,2.21585,34.1013,2.25336,24.2043,2.70458,17.8913,3.57388,14.7216,4.89208,14.4837,6.4852,18.174,7.47706,28.7039,6.42365,45.7066,4.13906,53.5845,2.70092,45.7103,2.2062,33.5067,2.26694,23.7921,2.73884,17.6552,3.63102,14.6356,4.97111,14.5615,6.56338,18.5187,7.48166,29.4849
34.3342,0.900538,0.0309682,7,127,0,-27.0065,1.28646,0.547345,0.0409139,0.0153543,0.324742,0.76673,0.0153372,0.174351,7.58017,7.79964,24.964,34.3045,0.322792,0.329553,0.283373,0.411804,10.8508,20.7083,17.7413,18.5257,30.0623,19.1734,45.294,24.7701,46.8553,37.4587,28.1741,48.6328,13.68,47.7669,8.07371,40.4729,6.572,32.6176,7.19365,26.1356,9.8978,21.4662,15.8385,18.799,26.9034,18.7142,42.34,22.9705,48.728,34.2738,32.618,47.1675,15.8876,48.7988,8.81533,42.2249,6.68826,34.2345,6.90078,27.3931,6.65007,58.3018,4.16951,69.3367,2.67428,57.4079,2.18863,40.3171,2.2645,27.4367,2.74375,19.6112,3.63088,15.7809,4.96284,15.4073,6.60768,19.5949,7.77436,32.4676,6.85825,56.1131,4.37575,69.4785,2.7619,58.9949,2.20559,41.7832,2.23963,28.409,2.68261,20.1548,3.52975,15.9917,4.82089,15.2843,6.45468,18.928,7.72949,30.7467
28.2674,0.926673,0.0309682,6,63,0,-21.6863,1.27024,0.550307,0.0536674,0.0163725,0.324103,0.751138,0.0166151,0.184804,7.8591,6.84292,20.0591,31.0621,0.230602,0.283394,0.224686,0.49222,10.4634,16.8376,15.9376,15.0893,25.3874,15.2935,37.0553,18.6084,40.372,26.1734,28.1214,33.9158,15.3034,34.8586,9.27704,30.6771,7.34705,25.3725,7.63089,20.7267,9.85966,17.2814,14.7661,15.2651,23.5232,15.0847,35.2706,17.7649,41.0122,24.6722,30.7115,32.9933,16.9496,35.1898,9.91852,31.5354,7.48945,26.2407,7.45505,21.4284,6.1338,50.1445,4.15799,61.4356,2.74731,54.0269,2.2074,39.8675,2.20631,28.0998,2.58329,20.5274,3.31957,16.6157,4.42858,15.9522,5.79195,19.3274,6.80893,29.6242,6.28129,48.3333,4.33708,61.2435,2.83649,55.2202,2.23066,41.1503,2.18941,29.0144,2.53344,21.0648,3.23546,16.8417,4.311,15.869,5.66516,18.7834,6.76076,28.2727
32.2542,0.722889,0.0309682,7,127,0,-20.5862,1.16224,0.647145,0.0377975,0.0213923,0.369395,0.604209,0.0187137,0.149545,6.83289,7.63831,24.4072,29.9068,0.286481,0.365351,0.340204,0.470627,9.57557,19.5955,15.4414,17.0097,26.1396,17.2005,40.5308,22.1801,44.9393,35.2632,28.2465,49.2824,13.3777,49.4348,7.63634,41.18,6.11837,32.2389,6.66965,25.0453,9.16382,20.0035,14.6176,17.1697,24.7463,17.0068,39.0914,21.3127,45.6002,33.5174,30.3727,48.3546,14.4365,50.012,7.97856,42.1683,6.16591,33.1218,6.52731,25.7079,6.34891,48.0287,3.85243,56.0339,2.37343,48.0293,1.85277,35.6993,1.84793,25.6028,2.20634,18.864,2.94547,15.0751,4.14581,13.9139,5.79552,15.923,7.36094,23.4724,7.26695,39.5489,4.95807,54.7052,2.90424,52.9964,2.01025,41.3411,1.80128,29.8619,1.99663,21.5842,2.55106,16.4951,3.5282,14.1199,4.98939,14.5035,6.72306,19.0395
35.4646,0.92904,0.0309682,7,127,0,-23.9373,0.853834,0.472378,0.0215053,0.0140361,0.518467,0.918482,0.0257166,0.159714,7.56614,9.46802,31.7654,25.0712,0.336373,0.337713,0.310036,0.238685,9.8737,23.5613,14.7474,19.1269,23.3041,18.4107,35.4539,23.2309,43.6764,39.2667,33.1653,65.5356,16.6689,72.9104,9.25559,59.5658,7.20565,43.519,7.63673,31.23,10.0576,23.2385,15.096,18.9917,23.8713,18.4963,36.1109,23.7273,43.6668,40.5364,32.1891,66.6553,16.0574,72.5365,9.05436,58.6851,7.17767,42.7618,7.71259,30.7067,9.31595,46.6138,6.56822,67.4411,4.1245,61.9319,3.15053,43.4918,3.07505,28.2887,3.56015,19.0536,4.53471,14.4201,6.01152,13.2724,7.89407,16.0285,9.53698,26.0488,9.20142,48.3115,6.3709,67.9368,4.0232,60.8818,3.12449,42.3483,3.09093,27.5297,3.60771,18.6373,4.61389,14.2482,6.12219,13.3153,8.01843,16.393,9.59777,27.0826
35.3944,0.983061,0.0309682,7,127,0,-32.0151,0.83787,0.593438,0.0357499,0.0188738,0.51618,0.72682,0.027752,0.121324,7.29879,11.133,18.3766,26.3176,0.302686,0.414297,0.310738,0.345369,9.55802,13.7944,14.1764,11.3691,22.0787,11.127,32.8936,14.1949,39.5533,23.7637,29.8514,38.6024,15.4043,42.5433,8.76477,34.9427,6.87468,25.729,7.24889,18.6019,9.43198,13.9302,13.9417,11.4248,21.7045,11.0876,32.47,13.9814,39.5567,23.2338,30.4757,38.125,15.8193,42.6804,8.90796,35.3118,6.89811,26.0554,7.2016,18.831,10.1042,48.2672,6.17226,62.8749,3.61641,53.8401,2.75925,37.8647,2.77005,25.4352,3.359,17.7348,4.54031,13.7545,6.42585,12.8356,8.95423,15.7062,11.1142,26.0401,10.1583,47.8564,6.23486,62.8473,3.64267,54.1033,2.76506,38.118,2.76479,25.605,3.34429,17.8317,4.51461,13.7961,6.38755,12.8246,8.90894,15.6111,11.0944,25.7666
35.8241,0.983186,0.0309682,7,127,0,-29.9159,1.39547,0.799952,0.0349245,0.0256229,0.300537,0.5503,0.0155407,0.097151,6.66996,11.6811,32.7117,25.3588,0.312315,0.359916,0.316182,0.279041,9.49147,27.3738,15.6125,24.4984,26.867,25.0479,41.2963,31.5584,43.5336,46.5322,26.4596,60.0062,12.7731,59.4722,7.40317,51.126,5.90727,41.8462,6.37579,34.0121,8.73489,28.2389,14.0629,24.8371,24.2235,24.5808,38.7298,29.6331,45.0056,43.1249,30.1882,58.3919,14.6492,60.5039,8.04077,52.966,6.01944,43.5838,6.15065,35.392,10.6774,45.4546,5.95901,58.9187,3.11726,51.6922,2.19321,38.2087,2.13184,27.0558,2.63004,19.5785,3.76668,15.3145,5.79918,13.9399,8.85406,16.2691,11.7384,25.8713,10.5421,46.2048,5.81655,58.9623,3.06263,51.2537,2.18029,37.7714,2.13989,26.7417,2.65712,19.3838,3.8195,15.2199,5.88729,13.9482,8.96968,16.4448,11.7906,26.3989
33.2438,0.939012,0.0309682,7,127,0,-28.4854,1.03619,0.657105,0.0273703,0.0209971,0.416238,0.65182,0.0230203,0.141115,6.91344,8.78602,30.87,24.1798,0.393056,0.352853,0.379055,0.395142,9.20562,24.4136,14.0491,20.9173,22.5611,20.8628,33.9005,26.3315,38.8186,41.2397,27.0831,59.5367,13.8558,62.0111,8.09139,52.0493,6.45561,40.3785,6.89976,30.9528,9.17047,24.4657,13.9815,20.9376,22.452,20.8407,33.7888,26.2322,38.8549,41.0351,27.2504,59.4072,13.9516,62.0732,8.12431,52.1739,6.46034,40.4911,6.88626,31.0359,8.40952,44.2953,5.19384,60.9212,2.87564,54.8803,2.04653,39.9812,1.95933,27.4694,2.33055,19.2768,3.16436,14.7134,4.58016,13.1414,6.62482,15.0023,8.69117,23.2409,8.55745,42.6797,5.41716,60.5209,2.97622,55.781,2.07358,40.9768,1.94963,28.182,2.29154,19.7092,3.09066,14.9259,4.46282,13.1537,6.47095,14.7268,8.58617,22.36
33.6842,0.986599,0.0309682,7,127,0,-27.9875,1.15957,0.623681,0.0548418,0.0197159,0.361743,0.669217,0.0194667,0.166852,7.04726,8.04118,17.469,30.865,0.289345,0.28079,0.240411,0.305373,9.47935,14.2399,14.6336,12.4727,23.743,12.5322,35.6706,15.5633,40.0987,23.2533,27.6192,31.9256,14.2672,33.0218,8.33857,28.3828,6.55357,22.7513,6.87299,18.0066,9.02202,14.5908,13.7375,12.6167,22.275,12.3886,34.1544,14.9142,40.5323,21.9704,29.8074,31.0932,15.5873,33.3392,8.81837,29.1334,6.64895,23.4735,6.73016,18.5685,6.43761,55.3775,3.51955,64.3048,2.06083,51.3915,1.64027,35.5075,1.71714,23.9343,2.15717,16.8478,3.00801,13.1899,4.38154,12.4135,6.26674,15.3756,7.91299,26.1005,7.13763,49.2434,4.14897,64.8105,2.29743,55.5259,1.68743,39.2003,1.66254,26.3937,2.0111,18.2733,2.74847,13.8358,3.98073,12.3264,5.76092,14.1322,7.62227,22.271
31.3755,0.996397,0.0309682,7,127,0,-25.6355,1.03997,0.968298,0.0330573,0.0282385,0.413789,0.484742,0.0210452,0.138827,7.24189,8.60597,25.3822,22.5,0.294152,0.346884,0.525419,0.309485,9.7448,19.9873,15.0507,17.0498,24.4986,16.9516,37.3715,21.4569,43.2941,34.1186,29.9436,50.0699,14.9165,52.2618,8.52469,43.696,6.72626,33.7465,7.16684,25.7401,9.5513,20.2135,14.6739,17.142,23.8772,16.8655,36.7037,21.0419,43.4633,33.2209,30.9275,49.4673,15.4782,52.5249,8.71504,44.2418,6.7564,34.2402,7.0971,26.1051,8.60911,49.5879,3.74765,71.9973,1.43238,61.4228,0.856035,43.9123,0.800433,30.2277,1.03155,21.0695,1.63255,15.5257,2.89528,12.9606,5.27549,13.8607,8.57508,22.3296,8.64867,49.2097,3.79072,71.9678,1.44424,61.6112,0.85855,44.0851,0.799454,30.3492,1.02743,21.1469,1.62328,15.5689,2.8766,12.9722,5.24286,13.8241,8.54382,22.1613
30.0009,0.984197,0.0309682,6,127,0,-13.8948,1.07056,0.807618,0.0343708,0.027347,0.429964,0.517666,0.0190367,0.134052,7.35039,8.32642,27.5236,29.1711,0.322445,0.462673,0.417788,0.343059,9.399,20.921,14.4028,16.9704,24.1394,15.7876,39.5486,18.697,51.8015,29.6742,39.6277,48.128,18.9136,53.8432,9.83471,45.3305,7.29811,34.4994,7.61497,25.7751,10.2298,19.791,16.1315,16.4379,27.2104,15.9989,43.3451,20.2942,51.6003,33.6938,34.2471,51.2253,15.8985,52.6323,8.88721,42.7959,7.1717,32.2728,7.99343,24.1714,6.43566,48.6971,3.32381,55.0819,1.84578,45.6384,1.40578,33.5756,1.44305,24.1191,1.83593,17.8315,2.66925,14.2878,4.12942,13.3212,6.2798,15.8516,8.19952,25.3128,7.1944,44.2783,3.93714,55.5094,2.07079,48.5226,1.45633,36.3034,1.40163,26.0854,1.70725,19.0704,2.4203,14.9063,3.71278,13.2974,5.72074,14.8001,7.89024,22.1222
29.5177,0.994605,0.0309682,7,127,0,-20.1096,1.31918,1.12359,0.0443182,0.0330718,0.308011,0.441186,0.0164897,0.219286,6.94177,5.32892,23.9505,20.9543,0.29646,0.204177,0.260132,0.339709,9.8341,20.1461,15.8478,18.1984,26.4097,18.824,39.2,23.8334,40.719,34.7986,25.4595,44.5976,12.8026,44.391,7.58763,38.3114,6.06599,31.4065,6.45776,25.5341,8.62886,21.1909,13.459,18.5976,22.4704,18.2575,35.3929,21.5708,42.5075,30.7568,31.0433,42.3799,15.9248,45.4436,8.71621,40.5334,6.30702,33.5753,6.15274,27.2797,5.53415,48.8624,2.07134,71.7786,0.683717,60.2379,0.38273,43.1924,0.355146,30.0383,0.473864,21.1022,0.801885,15.5316,1.55597,12.7982,3.13638,13.5105,5.52911,22.4277,5.26557,52.2703,1.84945,71.7024,0.633454,58.6384,0.373068,41.8119,0.359884,29.0665,0.492972,20.4706,0.847927,15.1692,1.65821,12.6954,3.33319,13.8427,5.70986,24.0957
33.432,1,0.0309682,7,127,0,-21.3305,1.24035,0.482839,0.0456903,0.0159829,0.35338,0.829172,0.016737,0.163521,7.64306,7.88641,22.9667,31.5038,0.320226,0.360555,0.436032,0.361778,10.2747,18.6738,16.1118,16.2638,26.8018,16.2337,41.1759,20.1324,46.1536,30.2002,30.5696,41.0651,15.2903,41.7585,8.92602,35.5806,7.16008,28.4717,7.75608,22.5906,10.5758,18.4297,16.7147,16.1699,27.7973,16.3577,42.1219,20.6479,45.6109,31.1356,29.1505,41.5095,14.5653,41.4416,8.6844,35.0455,7.13408,27.9864,7.8806,22.2238,6.82558,46.853,4.87115,53.1666,3.54036,45.5688,3.04546,33.7523,3.11986,24.2297,3.61726,18.245,4.4982,15.381,5.72274,15.4199,7.07718,19.1885,7.88555,28.8812,7.14797,44.1618,5.22099,53.2104,3.71974,47.6413,3.08806,35.9042,3.0711,25.7514,3.49372,19.1178,4.30369,15.7023,5.4712,15.1721,6.83459,18.1049,7.82546,26.5023
32.4818,0.987762,0.0309682,7,127,0,-28.2546,1.14924,0.393763,0.0370927,0.0134945,0.374283,1.0012,0.0181338,0.139454,7.29589,10.378,25.2462,29.3043,0.304854,0.371444,0.445319,0.368545,9.97268,20.2333,15.7546,17.4684,26.2857,17.4467,40.6823,21.999,46.3623,34.3196,30.7482,48.568,14.9785,49.7903,8.51997,41.9346,6.72193,32.9707,7.19786,25.6535,9.71716,20.496,15.2447,17.5761,25.4268,17.3383,39.7737,21.49,46.6822,33.2741,32.0747,47.947,15.6893,50.1072,8.75758,42.5404,6.75921,33.5229,7.1083,26.0703,9.40788,43.7262,7.22749,51.4349,5.5062,45.3978,4.78028,33.817,4.81372,24.081,5.39625,17.9299,6.42909,14.954,7.82335,14.7936,9.33839,18.0077,10.3331,26.391,9.80177,40.3644,7.75331,50.915,5.81993,47.7269,4.8723,36.5422,4.75092,26.0584,5.2157,19.0707,6.14865,15.3993,7.47026,14.5684,8.99525,16.8676,10.1993,23.8383
33.6461,0.969487,0.0309682,7,127,0,-29.6183,1.56474,0.431617,0.0579447,0.0119858,0.283143,1.0229,0.0143598,0.182559,6.55853,9.01144,24.6696,27.6188,0.27261,0.32552,0.21397,0.243506,8.48976,20.6522,13.3087,18.115,22.8935,17.5786,37.254,20.3428,44.7493,28.2109,31.3351,37.429,15.641,39.1079,8.65764,34.786,6.5012,29.1149,6.6934,24.0601,8.93072,20.2222,14.2641,17.9107,24.6069,17.7143,39.1091,21.0735,44.103,29.5766,28.829,38.1773,14.2662,38.7526,8.17684,34.0427,6.41429,28.3865,6.86264,23.4725,8.71773,52.1624,6.15273,74.165,3.98436,65.7985,3.16408,44.6845,3.16789,28.3711,3.69539,18.9517,4.67468,14.5296,6.09356,13.8717,7.80967,17.7139,9.12655,30.3787,8.43368,56.6054,5.7395,74.8629,3.78632,62.7631,3.12327,41.7654,3.21715,26.5536,3.81406,18.0136,4.86073,14.1998,6.34038,14.1072,8.06324,18.8861,9.19426,33.4991
31.9507,0.96898,0.0309682,7,255,0,-24.3313,1.14841,0.499762,0.0334394,0.014861,0.376712,0.886512,0.0201603,0.0998218,6.51927,16.2233,29.4445,27.7815,0.339532,0.422044,0.353267,0.351897,8.54892,23.4359,13.1539,19.9037,21.7515,19.2633,34.3103,23.1746,41.9221,35.1018,30.7018,51.5658,15.3981,55.6131,8.45,47.9506,6.34084,37.9959,6.49919,29.5828,8.48983,23.5277,13.0334,19.9465,21.5429,19.2413,34.0651,23.0367,41.9383,34.7892,31.0388,51.3246,15.6089,55.6813,8.52421,48.1392,6.356,38.1768,6.47974,29.722,14.5593,56.1911,8.72431,74.1716,5.19026,59.5414,4.14806,38.5646,4.3319,24.083,5.33689,15.9756,7.1667,12.1981,9.93079,11.7063,13.4731,15.457,16.28,28.6841,14.3423,57.5657,8.49903,74.0849,5.1057,58.5848,4.13591,37.7798,4.35935,23.6137,5.39851,15.734,7.2668,12.1103,10.0722,11.7633,13.6307,15.7734,16.3272,29.6231
37.4627,0.995593,0.0309682,7,127,0,-25.1687,1.15097,0.571615,0.040626,0.0190872,0.381929,0.736207,0.0184785,0.143432,7.36929,9.0691,23.3136,28.2082,0.29512,0.344619,0.271101,0.280701,10.01,18.6144,15.7742,16.0255,26.2909,16.0008,40.5881,20.2434,45.8687,31.6749,30.074,44.5607,14.673,45.2605,8.47399,37.8627,6.82288,29.6348,7.45264,23.0096,10.226,18.421,16.2036,15.9514,27.0031,16.0957,41.2905,20.6537,45.497,32.4691,29.0179,44.9539,14.1465,44.981,8.30415,37.4053,6.80652,29.2312,7.54186,22.7116,7.8626,47.1584,5.00068,56.7588,3.19403,48.0653,2.57738,34.4599,2.63439,23.8333,3.17215,17.215,4.1946,13.8979,5.74779,13.4944,7.67671,16.8997,9.04773,27.3237,8.00552,46.0985,5.14767,56.786,3.25845,48.8147,2.59098,35.1799,2.61775,24.3231,3.1293,17.4941,4.12278,14.0082,5.64639,13.4327,7.56792,16.5617,9.01797,26.4724
32.697,0.926055,0.0309682,7,127,0,-29.583,1.73431,0.496366,0.0551388,0.0149481,0.240081,0.888407,0.0113669,0.203432,7.41916,7.50917,29.0754,26.6751,0.465909,0.301198,0.295323,0.274445,9.48547,25.1207,14.5383,22.5684,24.3628,22.0264,38.7361,24.7524,46.6989,32.133,34.9003,40.8362,18.753,43.3114,10.5221,39.9548,7.58989,34.7184,7.31069,29.6637,9.08447,25.5574,13.665,22.8004,22.7867,21.9481,36.8666,24.1583,46.7279,30.9563,37.1783,39.9585,20.3993,43.4097,11.1971,40.5566,7.78573,35.4043,7.23421,30.2679,7.03421,50.3512,4.61069,68.4025,2.85119,58.7059,2.24374,39.9611,2.27239,25.8121,2.71744,17.5222,3.555,13.5469,4.81063,12.9569,6.3804,16.5949,7.58123,28.7539,6.80958,53.4831,4.33682,68.5728,2.73292,56.5624,2.22142,37.9977,2.3042,24.5763,2.79396,16.8683,3.67905,13.3091,4.98186,13.1196,6.56213,17.4399,7.6251,31.0374
29.3065,0.896784,0.0309682,7,127,0,-18.5775,1.08547,0.708334,0.0508368,0.0210254,0.42513,0.616623,0.0244482,0.162219,6.8833,7.60774,20.5893,33.2103,0.252175,0.329994,0.342685,0.360551,8.07636,16.0979,11.4137,13.2857,17.7799,12.3206,27.3927,13.9235,35.152,19.855,29.6634,29.6039,16.74,33.9755,9.48626,30.1969,7.07681,24.0089,7.13665,18.5989,9.11278,14.7679,13.5395,12.6576,21.3215,12.5781,31.3405,15.6589,34.9056,23.6426,24.2938,32.5266,13.0386,33.1237,8.12254,27.7523,6.86769,21.6792,7.68471,16.8668,6.02212,56.4783,3.28521,64.0715,1.93744,51.8587,1.55496,36.8435,1.64973,25.6587,2.11565,18.6985,3.0247,15.2088,4.49935,14.9902,6.42566,19.5825,7.60852,33.8647,5.93038,57.1115,3.21976,63.8916,1.91451,51.3626,1.55192,36.4215,1.65871,25.3779,2.13694,18.5387,3.06212,15.1499,4.5555,15.0461,6.48559,19.8508,7.60595,34.5318
30.5953,0.99338,0.0309682,7,127,0,-24.0602,1.11879,0.80877,0.0362132,0.0258167,0.416098,0.504322,0.0234111,0.155863,7.04566,6.68606,28.1751,37.1774,0.275677,0.363626,0.307814,0.383969,8.71526,22.2624,12.7854,18.7813,20.266,18.1049,30.7096,21.6414,36.3937,32.05,26.9856,45.5666,14.4764,48.2929,8.624,41.2688,6.95781,32.4904,7.52992,25.2976,10.1451,20.4301,15.587,18.0927,24.6744,18.9883,34.6283,25.2389,33.9867,38.4221,20.8191,48.4991,11.1809,45.8549,7.54706,37.3493,6.97363,29.0759,8.39304,22.8707,4.48244,54.858,2.32949,55.3496,1.43209,44.257,1.19742,32.6227,1.30578,23.8553,1.71514,18.1528,2.51906,15.1561,3.86109,14.934,5.66957,18.9022,6.83986,30.9549,5.38024,50.2647,2.88515,57.2092,1.62725,48.3371,1.2291,36.2093,1.2382,26.3973,1.5428,19.722,2.20064,15.8591,3.35232,14.6553,5.05416,16.9405,6.66412,25.7955
28.135,0.888163,0.0309682,7,127,0,-22.619,0.961813,0.857092,0.0242755,0.0256342,0.425172,0.519527,0.0196508,0.178335,6.9217,7.05828,27.3028,34.4565,0.283979,0.386656,0.352652,0.359542,10.1384,21.0175,16.6699,17.7539,28.5271,17.9083,45.6044,24.1521,54.2266,43.6958,34.6078,70.874,14.8215,73.4566,7.6684,59.0679,5.78389,43.8529,6.06538,32.1158,8.082,24.047,12.5922,19.1587,21.2999,17.3213,35.9699,19.6784,52.293,30.9115,48.1318,57.2366,23.6954,75.6644,10.5018,67.6656,6.43903,51.8033,5.70437,38.0225,4.78129,62.097,2.03982,65.8841,1.06387,50.7643,0.835819,35.5467,0.919314,24.6337,1.2682,17.7284,2.00183,14.0135,3.34764,13.2837,5.41714,17.1157,7.05257,31.8527,5.15327,59.726,2.23141,66.8647,1.118,52.5486,0.842258,36.9719,0.898687,25.5873,1.21601,18.2989,1.89932,14.2716,3.16842,13.1973,5.17614,16.3598,6.99907,29.4623
29.6272,0.991372,0.0309682,7,127,0,-20.6386,0.952607,0.647647,0.0351794,0.0203933,0.495932,0.702345,0.0273299,0.133888,7.75511,8.605,24.8231,21.3012,0.398178,0.32267,0.318358,0.278462,9.36693,19.0144,13.2855,15.6855,20.2517,14.992,29.7819,18.0468,35.4672,27.4206,27.5376,40.723,15.3893,44.139,9.38743,37.2074,7.6911,28.4245,8.35054,21.4555,11.0957,16.9551,16.5347,14.956,25.1401,15.9934,34.0291,22.0426,32.9668,34.7363,20.5658,44.3095,11.4971,41.1604,8.13141,32.4727,7.78998,24.4577,9.509,18.7791,9.32265,36.1134,6.96807,54.7763,4.13745,56.2526,2.82532,43.739,2.53902,30.7789,2.86022,21.7591,3.71741,16.639,5.18166,14.8493,7.22649,16.8002,9.13705,25.1533,8.82999,43.0798,5.86713,57.7732,3.53039,52.7042,2.64315,38.9873,2.58887,27.2267,3.08983,19.6125,4.14423,15.6656,5.82592,15.0213,7.96908,18.7058,9.40492,30.2625
31.3844,0.972276,0.0309682,7,127,0,-22.0502,1.03847,1.02442,0.0315526,0.0309382,0.397796,0.398331,0.0216859,0.169053,7.41801,5.03171,26.6596,32.7804,0.304538,0.325945,0.342454,0.401128,9.85998,21.5195,14.8441,18.7929,23.3217,18.9688,34.1118,23.7626,38.3662,35.909,27.4017,50.2812,14.6785,52.7061,8.73504,45.1661,6.89306,35.7694,7.17161,27.9009,9.23106,22.3139,13.6526,19.1132,21.4312,18.6572,32.1525,22.3577,38.7228,33.0358,30.2209,48.1588,16.5594,53.3058,9.45024,46.922,7.04797,37.485,6.9869,29.2259,3.97299,48.4839,2.16846,54.2994,1.21843,47.9534,0.893869,38.2694,0.87409,29.7403,1.07556,23.4708,1.54876,19.5828,2.41981,18.2691,3.74156,20.5442,4.93867,29.063,4.44483,44.5448,2.58893,54.2591,1.39284,50.3141,0.943241,40.8637,0.857201,31.8322,0.9984,24.9266,1.38805,20.3934,2.13835,18.3359,3.35315,19.4597,4.71127,25.9598
28.6315,0.99259,0.0309682,7,127,0,-23.8938,0.905077,0.858342,0.0136192,0.0262019,0.489592,0.545877,0.0242073,0.165061,7.54729,5.6138,50.6439,21.8011,0.254684,0.223074,0.364026,0.357661,10.253,38.3232,15.8085,31.9718,25.4924,32.0043,38.5756,42.5173,44.4774,73.7173,29.8921,114.784,14.4145,117.796,8.34262,93.7716,6.86058,68.686,7.62044,49.9687,10.428,37.9231,16.1382,31.8277,26.021,32.1928,39.1213,43.3663,44.2597,75.6317,29.0316,115.915,13.9823,117.045,8.21049,92.5896,6.85341,67.7181,7.69737,49.3064,6.42668,35.0799,4.74622,52.6568,2.61192,55.2099,1.64131,44.8031,1.40089,33.1365,1.5669,24.4059,2.10714,19.0389,3.12808,16.8633,4.69073,18.5066,6.23924,26.6909,5.92557,43.8714,3.629,56.2876,2.03407,51.1184,1.46771,39.146,1.43399,28.659,1.76633,21.5141,2.51263,17.627,3.79368,17.0498,5.49531,21.2235,6.44712,33.7921
30.4089,0.891863,0.0309682,7,127,0,-22.0177,0.861894,0.84303,0.0117451,0.0262479,0.475742,0.535628,0.0258764,0.175851,7.51867,5.95544,53.5945,21.9804,0.263533,0.228381,0.362032,0.335893,10.2336,41.7195,15.4497,35.9116,24.0392,36.9129,34.8552,49.1644,39.1057,81.9993,27.2628,123.578,14.0313,128.942,8.27833,105.565,6.65018,79.1257,7.06445,58.5071,9.18281,44.6845,13.533,37.0405,21.0433,35.7282,31.6293,43.7123,39.4134,69.4574,32.059,113.025,17.229,131.85,9.43037,113.847,6.8806,86.7405,6.76332,64.0607,6.33852,39.5642,3.94257,58.474,1.94672,56.1319,1.22638,42.8767,1.09412,30.6034,1.28522,21.9849,1.80742,16.7942,2.79896,14.6174,4.39493,15.9651,6.18048,23.8455,6.10814,43.1055,3.53778,59.5737,1.7738,54.3649,1.17941,40.8,1.1043,29.0403,1.34137,20.9825,1.92429,16.2685,3.00332,14.56,4.68375,16.6199,6.36231,26.0117
35.4283,0.861489,0.0309682,7,127,0,-17.4053,1.15287,0.761474,0.026906,0.025235,0.369368,0.574569,0.0181051,0.136643,7.68108,8.79774,35.5869,25.8958,0.267603,0.351627,0.32746,0.253543,10.2928,28.8397,15.8877,25.1237,25.8452,25.1529,39.0176,31.2669,44.0606,47.0738,30.2651,65.0786,15.5299,67.2237,9.0721,57.4795,7.17375,45.8177,7.59325,36.0918,10.0617,29.167,15.4341,25.2555,25.1029,25.0125,38.2636,30.6437,44.3226,45.8534,31.3702,64.3347,16.168,67.5626,9.29792,58.1957,7.21274,46.4906,7.51272,36.6073,7.61105,47.0251,4.08793,58.5797,2.1792,49.5251,1.59515,35.7437,1.60222,24.9119,2.01462,17.8716,2.90342,13.9892,4.4553,12.9077,6.73461,15.5048,8.78022,25.6076,7.66841,46.6325,4.14063,58.5928,2.19841,49.7695,1.59924,35.972,1.59847,25.0708,2.00351,17.9677,2.88234,14.0341,4.42074,12.9003,6.69007,15.4101,8.7616,25.3237
32.0948,0.997999,0.0309682,7,127,0,-28.3015,1.06296,0.626844,0.073545,0.0201433,0.410988,0.716006,0.0217911,0.121428,6.0876,10.768,11.2489,25.5055,0.328397,0.325587,0.353389,0.356631,8.5199,8.71063,13.7783,7.31498,23.5968,7.21653,37.9052,9.31512,45.0565,15.7844,29.2487,24.2741,13.1042,24.9922,7.06452,20.3816,5.50826,15.4228,5.95922,11.5516,8.19061,8.90194,13.1124,7.39738,22.4297,7.15487,36.525,8.96814,45.3435,14.9471,31.2635,23.7089,14.1182,25.2654,7.37568,20.8783,5.55395,15.8539,5.84609,11.8653,9.96213,45.8484,6.18743,60.0934,3.63581,52.1846,2.76892,37.1726,2.78447,25.2817,3.39785,17.8786,4.6323,14.1296,6.59714,13.55,9.14619,17.1763,10.9512,29.0446,9.25074,50.5273,5.45697,59.9645,3.34154,48.9972,2.7147,34.2309,2.86806,23.3329,3.60708,16.7942,4.99055,13.7338,7.11396,13.8927,9.68222,18.83,10.9542,33.1574
33.4064,0.912593,0.0309682,7,255,0,-25.694,0.857509,0.882685,0.0226617,0.0288802,0.476243,0.519205,0.0241634,0.141258,7.73101,8.1955,27.7044,26.7936,0.318175,0.431391,0.358596,0.337972,10.5169,21.3596,15.9373,18.1462,25.034,18.3413,37.023,24.0763,43.0491,40.4912,30.9149,63.4933,15.6542,68.1332,8.89596,56.1288,6.92554,41.9523,7.20914,30.7991,9.27081,23.255,13.627,18.9414,21.3209,17.8062,32.6948,21.1182,42.6389,33.0946,36.9907,56.1037,20.1375,69.2735,10.5346,61.22,7.29986,46.7853,6.90617,34.3616,6.76516,48.4405,3.30835,57.9849,1.6868,48.0826,1.23543,34.8845,1.27496,24.6762,1.67734,18.0036,2.55865,14.3483,4.16358,13.5883,6.55254,17.1232,8.28618,29.8726,6.15104,51.7581,2.90043,57.1955,1.55775,45.7892,1.21561,32.9098,1.31636,23.3182,1.78652,17.1902,2.77087,14.007,4.51953,13.8044,6.97353,18.428,8.24574,33.3264
26.2799,0.961003,0.0309682,7,127,0,-20.3284,0.489966,0.505141,0.0101464,0.0165937,0.885505,0.811623,0.0441635,0.192133,9.34248,7.08168,21.2556,30.8927,0.56202,0.275341,0.282471,0.286516,12.798,14.1991,18.3877,11.5579,26.6313,12.7525,36.931,21.3565,42.6023,53.3352,29.4128,115.884,13.6014,118.455,8.20061,77.0163,7.32891,44.3339,8.46611,25.7658,11.2266,16.3157,15.9152,12.157,23.0838,11.7456,32.8526,16.5329,41.916,36.2266,36.7852,92.3552,18.3359,127.448,9.48941,93.5228,7.36631,55.2075,7.83056,31.642,6.01302,49.8026,3.97366,57.5629,2.70606,47.7746,2.28168,33.9109,2.36486,23.3828,2.81817,16.9909,3.62825,13.9362,4.79603,13.8299,6.16588,17.6055,7.06629,28.3535,6.30025,46.9887,4.265,57.748,2.83851,49.9085,2.30834,35.9367,2.32596,24.7419,2.7241,17.7498,3.47731,14.2207,4.59237,13.6361,5.95628,16.6595,7.00676,26.0526
25.2184,0.801775,0.0309682,7,127,0,-16.3119,0.811163,0.483337,0.0128142,0.0144354,0.588089,0.884754,0.0282325,0.143714,6.404,10.3231,42.9995,23.923,0.232131,0.45625,0.348339,0.320032,9.12777,29.5779,14.7759,22.8201,25.1312,21.9665,40.9812,30.7212,51.8308,66.0808,32.8577,129.606,12.8011,131.407,6.73644,94.3013,5.6371,61.9737,6.64109,40.7603,9.67539,28.3407,15.8325,22.353,26.9472,22.3975,43.2193,33.2633,51.2417,74.1316,29.2309,134.642,11.4446,127.191,6.41808,89.4081,5.66635,58.5557,6.91226,38.6744,10.325,45.2735,7.26206,67.643,4.42838,63.3343,3.28156,44.7589,3.14578,29.0693,3.61932,19.3883,4.62089,14.3765,6.18137,12.8096,8.25231,14.8492,10.2677,23.389,10.389,44.2483,7.39833,67.2114,4.5021,63.921,3.30253,45.4634,3.1386,29.551,3.59176,19.6598,4.57294,14.4993,6.11178,12.8103,8.16816,14.6839,10.2097,22.8743
19.7234,0.93509,0.0309682,7,127,0,-15.8001,0.730531,0.397781,0.0335961,0.0105219,0.514898,1.09156,0.0283671,0.154258,9.25531,10.8549,14.8935,34.9686,0.501157,0.316416,0.293245,0.307644,12.2857,12.0265,17.4422,10.8949,24.8997,11.8131,32.7648,16.0673,34.3368,25.5124,25.0124,36.0437,14.664,37.4021,9.52258,31.1474,7.88752,23.6873,8.21248,17.7181,10.1153,13.6782,13.8418,11.4254,19.8414,10.9459,27.8622,12.8297,34.5151,18.7842,32.026,29.7021,20.8539,37.8065,12.291,35.668,8.65436,28.4312,7.81667,21.358,9.85434,60.0429,7.05243,74.6446,5.01816,62.3763,4.31193,42.4067,4.46421,27.7702,5.20669,19.5216,6.45189,16.0069,8.12517,16.4656,9.92473,22.2937,10.8767,38.0252,9.50382,63.6007,6.67293,74.2901,4.84626,59.4883,4.29036,39.8843,4.53754,26.2341,5.35523,18.7623,6.66827,15.8252,8.388,16.9004,10.1481,23.8009,10.8462,41.3453
30.2954,0.99868,0.0309682,6,63,0,-16.8213,0.801244,0.521892,0.0275566,0.0160456,0.575489,0.841319,0.0269196,0.155097,8.11121,9.78298,20.1413,28.3281,0.459879,0.456387,0.318006,0.309355,11.2779,14.6244,17.518,12.0179,28.1202,12.3597,42.0461,17.8593,46.8815,34.8338,28.9359,56.1902,13.341,54.215,8.06643,40.069,7.14981,27.4909,8.47313,18.9938,12.0685,14.0016,18.9517,11.8493,30.3322,12.8016,44.0872,19.6841,45.2369,38.9192,25.457,57.669,11.9439,52.1284,7.71147,37.7174,7.23035,25.7969,8.89593,17.9431,8.64957,53.5207,5.28415,68.0001,3.23326,55.4057,2.6044,37.0896,2.71139,23.976,3.32584,16.4057,4.45274,12.8387,6.1504,12.503,8.27916,16.4661,9.81693,29.4997,8.47089,55.098,5.10789,67.856,3.16487,54.2754,2.59423,36.1318,2.73447,23.3836,3.37811,16.0938,4.53776,12.7287,6.26925,12.5943,8.40573,16.9171,9.83969,30.7279
28.5673,0.984833,0.0309682,7,127,0,-24.5798,0.740649,0.529322,0.0262463,0.015334,0.586917,0.814102,0.0264652,0.137094,8.1224,9.77845,20.9454,27.0727,0.471187,0.438756,0.323291,0.312171,10.7231,14.8729,15.9599,11.69,24.9786,11.0668,38.0786,14.0785,48.9028,25.3056,39.619,48.059,19.5443,57.6195,10.2258,46.4489,7.65665,32.4377,7.92576,22.0645,10.2257,15.5271,15.0341,11.981,23.4602,10.9842,36.1138,13.327,48.1758,22.9649,42.3458,44.8441,21.7721,57.947,10.9692,48.4712,7.80028,34.2082,7.76656,23.2586,9.54689,46.6666,6.78108,64.2946,4.32252,59.9577,3.29273,44.1621,3.1788,30.2501,3.65776,21.2838,4.66762,16.5824,6.22851,15.4081,8.21756,18.3269,9.87078,28.4075,9.37413,48.7476,6.50449,64.8573,4.17646,58.7164,3.25229,42.7281,3.1999,29.2378,3.72694,20.7001,4.78583,16.3354,6.39524,15.4795,8.40078,18.8729,9.94492,29.839
28.979,0.994941,0.0309682,7,127,0,-21.3991,0.747514,0.595002,0.0125214,0.0197198,0.611012,0.739867,0.0299656,0.132219,8.17364,10.1388,38.6339,26.2935,0.390119,0.474905,0.349094,0.363462,11.4541,27.9731,17.6504,23.2791,27.8112,24.7091,40.5173,37.3855,43.6601,75.3523,26.2264,119.965,12.2799,112.452,7.69528,81.1221,7.0165,54.5541,8.42023,37.1401,11.9664,27.1924,18.5505,23.1056,29.1562,25.3694,41.6951,39.9987,42.5712,81.1537,24.1261,121.847,11.4521,109.367,7.49091,77.8065,7.07711,52.2315,8.69139,35.7342,9.05479,46.5613,5.608,58.6721,3.40808,49.7729,2.68039,35.1138,2.73866,23.8166,3.34547,16.8929,4.51928,13.4665,6.33969,13.0788,8.64002,16.7685,10.2116,28.4164,8.65825,49.2082,5.21923,58.4888,3.2511,47.897,2.65287,33.4136,2.78696,22.7005,3.46234,16.277,4.71546,13.245,6.6179,13.2757,8.92735,17.6991,10.2275,30.7339
22.5005,0.994276,0.0309682,6,127,0,-15.4121,0.638402,0.633517,0.0103128,0.0202648,0.758199,0.795466,0.0389739,0.103538,7.02197,11.9319,36.1595,14.8984,0.295209,0.329774,0.43013,0.401727,9.85448,23.3824,15.1742,17.6682,24.0839,17.5524,36.7518,26.6865,45.2426,64.7351,29.4894,140.984,11.9769,140.873,6.77688,92.8554,6.06292,55.4178,7.33911,33.5241,10.5049,22.0825,16.3151,17.268,25.8786,18.1598,38.8272,29.8809,44.6394,75.7786,25.7572,148.252,10.5881,133.932,6.48082,85.7935,6.14964,51.0396,7.70199,31.1459,14.9579,27.7157,12.3576,54.8374,6.51752,64.7628,3.82083,48.608,3.23396,31.254,3.66203,20.0164,4.92498,13.9849,7.19374,11.7064,10.6159,13.1628,14.2978,21.7745,14.0375,45.2506,8.21198,65.5589,4.39053,55.0349,3.28932,36.4173,3.42847,23.0944,4.40435,15.5247,6.31059,12.0931,9.35934,12.1597,13.2126,17.643,14.9299,35.6943
35.1348,0.986926,0.0309682,7,127,0,-19.089,1.55615,0.807373,0.0627778,0.0242407,0.252975,0.518303,0.0138819,0.167543,7.55875,6.58617,21.6853,38.0186,0.332667,0.307147,0.342311,0.28845,10.0537,18.98,15.2779,17.5032,24.1894,17.7973,34.6956,20.8407,37.0279,27.0664,26.2267,32.9129,14.8998,33.7938,9.17843,30.8367,7.13302,26.7346,7.1478,22.8768,8.91659,19.815,13.0416,17.8596,20.6153,17.4384,31.2445,19.3787,37.891,24.6052,30.8876,31.2802,18.2764,34.0775,10.6536,32.1279,7.57055,28.2043,6.94854,24.1699,4.4806,58.9356,2.25502,60.5222,1.34168,48.0393,1.10641,34.9111,1.207,25.1386,1.59813,18.8522,2.37464,15.5598,3.68887,15.2716,5.49153,19.556,6.66867,33.0678,5.13033,55.0972,2.64541,62.0894,1.47271,51.3382,1.12545,37.7355,1.15855,27.1007,1.47688,20.0426,2.14967,16.0782,3.3266,15.0265,5.0542,17.9498,6.57651,28.7694
34.7131,0.987342,0.0309682,7,127,0,-27.7427,1.71817,0.935785,0.100409,0.0299286,0.231342,0.501679,0.011577,0.158205,7.42125,6.70861,15.044,21.2833,0.347764,0.284382,0.313897,0.382255,10.0869,13.1792,15.921,12.1093,26.4882,12.2212,39.8647,14.2558,43.2834,18.6355,29.5411,22.7644,15.7907,23.3173,9.27036,21.2672,7.01362,18.4918,6.98323,15.8831,8.82354,13.7827,13.3088,12.3908,22.0246,12.0045,35.1823,13.2301,44.2686,16.83,35.6376,21.5775,19.9438,23.5367,10.9877,22.1795,7.519,19.5183,6.78584,16.7915,7.03845,40.3276,3.87607,58.8752,1.73878,54.0783,1.07499,40.4395,0.982802,28.677,1.20969,20.569,1.80507,15.7155,2.98206,13.7647,4.96693,15.4636,7.13883,24.6769,6.43177,46.4284,3.14464,59.6396,1.48498,50.8514,1.01643,37.1958,1.01084,26.3271,1.31723,19.0821,2.03221,14.9589,3.39679,13.7721,5.56033,16.788,7.38214,29
33.293,0.972583,0.0309682,7,127,0,-28.3503,1.53023,0.809091,0.0313438,0.0259839,0.271695,0.601675,0.0136939,0.177133,6.503,6.1029,41.9409,19.5342,0.274293,0.250969,0.457909,0.362083,8.98868,35.4442,14.6325,31.6045,25.4575,31.4753,40.6534,37.6873,46.1702,53.3242,30.2689,69.6539,14.7267,71.4249,8.14524,63.1731,6.10474,52.906,6.22578,43.7836,8.19051,36.7404,12.9323,32.2233,22.3928,31.0706,37.1649,35.4609,46.9503,48.9497,34.9041,66.8797,17.4301,72.2977,9.12177,65.4761,6.34341,55.2555,6.04362,45.7408,6.92118,35.2527,4.66435,55.7979,2.34362,55.5336,1.47079,41.9924,1.31944,29.2527,1.56475,20.5818,2.211,15.6482,3.40374,13.966,5.21736,16.2948,6.88329,26.5163,5.96699,47.8101,3.18625,58.547,1.73539,48.5155,1.33009,34.5374,1.40943,23.9859,1.86241,17.4561,2.78715,14.3192,4.33567,14.6008,6.27829,20.505,6.83005,37.4489
30.3375,0.348826,0.0309682,7,127,0,-15.4778,1.45149,0.887262,0.0368693,0.0279326,0.285767,0.504013,0.0151623,0.167678,6.57535,6.14286,33.2915,25.7426,0.228894,0.219777,0.513425,0.436159,9.111,28.094,14.6886,25.1607,25.0039,25.3739,38.6375,30.91,42.3302,44.0029,27.4165,56.8634,13.6508,57.6825,7.82169,50.6267,6.04736,42.1224,6.29715,34.6838,8.35439,29.0483,13.1268,25.5757,22.3094,24.976,35.8302,29.088,43.3417,40.6418,31.3171,54.9247,15.8658,58.4729,8.6238,52.4356,6.22716,43.9275,6.10059,36.1626,5.73156,43.9574,3.26946,56.6859,1.70997,50.9862,1.18186,38.884,1.12969,28.3792,1.38532,21.0784,1.99523,16.8071,3.11024,15.4502,4.79084,17.9885,6.2724,27.915,5.41079,46.9063,2.94251,56.8257,1.58274,49.2623,1.15125,37.1174,1.14909,27.0715,1.45162,20.2493,2.1267,16.4102,3.33085,15.5337,5.0676,18.8844,6.34288,30.3479
27.0584,0.636481,0.0309682,7,127,0,-19.719,1.09908,1.06716,0.0442751,0.0332969,0.387946,0.457001,0.0184568,0.116205,7.85844,9.17746,19.1971,22.3501,0.407768,0.462059,0.232285,0.254116,11.029,15.4422,17.5495,13.551,28.9253,14.0047,43.1279,18.5159,45.745,29.5191,28.3771,40.3085,13.91,39.7388,8.31023,32.7832,6.89379,25.4866,7.65669,19.7183,10.547,15.7647,16.621,13.6593,27.4343,13.8038,41.7491,17.7317,46.6314,28.0547,30.5394,39.6278,14.972,40.2711,8.65452,33.6241,6.92824,26.2234,7.47938,20.2613,9.20117,44.0446,4.30697,61.3033,1.76622,53.6801,1.08579,39.7411,1.02642,28.3397,1.33562,20.5077,2.1388,15.7915,3.82016,13.9803,6.82148,16.214,9.92209,27.699,7.7107,52.3692,3.13617,60.739,1.43108,49.1102,1.02165,35.6253,1.08617,25.4083,1.52987,18.6497,2.56556,14.8682,4.64683,14.1337,8.00994,18.5027,10.0189,34.9115
23.7981,0.847698,0.0309682,7,127,0,-14.9206,1.60067,0.615464,0.0556866,0.0174445,0.243961,0.710131,0.0131529,0.25575,7.23404,5.8727,23.5574,30.2727,0.319953,0.232514,0.532997,0.434986,10.5248,20.6848,17.2511,19.3635,28.6444,20.4175,40.5531,25.3676,38.6034,34.1979,23.2465,40.3786,12.1038,39.5694,7.4465,35.0785,6.04034,29.9619,6.42824,25.4378,8.56309,21.9469,13.3716,19.7899,22.4256,19.5159,35.3137,22.3197,42.1166,29.5768,31.2431,38.1627,16.6322,40.7067,9.18276,37.5229,6.46655,32.4761,6.03902,27.5749,4.90329,62.9959,2.48058,78.5701,1.32541,61.1442,1.02117,40.1446,1.07521,25.6569,1.37952,17.17,1.97436,12.8682,2.96042,11.7777,4.38308,14.6894,5.76602,26.8265,5.24629,57.4977,2.79109,79.0206,1.42823,64.6395,1.0387,43.0257,1.0501,27.4622,1.3153,18.1719,1.8593,13.315,2.77782,11.735,4.14069,13.8492,5.61271,23.8963
26.8134,0.988572,0.0309682,7,127,0,-15.3117,1.11431,0.526891,0.0333578,0.0177072,0.371986,0.669322,0.020444,0.132894,6.64981,7.32111,26.146,47.3609,0.278287,0.352196,0.247998,0.330858,9.27017,21.1311,14.6894,18.4987,24.2576,18.8414,36.727,24.2374,40.6188,37.9767,26.4907,53.0091,13.0178,53.9006,7.49019,45.3674,5.92008,35.7176,6.29071,27.8194,8.37664,22.2061,12.9396,18.9344,21.3476,18.3903,33.617,22.1533,41.4578,33.6339,31.0088,50.1322,15.6195,55.0316,8.39612,47.9001,6.10112,38.0964,6.04157,29.6475,4.91286,54.5759,3.31553,47.6811,2.6745,36.0505,2.62393,26.1155,2.98557,19.3314,3.73224,15.4003,4.89306,13.9222,6.4391,15.0854,8.03588,20.2801,8.65633,32.0887,7.18822,48.1696,4.79058,54.4988,3.25669,47.0482,2.65831,35.4042,2.63431,25.64,3.01785,19.0335,3.78742,15.251,4.97252,13.9111,6.53533,15.2534,8.11174,20.7558
27.7507,0.99124,0.0309682,7,127,0,-19.9268,0.885088,0.484851,0.0372894,0.0174556,0.515032,0.913606,0.0240237,0.182237,7.27484,7.10857,18.7338,18.7602,0.336122,0.286711,0.448416,0.31759,9.71141,13.6642,14.9835,10.9064,24.6023,10.3766,38.9643,13.2164,49.2107,23.4481,35.8091,40.8912,16.4922,44.7885,8.78189,35.6058,6.85325,25.4965,7.44498,18.0154,10.1517,13.2344,15.8417,10.7253,26.0545,10.4891,40.7122,13.9093,49.0752,25.3254,33.146,42.3991,15.0834,44.0895,8.3664,34.3558,6.81638,24.4831,7.64211,17.3335,7.65639,29.4914,6.51968,44.1624,4.60024,48.6223,3.4111,39.8746,3.05612,28.5352,3.26108,20.207,3.89768,15.4645,4.92446,13.78,6.23992,15.246,7.42349,21.4067,7.48401,34.272,5.89194,47.3573,4.11287,46.7708,3.22173,36.0999,3.07,25.4582,3.4206,18.3236,4.18605,14.6091,5.32483,13.868,6.66936,16.5859,7.62271,24.8012
33.8666,0.961386,0.0309682,6,63,0,-22.229,1.16445,0.445817,0.0370806,0.0154829,0.365893,0.885186,0.0169108,0.174711,7.37464,7.86989,24.7779,30.1137,0.356973,0.301873,0.284547,0.349247,10.3913,19.8978,16.8391,17.2666,28.6527,17.4428,44.7043,22.4834,49.8896,35.876,31.349,50.457,14.7023,50.7741,8.29193,42.3467,6.57474,33.1698,7.11156,25.7593,9.72536,20.5295,15.4993,17.5237,26.3585,17.1693,42.2407,21.1961,50.8198,33.1953,34.9376,48.9156,16.5302,51.609,8.88641,43.8651,6.67064,34.5415,6.89895,26.7969,6.81721,45.9512,4.86176,52.5579,3.53445,44.5411,3.04688,32.332,3.12241,22.7173,3.60771,16.7832,4.45781,13.9376,5.63589,13.8323,6.96234,17.1665,7.8456,26.1769,7.28649,41.5913,5.40243,52.3976,3.81756,47.7623,3.11802,35.7105,3.05508,25.0817,3.43069,18.1352,4.17845,14.4707,5.27085,13.5685,6.59114,15.7584,7.69651,22.856
34.224,0.99558,0.0309682,7,127,0,-29.4705,1.25799,0.561566,0.0349418,0.0174454,0.322327,0.737876,0.0153532,0.170847,7.5727,6.92705,28.5109,28.2905,0.305844,0.24529,0.338475,0.313187,10.7689,23.6981,17.4213,21.1971,29.2406,21.8144,44.1367,27.8116,47.0268,41.769,29.5453,55.2013,14.5129,55.3373,8.39498,47.4076,6.61002,38.4027,6.97832,30.8091,9.28209,25.2159,14.4567,21.8173,24.2465,21.125,38.9119,24.7583,48.7187,35.8305,36.999,51.509,18.7984,56.7462,9.92857,50.6959,6.95761,41.6144,6.63489,33.3806,6.51701,43.7841,4.73036,55.1688,3.21028,51.351,2.53595,39.6909,2.45563,28.8741,2.78941,21.4935,3.49716,17.4883,4.57649,16.5819,5.90209,19.3824,6.91662,28.0225,6.54485,43.4313,4.77105,55.0818,3.23346,51.5575,2.54319,39.95,2.45269,29.0717,2.77835,21.6145,3.47805,17.5416,4.54988,16.5671,5.87381,19.2715,6.90552,27.7581
35.4238,0.986224,0.0309682,7,127,0,-28.6593,1.59942,0.488764,0.0492115,0.0137679,0.26191,0.83618,0.0136436,0.184044,7.56053,7.96898,28.5566,39.697,0.281002,0.299873,0.302993,0.355711,10.1477,24.7309,15.796,22.6192,25.7761,22.9975,37.7051,27.3609,39.446,36.3623,26.252,44.189,14.2328,44.4666,8.76633,39.7971,7.05888,34.0183,7.47128,28.847,9.90729,24.9282,15.3173,22.6907,25.017,22.8743,37.0793,26.9329,39.8851,35.7229,27.2166,43.9014,14.7793,44.6478,8.9735,40.1548,7.09639,34.3774,7.38986,29.1426,6.25213,65.9101,3.82344,71.298,2.58834,54.7177,2.26078,36.6862,2.43814,24.3459,2.99958,17.3017,3.95401,14.1283,5.32241,14.29,6.94362,19.1386,7.99854,33.4789,6.91599,59.5807,4.37856,72.8998,2.8055,59.9494,2.28866,41.0337,2.35137,27.0693,2.81217,18.7585,3.65761,14.6533,4.91788,13.8908,6.51231,17.183,7.86128,28.3139
32.5198,0.739375,0.0309682,7,127,0,-27.1909,1.38378,0.637393,0.0448915,0.0191167,0.294985,0.654214,0.0143782,0.206218,6.83902,6.60215,25.572,31.0861,0.242168,0.255767,0.309507,0.313954,9.57536,21.3617,15.5709,18.9601,26.7993,19.0057,42.2979,23.2386,47.8774,33.9573,31.3606,45.4594,15.1778,46.711,8.37527,40.8507,6.27947,33.6765,6.39173,27.407,8.34508,22.63,13.0045,19.5621,22.2248,18.6368,36.942,21.125,48.539,29.5431,38.4858,42.3082,19.5706,47.4735,9.97345,43.235,6.68892,36.1175,6.15531,29.4236,5.35573,58.3896,2.82566,69.7064,1.57725,55.8015,1.21927,38.3387,1.26239,25.6099,1.58808,17.7749,2.23641,13.6202,3.31299,12.4439,4.86096,14.923,6.39051,25.0319,6.06393,49.4789,3.52155,69.7593,1.83602,61.3931,1.27551,43.4413,1.21723,29.0305,1.4548,19.785,1.99208,14.59,2.92212,12.4916,4.33339,13.6088,5.99401,20.5677
33.8286,0.494138,0.0309682,7,127,0,-21.6933,1.38737,0.724558,0.0596214,0.0218557,0.329824,0.641376,0.0169389,0.195345,7.33475,6.37974,22.5507,25.8676,0.294553,0.32509,0.335808,0.275334,8.68859,18.5162,12.5761,15.8725,20.2798,14.9791,32.0958,16.7192,40.7166,22.6216,32.7292,31.0588,18.0329,34.1328,10.1991,30.8609,7.56188,25.666,7.58841,20.9192,9.77097,17.3664,14.8935,15.3098,24.2784,15.2392,36.4495,18.3436,39.9043,25.8014,26.909,33.1347,14.2965,33.4161,8.80935,28.9907,7.32356,23.8059,8.12278,19.4534,5.99286,47.9498,3.47999,64.0641,1.88069,55.6044,1.37061,39.7583,1.37265,27.2032,1.71819,19.2652,2.45014,15.1325,3.68647,14.3802,5.38531,18.2882,6.58656,31.7916,5.23807,55.7313,2.79095,63.4046,1.6312,50.3995,1.32953,35.123,1.44867,24.1264,1.91005,17.5324,2.79444,14.5013,4.20873,15.0005,5.92992,21.2971,6.48167,39.2163
35.6781,0.981508,0.0309682,7,127,0,-26.9729,1.14286,0.786157,0.0323156,0.0260172,0.392504,0.567538,0.0188991,0.141534,7.14767,7.7179,29.5245,24.2825,0.321966,0.330877,0.297956,0.440493,9.61933,23.2753,15.1657,19.7464,25.5165,19.4165,40.2194,24.3465,46.9061,38.6317,31.1762,55.9997,14.8987,57.4634,8.41815,47.8304,6.71773,37.0964,7.34767,28.526,10.153,22.6395,16.2412,19.4932,27.3339,19.6975,42.0783,25.6429,45.9837,41.244,28.4154,57.2997,13.5603,56.5132,7.99996,46.3255,6.68636,35.792,7.58533,27.5765,7.31006,41.5412,4.43675,54.4642,2.44802,49.3031,1.74061,37.2026,1.67507,26.7115,2.02787,19.5861,2.83516,15.5694,4.23906,14.4481,6.23736,17.1075,7.89308,26.8008,6.86813,45.005,3.94874,54.7171,2.24601,47.217,1.69228,35.052,1.70973,25.152,2.13829,18.6304,3.04352,15.1422,4.56878,14.5958,6.62291,18.2166,7.96898,29.6779
34.4643,0.950265,0.0309682,7,127,0,-28.966,1.09784,0.7499,0.0591643,0.0227405,0.396339,0.553841,0.0200221,0.160301,7.2366,7.61496,14.9594,33.2503,0.281054,0.330851,0.402729,0.275948,9.86876,11.8978,15.4746,10.2527,25.503,10.3111,38.8544,13.2088,43.5305,20.9195,28.5772,29.6032,14.0532,30.0282,8.18623,24.973,6.62773,19.3986,7.24108,14.9485,9.88009,11.8909,15.4968,10.2501,25.5393,10.3145,38.8902,13.2235,43.5127,20.9485,28.5228,29.6184,14.0254,30.0182,8.17717,24.9561,6.62676,19.3837,7.24557,14.9375,5.69664,58.119,2.81913,64.9196,1.55258,52.0059,1.20064,36.9961,1.25499,25.7809,1.61542,18.5701,2.35841,14.5869,3.6497,13.4546,5.57418,16.0789,7.42605,26.5527,6.71867,49.9164,3.63465,65.8067,1.83854,57.3099,1.26187,41.8085,1.20183,29.137,1.4553,20.6376,2.05162,15.6272,3.13486,13.5059,4.85655,14.6005,6.92201,21.6259
23.4211,0.749968,0.0309682,7,127,0,-18.5974,1.56173,0.620195,0.0456078,0.0209063,0.262199,0.676787,0.0145136,0.128985,6.59456,9.84643,32.3126,25.215,0.378579,0.375984,0.484546,0.481185,8.06265,27.5881,11.8156,24.435,19.1029,23.4089,30.2055,25.6782,38.6254,32.9312,32.3193,43.2356,18.5953,48.0166,10.3601,45.2183,7.15076,39.3366,6.51497,33.3421,7.6414,28.3667,10.8848,24.8867,17.409,23.3976,27.976,24.9185,37.9023,31.1645,34.6448,41.4545,20.9069,47.7993,11.425,46.1124,7.50686,40.5048,6.49436,34.4091,8.91303,44.8014,5.47236,57.7899,3.20038,50.3576,2.40514,36.3327,2.37282,24.9791,2.84319,17.6815,3.82624,13.7333,5.4292,12.5882,7.63814,14.7878,9.69035,23.236,9.27598,41.7901,5.93849,57.3161,3.40929,52.1575,2.45931,38.2281,2.34503,26.3168,2.74836,18.482,3.65389,14.1124,5.16434,12.5772,7.30623,14.2054,9.48481,21.4828
28.0633,0.999147,0.0309682,7,127,0,-18.2596,1.50759,0.576865,0.0504314,0.0185188,0.281899,0.7805,0.0158678,0.124929,5.76606,10.3761,26.1753,23.1013,0.479876,0.364465,0.465857,0.369862,7.79091,21.9286,12.5234,19.3445,21.7492,19.0176,35.2145,22.4966,41.3737,31.8974,28.0002,42.5059,13.6479,44.1167,7.46656,39.0212,5.55348,32.5245,5.65226,26.759,7.44717,22.3395,11.7851,19.5442,20.4094,18.9029,33.6647,21.8206,41.6927,30.5389,30.0566,41.6392,14.8373,44.4028,7.89014,39.7482,5.65102,33.2563,5.55984,27.3609,10.433,40.22,7.38525,57.178,4.54409,54.2228,3.36323,40.1321,3.22119,27.5215,3.74064,19.3582,4.86719,15.0855,6.64767,14.0926,8.93924,17.049,10.7308,27.1112,9.75826,46.4196,6.37278,58.5123,4.0445,50.4179,3.23862,35.9764,3.31263,24.6426,4.00915,17.7278,5.32557,14.4535,7.29344,14.4728,9.60781,19.0727,10.827,32.091
30.2876,0.869477,0.0309682,7,127,0,-16.9493,1.72257,0.855508,0.0835177,0.0301379,0.259522,0.529878,0.0140685,0.174861,6.98167,6.10232,18.8232,21.1004,0.355639,0.386559,0.308684,0.295655,9.10583,16.2169,14.158,14.6707,23.5897,14.6765,35.658,17.2006,38.2129,22.7765,25.2858,27.7286,13.4522,27.8538,8.23752,24.8773,6.72165,21.257,7.32152,18.0603,10.0788,15.6989,16.1473,14.4935,26.7465,15.041,37.9307,18.3997,35.8294,24.387,21.5367,28.234,11.569,27.2516,7.58765,23.935,6.69519,20.3624,7.80147,17.3542,6.06205,37.6685,3.54794,51.9769,1.78881,47.714,1.18808,36.0386,1.10908,25.8002,1.34419,18.7388,1.92662,14.5958,3.006,13.1127,4.68022,15,6.31669,23.3997,5.69615,41.3304,3.10373,52.4711,1.61438,45.6946,1.14508,33.9209,1.13021,24.2474,1.42271,17.7624,2.08408,14.1173,3.27402,13.1587,5.03196,15.9162,6.44784,26.0971
29.4081,0.955185,0.0309682,7,127,0,-21.6764,1.5566,0.632629,0.0579598,0.0210791,0.2597,0.676974,0.0118406,0.158611,6.63925,7.93575,22.6086,31.119,0.271019,0.249815,0.292578,0.319056,9.4506,19.1317,15.8246,17.0578,28.3402,16.9642,46.6119,20.3557,53.9617,29.2044,34.806,38.7446,16.1881,39.922,8.54535,35.3672,6.15821,29.6666,6.09509,24.5595,7.8698,20.5333,12.3762,17.7905,21.8136,16.6948,38.2185,18.2538,53.9114,24.5714,45.4193,35.167,22.9642,40.4718,11.0017,37.745,6.84519,32.2054,5.90354,26.7306,6.29521,50.6381,3.69458,56.2409,2.3481,45.3679,1.96006,32.1599,2.09095,22.409,2.62895,16.4665,3.62144,13.646,5.13481,13.7921,6.96412,18.2975,7.93614,31.0811,6.30094,50.604,3.69886,56.2515,2.34969,45.3968,1.96024,32.1846,2.09024,22.4252,2.62737,16.4755,3.61883,13.6489,5.13114,13.7881,6.96051,18.2811,7.9365,31.0432
33.6656,0.993607,0.0309682,7,127,0,-25.6364,1.04519,0.554161,0.0246224,0.0179296,0.415723,0.784564,0.0187777,0.225937,6.97494,6.09884,31.6615,27.2094,0.311016,0.354181,0.342953,0.297588,10.0174,24.4073,16.5001,20.5152,28.6034,20.4606,46.1755,27.1437,54.1039,47.742,33.4732,73.9338,14.4491,74.6891,7.75069,59.9505,6.10127,44.8482,6.68504,33.2721,9.29783,25.4152,15.0451,20.9437,26.032,20.1212,43.0874,25.2349,54.7706,42.9858,38.0184,70.7471,16.6303,76.312,8.3987,62.7481,6.19484,47.2339,6.4527,34.9942,5.47037,47.7588,3.49913,60.204,2.1926,51.2186,1.74793,36.046,1.78322,24.3425,2.1515,17.2221,2.85066,13.7375,3.91007,13.3646,5.22141,17.0837,6.12709,28.6478,5.32198,49.5854,3.3441,60.1436,2.12687,49.9235,1.7357,34.8496,1.80253,23.558,2.19829,16.7917,2.92779,13.5821,4.01729,13.4932,5.33183,17.6956,6.14137,30.1748
28.8739,0.96001,0.0309682,7,127,0,-24.5812,0.969652,0.789403,0.0404835,0.0259064,0.487854,0.593047,0.023365,0.108723,8.16276,11.0948,22.0808,22.8956,0.425789,0.311298,0.257307,0.322485,9.90105,16.6672,14.2851,13.4915,22.3983,12.6094,34.2983,14.9425,42.9294,23.1019,34.0322,36.188,18.1348,40.4361,10.3751,34.1108,8.15421,25.8221,8.70576,19.2199,11.5984,14.8839,17.6105,12.7612,27.7425,13.2,39.7473,17.9002,41.1497,29.3628,25.7881,40.0053,13.4565,38.1411,8.86968,30.0724,8.13523,22.4035,9.76168,16.8783,10.6004,43.4458,5.88016,59.1861,2.97453,51.5998,2.07837,37.1082,2.05193,25.5282,2.59027,18.0649,3.78925,14.0224,5.91947,13.0096,9.04673,16.1119,11.5649,27.9408,9.27591,50.5849,4.66984,58.7801,2.5557,47.1089,2.00324,33.0707,2.15904,22.8014,2.88035,16.4806,4.33611,13.3765,6.80102,13.4087,10.0612,18.5015,11.5121,34.3531
32.4999,0.915175,0.0309682,7,255,0,-22.0366,0.682508,0.788015,0.0244404,0.0243994,0.641435,0.589154,0.0309016,0.142339,8.07,8.52257,16.7959,22.8246,0.468583,0.360158,0.338818,0.328604,11.3222,11.8646,17.3118,9.6414,27.1165,9.97662,40.1872,14.8128,46.8666,31.2505,30.8938,57.5697,13.8713,58.5475,7.93586,42.3559,6.73143,27.7759,7.66907,18.1859,10.4877,12.6084,15.8439,9.89386,24.823,9.66182,37.5477,13.2467,47.0785,26.571,35.3507,53.3409,16.1943,60.6673,8.58507,45.7536,6.76718,30.2833,7.34046,19.7353,8.45385,44.835,4.68697,64.1246,2.26437,56.7395,1.5174,40.7056,1.46116,27.7622,1.82369,19.3643,2.66483,14.6875,4.19941,13.1529,6.57394,15.5693,8.88817,26.3733,7.77089,50.8529,3.93933,64.4572,2.00249,53.2491,1.46292,37.4382,1.50667,25.5292,1.96304,18.0382,2.93621,14.0786,4.65656,13.2718,7.17072,16.9719,9.07316,30.7443
32.4688,0.980266,0.0309682,6,127,0,-26.2367,1.05542,0.665117,0.0265307,0.0204463,0.371593,0.676558,0.0199994,0.137067,8.07643,9.15789,29.94,25.2735,0.53324,0.343218,0.265606,0.30804,11.2678,24.9577,17.3038,22.7747,26.897,24.3001,37.2688,32.0018,37.6263,47.962,24.4531,62.1922,13.1566,61.7286,8.25494,52.306,6.82404,41.7787,7.30038,33.0922,9.51683,26.9136,14.1152,23.3955,22.0863,23.0287,32.9234,27.4775,39.5236,39.8173,31.2423,57.1258,17.4286,63.6927,9.90102,57.1011,7.1914,46.4678,6.87901,36.7766,8.75882,45.8499,5.44191,62.3223,3.07245,55.5468,2.24482,40.1529,2.20306,27.5077,2.67111,19.4217,3.66931,15.1447,5.31968,14.1417,7.57006,17.3151,9.38164,28.6392,8.18417,50.7774,4.78346,62.6283,2.80182,52.4339,2.18685,37.1271,2.26122,25.4472,2.83307,18.2377,3.95791,14.6623,5.75395,14.3873,8.05616,18.8106,9.46091,32.5974
31.7731,0.889335,0.0309682,7,127,0,-23.7059,1.25837,1.23305,0.0491812,0.0393077,0.308846,0.359391,0.0173399,0.147835,6.80681,6.62775,21.354,32.6256,0.325369,0.315436,0.406805,0.358411,9.164,17.9565,14.0699,16.0544,22.6705,16.1165,33.9331,19.3288,38.7772,27.1951,28.2214,36.3345,15.2081,38.5636,8.73382,34.5552,6.46282,28.8307,6.29254,23.5901,7.7149,19.5116,11.1814,16.8166,17.7911,15.7881,28.1829,17.1906,38.0373,22.6054,35.1397,32.1085,21.11,38.4994,11.2909,37.0497,7.26996,31.7655,6.17582,26.1329,4.15885,52.681,1.6112,54.8695,0.764944,45.0693,0.551946,34.5369,0.579245,26.1534,0.805904,20.168,1.35696,16.4311,2.52721,15.1321,4.62843,17.7273,6.59908,29.0179,4.82114,49.7382,1.9262,55.9029,0.85343,47.1596,0.568941,36.3893,0.560101,27.5489,0.744188,21.1228,1.21686,16.9651,2.24022,15.1532,4.16726,16.7806,6.40808,25.8901
28.211,0.991171,0.0309682,8,255,0,-24.7911,0.729538,0.384661,0.0182852,0.0111267,0.553331,1.03727,0.0297755,0.18115,7.20343,8.52376,22.9023,42.8414,0.36636,0.339319,0.329151,0.299374,10.4279,17.033,16.2944,14.4641,25.8826,15.428,38.3435,23.0527,43.4265,46.7607,27.5843,80.4955,12.2953,81.3723,6.86456,61.234,5.57816,42.1257,6.10614,28.7219,8.14123,20.3349,12.2042,15.7331,19.3249,14.336,30.3242,17.1051,42.0962,29.2037,39.6843,60.2202,20.623,85.381,9.51839,74.7735,6.10697,53.6641,5.60121,36.5668,6.90584,62.7584,4.89702,64.2081,3.80038,49.2787,3.53386,33.6028,3.80813,23.0012,4.49086,17.1887,5.53197,15.0252,6.85152,16.2997,8.15686,22.5944,8.65962,37.5004,7.44104,58.6812,5.3432,66.0513,3.98747,53.6524,3.54187,37.1901,3.69617,25.2046,4.28076,18.2906,5.23445,15.2668,6.49774,15.5998,7.85738,20.327,8.67152,32.7145
32.9751,0.93793,0.0309682,7,255,0,-20.7785,1.19572,1.14664,0.032226,0.0365927,0.357123,0.440241,0.0201552,0.138059,7.68141,7.23078,32.9376,18.6129,0.329631,0.374491,0.318632,0.315964,9.6694,27.3577,14.0292,24.1913,21.514,24.0853,30.9073,28.6002,34.6719,39.498,25.9853,51.7836,15.0384,54.3941,9.3785,48.2672,7.49446,39.8517,7.76792,32.4207,9.91516,27.0166,14.4977,24.0593,22.2302,24.2441,31.5552,29.2186,34.4162,40.5644,25.017,52.4254,14.3992,54.1362,9.12467,47.6246,7.44859,39.2106,7.86557,31.9165,8.55691,38.0026,4.16176,60.466,1.47541,55.3617,0.792675,41.2216,0.694195,29.2991,0.880223,20.9637,1.42781,15.743,2.66456,13.3009,5.12369,14.4195,8.34939,23.7173,7.2354,48.8184,2.75116,61.1723,1.09628,50.0723,0.715601,36.2837,0.732345,25.7368,1.03326,18.6494,1.78859,14.487,3.42605,13.1901,6.39519,16.486,8.81731,31.5737
32.3482,0.985622,0.0309682,7,127,0,-26.8245,1.21873,1.04368,0.0222624,0.0350835,0.338595,0.455597,0.0153864,0.126628,7.3956,7.63749,42.7874,20.7432,0.30102,0.342434,0.320955,0.297881,10.6043,34.9063,17.4129,30.6818,29.9021,31.2122,46.7096,40.1094,51.5423,62.8839,32.0103,86.7544,14.941,87.3165,8.32453,73.7483,6.46727,58.6823,6.84664,46.229,9.21221,37.1746,14.5831,31.6622,24.9646,30.3544,41.1326,35.7854,52.8943,53.6725,39.8705,80.7039,19.2712,89.6202,9.79056,78.8959,6.7835,63.5668,6.51398,50.0616,8.08432,37.4199,4.45581,53.3077,1.98695,49.5661,1.20863,38.0687,1.08959,27.7956,1.33833,20.4756,2.02098,15.969,3.41174,14.1485,5.7974,15.9058,8.28844,24.9547,7.09679,44.3407,3.36483,53.9608,1.61014,45.9271,1.12116,34.3577,1.13315,25.0313,1.50722,18.6817,2.38648,15.0547,4.09172,14.2343,6.74364,17.7985,8.49308,30.589
32.3344,0.740479,0.0309682,7,255,0,-13.4102,1.10075,0.961069,0.0192405,0.0288686,0.388773,0.472338,0.0219845,0.125213,7.48187,8.89336,48.0575,27.3607,0.314669,0.295029,0.297081,0.291885,9.7748,39.2345,14.5517,34.5621,22.618,35.0358,32.452,43.5837,35.3548,63.791,24.8701,85.2583,13.7205,87.3982,8.54904,74.983,7.02389,60.0438,7.53788,47.615,9.9167,38.9559,14.8169,34.4679,23.0191,35.1997,32.798,44.1798,35.1558,64.8183,24.316,85.7955,13.3966,87.071,8.43108,74.3588,7.00968,59.4643,7.59696,47.1791,7.65089,51.0534,3.57437,63.5965,1.66553,53.832,1.1326,39.677,1.11875,28.3779,1.4521,20.7057,2.24505,16.1755,3.79385,14.5762,6.37048,16.9984,8.95446,28.1249,7.48035,52.0997,3.44347,63.5069,1.62449,53.2232,1.1241,39.12,1.12582,27.9786,1.47503,20.4516,2.2931,16.046,3.88238,14.5813,6.49876,17.242,9.00729,28.9192
33.7192,0.967228,0.0309682,7,127,0,-24.6904,0.985107,0.807799,0.0185493,0.0244641,0.417498,0.56056,0.0199239,0.134014,7.93121,8.56186,36.8473,24.0379,0.338064,0.264666,0.323905,0.324532,11.5687,29.3434,18.6772,25.938,30.7194,27.7073,45.2282,39.0404,46.5357,66.809,27.2809,93.0858,12.8757,89.6783,7.66381,71.7644,6.41691,54.1652,7.17704,40.7335,9.88325,31.6819,15.4974,26.7096,25.6003,26.2661,40.1303,33.169,49.0125,54.5455,35.2726,86.2083,16.8766,93.9328,8.94513,78.9062,6.60247,60.3472,6.68678,45.2386,8.45413,45.1582,4.80797,63.4068,2.37387,57.1238,1.58167,42.0206,1.49488,29.3249,1.83047,20.8248,2.63615,15.9379,4.11712,14.1785,6.42757,16.2682,8.78882,26.0555,8.07928,48.5933,4.34913,63.8544,2.20064,55.2133,1.54065,40.0911,1.51649,27.9506,1.90766,19.9786,2.78961,15.5231,4.37887,14.1948,6.78195,16.9898,8.95846,28.3436
35.0308,0.947936,0.0309682,7,127,0,-26.0159,1.16944,0.695239,0.0280964,0.0218744,0.361072,0.608554,0.0168274,0.167237,7.20052,6.80584,32.2987,26.2663,0.263346,0.327808,0.35154,0.273553,10.2937,25.9838,16.8699,22.6163,28.9419,22.9717,45.3005,29.8911,50.1185,48.1382,30.8109,67.5522,14.218,67.5499,7.96903,56.1845,6.30678,43.9814,6.82197,34.1442,9.34552,27.1741,14.9545,23.1056,25.6308,22.4649,41.6749,27.4606,51.3926,42.9881,36.0603,64.5159,16.8828,69.115,8.83168,59.0811,6.45672,46.6072,6.54349,36.1406,6.36228,44.635,4.01012,58.2249,2.3196,52.8285,1.68534,39.7533,1.61406,28.3409,1.90661,20.6016,2.56915,16.2059,3.68917,14.7784,5.26978,16.9248,6.75144,25.4279,6.46822,43.3728,4.15527,57.9588,2.38765,53.5348,1.70452,40.5597,1.60721,28.941,1.8785,20.9766,2.51595,16.3905,3.60536,14.7771,5.16407,16.6511,6.69009,24.631
33.2804,0.966931,0.0309682,7,127,0,-26.9007,1.02149,0.767849,0.0201483,0.0241881,0.45085,0.577724,0.0239173,0.153444,6.46373,8.05845,44.5655,25.0221,0.276699,0.314275,0.26851,0.334931,8.223,33.7088,12.439,27.3292,20.4505,25.5693,32.7543,30.5852,42.0925,48.8006,32.2374,78.8658,15.7813,87.9354,8.43872,73.6699,6.38799,55.6824,6.72788,41.3431,9.02429,31.6612,14.0668,26.4054,23.2554,26.0393,36.0621,33.6441,41.7157,56.2408,27.4642,84.3614,13.0971,85.5639,7.58816,68.9327,6.29296,51.5751,7.11444,38.43,7.312,48.3392,3.84515,63.7819,1.92299,54.3387,1.34701,38.7871,1.32856,26.5934,1.66885,18.6962,2.42882,14.2764,3.79536,12.7977,5.9019,14.9822,8.04181,24.8168,7.34851,48.0091,3.88267,63.7698,1.93626,54.5308,1.34993,38.9678,1.32651,26.7183,1.66227,18.7718,2.41601,14.3133,3.77363,12.7972,5.87193,14.9212,8.0247,24.6139
36.967,0.967753,0.0309682,6,63,0,-29.3158,1.07529,0.731263,0.0249874,0.0228762,0.384457,0.634061,0.0196173,0.161151,7.15736,7.47442,31.8108,22.7678,0.29839,0.314007,0.24756,0.31986,10.3046,25.6,16.6629,22.5571,27.7416,23.5427,41.6139,31.7191,44.0019,51.8551,26.6654,71.7094,12.6808,70.5525,7.40117,57.9305,6.03406,44.8164,6.61275,34.4475,9.02512,27.2455,14.1847,23.1596,23.6582,22.6664,37.4344,27.9906,45.7687,44.2056,32.9788,67.2762,15.9571,72.9606,8.48183,62.3268,6.21624,48.7627,6.24738,37.4089,7.54396,42.4453,4.62856,61.075,2.42824,55.8187,1.67037,40.6554,1.59801,27.8839,1.94504,19.5722,2.73761,15.0374,4.11847,13.736,6.11572,16.5151,7.85409,27.4816,6.81316,50.0154,3.7458,61.8116,2.0815,51.2792,1.5955,36.2121,1.66356,24.8355,2.13852,17.7953,3.09734,14.2855,4.68535,14.0583,6.777,18.7365,7.94128,33.5769
30.0616,0.970775,0.0309682,7,127,0,-25.1253,1.10471,0.493721,0.0270639,0.0158804,0.374529,0.898899,0.0218967,0.142378,7.03755,10.4241,33.5358,22.3041,0.346461,0.350156,0.433337,0.449255,9.35832,27.4945,14.1089,24.3136,22.1492,24.7104,32.0688,30.8057,35.1977,45.3252,24.715,61.1119,13.4087,63.1109,8.14677,54.4395,6.5202,43.7576,6.84091,34.7244,8.85915,28.2583,13.1644,24.6047,20.6724,24.3491,30.6401,29.3372,35.6652,42.5625,26.834,59.3235,14.7578,63.7704,8.66064,56.0877,6.62423,45.3655,6.68422,35.9769,10.4414,41.6872,7.37492,61.6786,4.54422,57.4285,3.41221,40.5129,3.31135,26.3761,3.84731,17.7518,4.94489,13.4195,6.62935,12.364,8.79232,15.0341,10.6432,24.7425,10.0839,45.942,6.77017,62.8351,4.24308,54.7784,3.33826,37.691,3.36306,24.5165,3.99609,16.7388,5.19306,13.0152,6.97693,12.5132,9.17519,16.0532,10.789,27.5718
31.3682,0.877662,0.0309682,7,127,0,-15.0285,1.24958,0.626108,0.0854922,0.021723,0.347263,0.666048,0.0177628,0.195168,7.10585,6.43569,13.2262,32.976,0.27406,0.29486,0.334143,0.370288,8.95522,10.7453,13.4062,9.217,21.821,8.84456,34.2195,10.2462,42.3369,14.5603,32.6712,20.5572,17.377,22.4723,9.69473,19.9796,7.16471,16.3172,7.15867,13.056,9.13366,10.6282,13.7766,9.15987,22.4613,8.86848,34.9645,10.4083,42.3118,14.9104,31.6892,20.8298,16.7073,22.4135,9.44203,19.7726,7.10753,16.1072,7.218,12.8887,4.73404,51.9471,2.68747,54.1965,1.74492,42.2357,1.50405,29.562,1.64411,20.5424,2.09951,15.1262,2.91968,12.5986,4.16574,12.8335,5.67881,17.2292,6.49638,29.7895,5.13306,49.3863,2.95808,55.2746,1.84158,44.5723,1.5135,31.4927,1.59821,21.8024,1.99839,15.8276,2.75089,12.843,3.92458,12.5671,5.42831,16.046,6.48418,26.8897
28.9795,0.972817,0.0309682,7,127,0,-23.5725,1.39321,1.2595,0.0239414,0.0351565,0.302262,0.425271,0.0149282,0.119813,6.54819,7.84443,49.6765,19.8406,0.352326,0.331574,0.327688,0.343191,8.95425,41.1042,14.4388,35.9988,25.0027,35.4502,40.3852,42.59,47.6077,62.2508,32.1369,85.1948,15.453,88.6998,8.3789,77.6134,6.2208,63.7326,6.33155,51.619,8.32262,42.4518,13.0982,36.6538,22.5749,35.1049,37.4876,40.4345,47.9772,57.6536,35.9959,81.9865,17.7415,89.6115,9.18748,80.1273,6.41184,66.2478,6.1767,53.6652,10.2137,40.6923,4.9301,68.596,1.57916,63.4519,0.794206,47.253,0.683519,33.6212,0.883658,24.0635,1.49964,18.0393,2.97346,15.2286,6.07426,16.7821,10.0371,29.2265,7.5174,60.2105,2.45059,68.5845,0.982516,53.9009,0.686368,38.7257,0.763807,27.5289,1.17646,20.1256,2.218,15.9775,4.55935,15.4032,8.61385,21.9181,9.72688,46.6757
24.5341,0.997177,0.0309682,7,127,0,-16.9201,1.2714,1.18416,0.0199881,0.0339119,0.338752,0.457211,0.0166304,0.157336,7.05045,5.83607,52.2696,15.5624,0.268186,0.248712,0.625625,0.531358,9.79705,42.7052,15.804,37.4374,26.8882,37.7493,41.7346,47.6109,45.9096,72.5151,28.954,97.9061,13.9528,98.2161,8.02473,83.2835,6.41175,66.6713,6.95889,52.9653,9.5591,43.1593,15.3214,37.6159,26.0705,37.5218,40.9243,46.6337,46.3481,70.6901,30.1436,97.0212,14.5441,98.813,8.21961,84.2988,6.43866,67.5974,6.87425,53.6749,8.98812,32.8815,5.09439,69.3503,1.42071,69.0021,0.610398,50.4075,0.478589,34.6213,0.58864,23.7696,0.9743,16.9342,1.92272,13.3224,4.05581,13.2202,7.71244,20.881,8.05755,51.164,2.73699,74.3354,0.872369,60.214,0.507614,42.1579,0.505079,28.8164,0.729187,20.0338,1.33175,14.8105,2.75378,12.7348,5.70182,15.3172,8.9605,31.7934
33.1228,0.909678,0.0309682,7,127,0,-18.1082,1.73633,0.928482,0.070349,0.0289461,0.237796,0.498521,0.0123104,0.200135,7.01645,6.01124,22.1101,26.727,0.329225,0.267286,0.22695,0.431012,9.35713,19.2337,14.6997,17.5144,24.657,17.4999,37.8294,20.2765,41.9909,26.6123,28.8413,32.8138,15.2723,33.6885,8.90751,30.6337,6.76659,26.5198,6.82789,22.6898,8.7899,19.6496,13.5101,17.7063,22.6099,17.3433,35.7338,19.5499,42.6489,25.362,31.6446,32.0739,17.0293,33.9133,9.60035,31.2846,6.94541,27.2189,6.69143,23.2925,4.96056,52.0829,2.18378,63.5182,1.0125,51.8977,0.709923,37.1648,0.727663,25.9681,0.97398,18.6246,1.53789,14.4484,2.62895,13.1719,4.42053,16.0261,6.08141,28.4839,4.69652,54.3091,2.01418,63.0728,0.963572,50.5201,0.701695,35.9962,0.740029,25.1642,1.00913,18.1314,1.61017,14.2132,2.76062,13.2199,4.60459,16.6164,6.12333,30.3868
34.3742,0.994086,0.0309682,6,63,0,-30.314,1.58935,0.898554,0.0575321,0.0303303,0.259894,0.486711,0.0130986,0.175279,6.98039,5.68667,23.5584,26.2576,0.327624,0.266112,0.241792,0.401536,9.771,20.2176,15.9148,18.36,27.2381,18.6658,41.6061,22.637,43.9548,31.3156,27.6914,38.9774,13.8917,39.0652,8.09976,34.5693,6.34141,29.2184,6.65987,24.4867,8.90844,20.8581,14.128,18.6256,24.182,18.3448,38.6418,21.3128,45.4515,29.0803,31.8849,37.8456,16.1884,39.6301,8.93572,35.7521,6.52438,30.4047,6.43379,25.4721,4.95527,42.6359,2.79509,51.5638,1.53451,45.5564,1.10997,35.0205,1.08791,25.9843,1.34605,19.6868,1.93556,16.0406,2.98795,15.0626,4.51401,17.7828,5.72358,27.2823,4.80509,43.8246,2.65985,51.5303,1.48146,44.807,1.09745,34.263,1.0976,25.4186,1.37721,19.326,1.99633,15.8715,3.08782,15.1141,4.63435,18.2055,5.74705,28.3583
35.7234,0.443431,0.0309682,7,127,0,-22.8163,1.18415,0.580609,0.0369251,0.0189032,0.347099,0.769486,0.0178643,0.208247,7.46093,6.28895,26.9099,22.7031,0.27822,0.257472,0.376984,0.381676,9.91832,22.1392,15.1383,19.4723,24.3483,19.4546,36.5018,23.6691,41.6841,34.3998,29.8539,46.9813,15.843,49.4394,9.21177,43.2933,7.06694,35.2304,7.19534,28.2044,9.19033,23.0049,13.7036,19.8557,21.9783,19.176,33.9246,22.2615,41.9782,31.5262,33.3667,44.8102,18.2509,49.9052,10.148,44.9657,7.2982,36.9462,7.0141,29.5867,6.28747,40.4484,4.34123,57.7473,2.61013,54.1096,1.91744,39.5897,1.84029,26.9115,2.15029,18.7743,2.82093,14.4984,3.89163,13.4147,5.30028,16.1261,6.4689,25.8171,5.96242,45.4481,3.84988,58.8536,2.37352,51.0757,1.85833,36.3109,1.88025,24.6511,2.27106,17.4877,3.03007,13.9739,4.19309,13.6381,5.62982,17.5499,6.55597,29.549
38.5526,0.99628,0.0309682,7,127,0,-33.2837,1.16693,0.742235,0.0557248,0.0227508,0.382173,0.60702,0.0186408,0.162563,6.51841,7.42571,17.3411,25.359,0.310872,0.315683,0.322319,0.310172,8.90323,13.6134,14.3263,11.4651,24.7508,11.1567,40.3301,13.9049,48.6057,22.4254,32.1926,33.4864,14.6712,34.709,7.90501,28.8849,6.11363,22.3586,6.58391,17.1242,9.08261,13.4728,14.6984,11.4033,25.4109,11.2028,41.0886,14.1607,48.3743,22.9989,31.1074,33.8249,14.14,34.5186,7.74088,28.5564,6.09265,22.0701,6.65391,16.9111,6.99694,46.8873,4.03085,63.0071,2.13126,55.3505,1.512,40.1059,1.48064,27.7186,1.82827,19.6683,2.59733,15.2582,3.93474,14.0177,5.87693,16.8519,7.58581,27.9025,6.60737,50.6804,3.61803,63.1458,1.97442,53.0418,1.47828,37.8957,1.51072,26.1916,1.91723,18.7629,2.76412,14.8564,4.202,14.1363,6.2038,17.8649,7.67508,30.799
35.8832,0.918215,0.0309682,6,127,0,-32.0782,1.20032,0.8511,0.0481455,0.0263927,0.337608,0.54613,0.0168408,0.144807,7.69521,8.98919,20.6382,26.4331,0.304261,0.321418,0.365276,0.304095,10.3686,17.0884,15.9619,15.1415,25.7607,15.2526,38.4508,18.6921,43.22,27.1499,30.366,36.654,16.0179,38.2508,9.33391,33.4822,7.17432,27.3371,7.30548,21.9764,9.32666,17.9845,13.9132,15.5358,22.3759,14.9512,34.7775,17.2026,43.6459,24.1339,35.3585,34.3737,19.4573,38.7078,10.6811,35.2128,7.52077,29.1325,7.07576,23.4376,7.44163,54.1267,3.26785,66.7649,1.52789,53.3421,1.09334,37.0401,1.1397,25.1123,1.53285,17.57,2.40065,13.4324,4.03354,12.2566,6.65758,15.2274,9.09078,28.2358,7.05974,56.5368,3.0221,66.2421,1.45859,51.8423,1.08296,35.8168,1.15947,24.3016,1.5859,17.0902,2.50655,13.2126,4.22147,12.3112,6.9166,15.813,9.15418,30.1926
33.1239,0.992602,0.0309682,7,127,0,-28.2059,0.857029,1.16713,0.0319986,0.0369794,0.514538,0.439248,0.0270724,0.187254,7.10794,6.12159,19.0838,20.1043,0.3437,0.254898,0.384922,0.317063,9.88768,14.288,15.4096,11.9379,24.8815,12.1913,37.431,16.9212,42.2734,30.9682,27.104,48.8782,12.6906,48.8619,7.40818,37.8022,6.22989,27.0249,7.05798,19.263,9.7743,14.3911,15.1993,11.9726,24.5467,12.1369,37.0863,16.6807,42.4266,30.4066,27.6607,48.5583,12.9543,49.0994,7.48539,38.1463,6.23206,27.2969,7.00954,19.4447,6.25101,45.4222,2.34141,64.7398,0.797894,54.1048,0.462084,38.9214,0.442493,27.2209,0.607891,19.2966,1.05554,14.4452,2.08508,12.3358,4.18267,14.0182,6.78736,25.6579,5.0155,55.238,1.60099,63.2285,0.631745,49.1261,0.434608,34.7988,0.473428,24.3521,0.708887,17.4671,1.29587,13.4783,2.60914,12.3296,5.07575,16.0328,6.95788,33.6098
35.737,0.966087,0.0309682,7,255,0,-27.3996,1.32664,0.669621,0.0403021,0.0207464,0.308201,0.640648,0.0172711,0.179957,7.03015,6.67097,28.1627,28.2383,0.411432,0.375031,0.302327,0.31878,9.35924,23.7675,14.3195,21.3262,23.0086,21.5067,33.972,25.8744,37.461,35.9801,26.2845,46.5101,14.2425,48.072,8.5135,42.6619,6.62904,35.5924,6.7869,29.2932,8.69479,24.5342,13.0087,21.6503,20.8772,21.1929,31.833,24.5085,38.0335,33.4866,29.2687,44.8771,16.2094,48.5316,9.29387,44.0585,6.82087,37.0459,6.61644,30.4919,5.95451,48.2064,3.6401,60.3204,2.15197,52.5399,1.63496,38.5281,1.62845,27.0753,1.97267,19.6268,2.68767,15.6337,3.8529,14.7333,5.41771,17.8143,6.67341,28.3079,5.94584,48.2977,3.6308,60.324,2.148,52.4813,1.63403,38.4694,1.62923,27.034,1.97495,19.6022,2.69175,15.6229,3.85907,14.7368,5.42486,17.8406,6.6758,28.3777
37.1199,0.895745,0.0309682,7,127,0,-27.9576,1.60767,0.586842,0.0656772,0.0183137,0.255233,0.75921,0.0127014,0.160101,6.4621,8.61622,21.0833,24.7384,0.350233,0.268143,0.319054,0.306735,8.99933,17.9738,14.7763,16.1218,25.9457,16.0685,41.7018,19.1139,47.3348,26.6849,30.9049,34.476,14.9705,35.3615,8.20411,31.5098,6.06629,26.6462,6.10266,22.2616,7.95046,18.816,12.5164,16.5386,21.8051,15.8344,36.8376,17.7224,48.1146,23.9159,37.2162,32.6322,18.7842,35.8239,9.60519,32.9327,6.43624,28.1392,5.90854,23.5313,8.20399,46.6041,5.16256,64.3096,2.97955,56.4038,2.22733,39.5123,2.21258,26.1978,2.67292,18.0219,3.60892,13.851,5.10407,12.9197,7.09986,15.9937,8.75681,27.0889,7.85767,50.2701,4.74006,64.6157,2.80326,54.0516,2.19049,37.2762,2.25125,24.7285,2.77634,17.2049,3.78744,13.5223,5.36636,13.0668,7.39695,16.9425,8.84135,29.7403
36.4514,0.958982,0.0309682,7,127,0,-30.7551,1.10922,0.883398,0.045333,0.0264769,0.363956,0.519974,0.0190362,0.203849,7.53503,5.84918,19.3794,26.3333,0.262462,0.321381,0.341648,0.352579,10.3301,15.9063,15.9672,14.1191,25.572,14.4734,37.4896,18.3586,40.8964,27.622,27.74,37.5313,14.4652,38.5043,8.56914,33.0081,6.76562,26.4302,7.05579,20.892,9.14137,16.885,13.6918,14.5122,21.9079,14.0582,33.6875,16.5313,41.7038,23.9656,33.1799,34.9204,18.0026,39.2358,9.91115,35.1534,7.08141,28.5611,6.76871,22.5774,5.18423,51.3925,2.47356,66.1554,1.15744,55.5353,0.79422,39.924,0.791629,27.7817,1.02866,19.8,1.57535,15.2502,2.61407,13.7545,4.29617,16.3709,5.94222,28.1345,4.93303,54.0065,2.27438,65.9228,1.09555,53.9929,0.782332,38.5568,0.804038,26.8354,1.06591,19.2201,1.65095,14.97,2.74895,13.7899,4.48435,16.9771,6.00756,30.1061
35.7482,0.979797,0.0309682,7,127,0,-31.6796,1.56732,0.674072,0.0366924,0.0197582,0.2591,0.666928,0.0139896,0.13921,6.47095,9.04686,36.9432,25.6025,0.339683,0.269055,0.27962,0.271663,8.86437,31.6574,14.1819,28.5798,24.079,28.6514,37.3428,33.9847,41.6557,46.562,28.0015,59.2742,14.2786,60.921,8.11401,54.6059,6.09582,46.4008,6.13162,38.932,7.88894,33.0672,12.1405,29.2483,20.4966,28.1972,33.3804,31.6123,42.3991,42.0672,33.2037,56.2798,17.6046,61.6164,9.39933,56.9485,6.44345,48.9061,5.94664,41.0739,8.78641,47.6295,5.39014,66.3994,2.94647,59.4702,2.10284,42.8299,2.04302,29.1495,2.47622,20.3817,3.42307,15.6687,5.0209,14.3558,7.275,17.2426,9.26925,28.4338,8.32692,52.1419,4.82394,66.8976,2.71534,56.7348,2.05086,40.1296,2.08448,27.3036,2.59955,19.3092,3.64787,15.2034,5.3691,14.495,7.69051,18.3926,9.39885,31.7132
37.5906,0.76931,0.0309682,7,127,0,-30.0412,1.30342,0.708896,0.0517741,0.0222044,0.311712,0.637842,0.0161037,0.122276,7.54408,10.0139,20.3142,24.4354,0.292122,0.296975,0.264743,0.304691,10.5954,17.1556,16.8441,15.5837,27.5536,16.2144,39.9907,20.5309,40.8652,29.5954,25.8031,37.4134,13.3528,37.1247,8.11948,32.083,6.59695,26.3588,7.07302,21.4952,9.4427,17.9246,14.6045,15.8535,23.9793,15.7365,36.7774,18.7742,42.7085,26.6241,30.7028,35.8888,16.0954,37.9497,9.12404,33.7424,6.79709,27.9714,6.75608,22.7869,9.60868,44.9144,5.77052,61.368,3.12832,54.5989,2.23341,39.565,2.1796,27.2159,2.66423,19.2365,3.72698,14.925,5.53881,13.78,8.10357,16.6748,10.2839,27.5953,8.97049,49.6635,5.05411,61.6533,2.84528,51.678,2.17229,36.7359,2.23578,25.2733,2.82692,18.1013,4.02559,14.4401,6.00431,13.9686,8.64989,18.0233,10.4002,31.3145
35.747,0.991415,0.0309682,7,255,0,-31.4163,1.51947,1.29089,0.0528251,0.043672,0.278178,0.365298,0.0149056,0.1557,6.51026,6.15708,25.6539,23.9199,0.28051,0.307835,0.418472,0.343337,8.5745,21.6782,13.3954,19.2498,22.5828,18.938,35.6096,22.0935,41.6286,30.3598,29.3572,39.6953,15.1248,41.4924,8.52597,37.1766,6.37527,31.3428,6.42636,26.05,8.31336,21.9583,12.8436,19.3843,21.6121,18.8565,34.5325,21.6427,41.8443,29.492,30.7832,39.1305,16.0126,41.6543,8.86059,37.6453,6.45583,31.8287,6.35486,26.4547,5.29578,43.2102,2.17824,52.8418,0.893584,45.6341,0.556945,35.2375,0.529961,26.5434,0.70003,20.2159,1.16011,16.1337,2.18681,14.3852,4.15496,16.1407,6.31278,25.7303,4.89912,45.4986,1.9286,52.5502,0.823882,44.379,0.542228,34.0708,0.539684,25.6575,0.736441,19.6084,1.24605,15.7916,2.36851,14.3664,4.45173,16.7434,6.40771,27.743
31.0417,0.979665,0.0309682,7,127,0,-24.8857,1.13511,1.37074,0.0157971,0.0435713,0.354734,0.394114,0.0187358,0.16485,7.35054,5.58603,56.9201,17.2127,0.267358,0.316977,0.388527,0.331956,10.1374,46.8625,15.7832,41.6708,25.4692,42.7268,37.5365,54.1537,40.8789,81.3099,27.4697,110.006,14.1949,112.6,8.35889,96.6674,6.57452,77.6586,6.84632,61.6005,8.88208,49.9101,13.3622,42.9119,21.5341,41.4565,33.4122,48.4822,41.7296,69.9423,33.3278,101.897,17.984,114.825,9.79212,103.266,6.91825,84.2439,6.55705,66.8419,7.42273,36.3685,3.21291,60.9832,0.928975,55.3534,0.445294,41.3765,0.376903,29.7679,0.491323,21.507,0.860487,16.1317,1.7991,13.3888,3.954,14.1926,7.14948,24.0418,5.60999,51.854,1.66037,60.7824,0.593876,48.2607,0.384324,35.0997,0.411825,25.2133,0.632784,18.4678,1.22903,14.4089,2.68536,13.1914,5.61163,17.2797,7.41089,36.5913
32.6208,0.988734,0.0309682,7,127,0,-26.8978,0.975105,1.1841,0.0152987,0.0386833,0.431794,0.411965,0.0240552,0.165422,7.13055,6.58771,51.0461,22.1725,0.296115,0.276795,0.333095,0.394,9.46079,40.3055,14.2367,34.5979,22.4162,34.6556,33.1116,43.8562,37.9537,68.7337,27.2399,100.317,14.2998,105.968,8.39343,89.333,6.63814,69.128,6.97537,52.6929,9.06739,41.3388,13.4934,35.0126,21.2322,34.267,31.8592,42.0372,38.1668,64.818,29.0728,97.3777,15.4781,106.92,8.82125,91.7993,6.71905,71.4362,6.8449,54.4156,6.07671,45.5068,2.35833,59.5715,0.887617,50.2384,0.53741,37.1704,0.515174,26.7822,0.693696,19.5457,1.17109,15.0208,2.24319,13.0479,4.35701,14.6741,6.90425,25.0326,5.42147,49.9384,1.94808,58.9909,0.784959,47.9264,0.51795,35.1513,0.531051,25.3242,0.749092,18.586,1.30138,14.4937,2.52165,13.0068,4.83039,15.578,7.08619,28.4653
31.2782,0.874369,0.0309682,7,127,0,-20.2258,1.34981,1.15369,0.0538775,0.0343175,0.326643,0.423382,0.0167188,0.248255,7.74082,4.50519,22.8765,25.2733,0.306879,0.271868,0.348687,0.407783,9.71341,19.0349,14.4065,16.7206,23.0148,16.3917,34.6849,19.1384,40.1064,26.306,29.5509,34.585,16.2898,36.3059,9.75693,32.2846,7.65554,26.8235,7.96656,21.986,10.4097,18.4315,15.805,16.4701,25.2707,16.6494,36.7924,20.2227,39.1602,28.1704,26.4686,35.5943,14.44,35.7919,9.06826,31.1919,7.55281,25.7575,8.27676,21.1494,3.97306,51.5076,1.53487,65.4815,0.600639,54.4839,0.378358,40.0084,0.373034,28.6746,0.509994,20.8838,0.863693,16.1197,1.64081,14.2349,3.11828,16.5652,4.71222,29.2993,3.4356,57.0215,1.23144,64.3986,0.524476,51.4096,0.365139,37.3896,0.388755,26.8102,0.560035,19.6789,0.978689,15.4896,1.87967,14.2725,3.49812,17.9676,4.77671,34.2071
31.5546,0.982382,0.0309682,7,127,0,-26.8693,1.27454,1.10216,0.0509655,0.0361913,0.314246,0.435939,0.014668,0.218428,7.91407,5.05922,19.7194,24.9782,0.302196,0.313617,0.357814,0.414248,11.3101,16.5271,18.2924,14.9144,30.5141,15.4753,45.3866,19.7777,47.3334,29.3361,29.5115,38.0687,14.6778,37.9596,8.60354,32.6332,6.81652,26.5975,7.19903,21.4801,9.54765,17.6891,14.8051,15.3757,24.7105,14.9038,39.4815,17.3666,49.4248,24.7926,37.9935,35.2896,19.6197,39.0079,10.405,35.1324,7.23899,29.0674,6.81716,23.4768,4.18909,47.5829,1.72992,57.5788,0.752814,47.7609,0.507606,35.2026,0.515717,25.373,0.705858,18.6799,1.17011,14.7285,2.13298,13.5023,3.79959,16.4948,5.20623,29.4074,3.53915,52.4276,1.37759,56.2524,0.657591,44.6677,0.492916,32.5779,0.54306,23.5168,0.78489,17.5076,1.34243,14.1734,2.46503,13.7132,4.25131,18.3234,5.13811,34.6991
33.2241,0.965084,0.0309682,7,127,0,-23.9519,1.96084,0.908114,0.0608103,0.0267668,0.228881,0.55044,0.0112073,0.158662,6.12094,7.5402,30.7855,20.2839,0.294638,0.283374,0.345166,0.28632,7.68758,26.4042,12.1172,23.3851,21.7063,22.3449,37.7466,24.6924,48.6292,32.4105,35.2691,42.0914,17.1998,44.5472,8.98183,40.7192,6.33968,35.1795,6.23888,29.9711,8.18591,25.7906,13.2882,23.0472,24.005,22.4467,40.5944,25.5798,48.1167,34.1656,31.7183,43.1395,15.1948,44.1923,8.27473,39.8245,6.18173,34.254,6.41124,29.1861,8.30694,44.0097,4.20537,70.1324,1.6779,62.0835,1.01141,43.7528,0.95434,29.3443,1.23453,20.042,1.93644,14.76,3.34554,12.7892,5.79092,15.0107,8.45056,27.2586,6.89686,57.7768,2.81668,70.1119,1.28533,54.5258,0.942266,37.2222,1.02818,24.9906,1.45772,17.4627,2.40384,13.5606,4.2108,13.034,7.01026,18.1436,8.60089,38.0124
32.2406,0.992646,0.0309682,7,127,0,-26.7024,1.94849,0.852493,0.0608178,0.025608,0.202085,0.560548,0.010276,0.185949,6.88783,5.99704,27.5998,21.8728,0.306842,0.32032,0.30245,0.522842,9.96313,24.533,16.6771,22.8914,28.9593,23.5261,43.455,27.9793,43.4796,36.4529,26.5082,42.8748,13.4004,42.6677,7.84407,38.7004,6.0545,33.8882,6.21356,29.4476,8.1547,25.857,12.8649,23.4621,22.3306,22.8545,37.0018,25.2606,46.4137,32.1097,35.3056,40.5717,18.5391,43.4884,9.83455,40.8379,6.60804,36.1969,5.93318,31.4924,6.4384,41.7151,3.79295,63.1412,1.77709,58.8273,1.12251,43.3963,1.03666,30.1102,1.27183,21.2042,1.86384,16.0964,2.98405,14.2813,4.76758,16.6045,6.52838,27.5269,5.65106,51.7587,2.81515,64.3433,1.42533,53.2163,1.04594,37.8794,1.08977,26.2468,1.4464,18.8705,2.2134,15.0228,3.58368,14.5454,5.53639,19.2967,6.65405,35.495
29.8904,0.558648,0.0309682,7,127,0,-17.4997,1.10985,0.722836,0.037775,0.0223585,0.377072,0.604625,0.0199557,0.117927,5.97777,9.64708,23.2472,28.4602,0.350088,0.362896,0.339298,0.214559,8.32574,18.3271,13.4184,15.524,23.0062,15.1776,37.3164,18.9177,45.8326,30.5965,31.664,47.0051,14.5194,50.2272,7.53964,42.3865,5.52723,32.9607,5.62795,25.2005,7.37333,19.6191,11.4573,16.1569,19.4663,14.9645,32.6689,17.1318,45.2033,25.9381,37.9477,42.6049,18.6166,50.9825,8.92402,45.2744,5.85642,35.7557,5.42724,27.3643,8.59308,47.3446,5.2297,58.4891,3.0834,51.2525,2.33762,38.1705,2.33187,27.3101,2.84538,20.1435,3.92313,16.2998,5.69428,15.5864,8.04341,19.0875,9.72145,30.2884,8.24207,49.5215,4.88742,58.4328,2.94155,49.7932,2.30685,36.7363,2.3655,26.2935,2.93888,19.538,4.09066,16.0523,5.94538,15.7343,8.31529,19.8998,9.74837,32.2565
29.7847,0.982648,0.0309682,7,127,0,-21.6839,1.16736,0.946499,0.0502255,0.0302454,0.351188,0.466529,0.0196806,0.211246,6.74569,4.90014,19.5923,27.6614,0.356827,0.377429,0.393111,0.481465,8.91442,16.0355,13.5628,14.0102,21.8405,13.8785,33.0631,16.7469,38.6383,24.3919,28.3444,33.9311,15.0387,36.2491,8.59836,31.8746,6.47663,25.9024,6.49699,20.6567,8.20921,16.7531,12.1612,14.344,19.4909,13.6965,30.3768,15.6862,38.6329,22.107,31.8774,32.0226,17.6199,36.5154,9.61681,33.2172,6.74365,27.3114,6.34105,21.7997,4.1164,47.1083,2.09799,56.4962,1.07459,48.6363,0.762227,36.7553,0.755081,26.9534,0.960952,20.1847,1.43755,16.2143,2.32766,15.0047,3.70668,17.6745,4.91257,28.0475,4.06811,47.5665,2.05948,56.4587,1.06107,48.3521,0.759244,36.4829,0.757549,26.753,0.968881,20.0561,1.45362,16.1509,2.35571,15.0149,3.74381,17.8127,4.92361,28.4407
32.7473,0.990998,0.0309682,7,127,0,-23.3165,1.18402,0.931548,0.0393739,0.0288577,0.353005,0.43604,0.018038,0.145564,6.65999,6.33578,22.7989,41.7672,0.359509,0.24905,0.349126,0.342596,9.71584,18.4976,16.1211,16.3002,27.7342,16.8607,42.7818,22.4127,45.2857,36.1567,26.5647,49.2355,12.2222,48.218,6.98422,39.9258,5.63575,31.3196,6.18623,24.4201,8.56451,19.5347,13.8087,16.6999,23.778,16.3281,38.6593,20.064,47.2311,31.4216,32.623,46.7337,15.1706,49.7382,7.9316,42.538,5.79277,33.6711,5.85897,26.2111,3.74077,56.8442,1.84424,54.1675,1.14368,43.1137,0.981593,32.4031,1.1067,24.3153,1.5142,18.9512,2.3316,16.1127,3.74873,16.0859,5.68812,20.621,6.74966,33.875,4.86567,52.6974,2.41814,57.0272,1.33155,47.785,1.00563,36.4195,1.02602,27.213,1.31148,20.7875,1.94302,16.9462,3.10046,15.697,4.89203,18.0375,6.60694,27.2666
33.1173,0.984538,0.0309682,7,127,0,-27.44,1.24561,0.838757,0.0374024,0.0256329,0.333813,0.458655,0.0162955,0.155194,7.1262,5.44585,27.7957,51.4836,0.322923,0.282288,0.359044,0.381948,9.68299,22.7566,15.2721,19.8687,25.5809,19.7043,39.9689,24.0351,46.5612,35.7201,32.1809,49.6642,16.0061,52.0239,8.89979,45.1961,6.70616,36.6044,6.84428,29.2021,8.898,23.7078,13.6688,20.3116,22.795,19.441,36.735,22.5144,46.8572,32.4432,36.5523,47.2055,18.7815,52.6235,9.91145,47.0672,6.94856,38.479,6.65424,30.7062,2.83065,61.3417,1.47316,53.2388,1.02483,40.558,0.9682,29.8203,1.15795,22.1629,1.62422,17.3125,2.49763,14.9725,3.93979,15.4736,5.8078,20.8219,6.67539,35.7253,4.69359,56.3111,2.3241,60.344,1.29175,49.8028,0.981318,37.3408,0.996433,27.4314,1.25363,20.5807,1.81458,16.4289,2.82948,14.7865,4.4324,16.2983,6.25051,23.7198
31.393,0.81118,0.0309682,7,127,0,-22.9562,1.08007,1.0559,0.0328981,0.0297595,0.406476,0.413781,0.0204636,0.175643,7.27035,6.54039,28.4481,42.3714,0.265759,0.298979,0.412272,0.378868,9.34445,22.3749,14.071,18.8307,22.761,18.1392,35.2998,21.8058,43.1662,33.1575,32.4469,49.362,16.7397,53.7529,9.36314,46.1708,7.12438,36.1977,7.36107,27.8651,9.61211,21.9947,14.6067,18.6597,23.6626,18.2396,36.3198,22.3872,43.0551,34.4548,31.014,50.3383,15.8424,53.4365,9.04721,45.3657,7.06811,35.4431,7.46429,27.2985,3.40459,69.2122,1.22058,66.3307,0.610125,50.8914,0.479217,36.8876,0.540425,26.6101,0.785802,19.7016,1.34448,15.6084,2.49581,14.2946,4.55187,17.3137,6.62425,31.2391,4.88821,61.0089,1.81764,70.5136,0.762876,57.3129,0.50258,42.1083,0.496455,30.3161,0.659369,22.1251,1.06708,16.9422,1.93582,14.4496,3.61153,15.331,5.99025,23.5355
35.0988,0.990951,0.0309682,7,127,0,-28.7301,1.1885,1.12325,0.0528921,0.0342107,0.362538,0.426011,0.0174988,0.182333,6.93216,6.5778,18.3721,24.8626,0.342163,0.282985,0.348636,0.381037,9.54911,14.717,15.3086,12.6555,26.0726,12.5425,41.3438,15.7099,48.0295,24.6269,31.6292,35.2443,14.9465,36.2705,8.26306,30.5969,6.40218,24.104,6.80456,18.7779,9.20835,14.9826,14.6127,12.771,24.8615,12.4489,39.9853,15.2232,48.4046,23.5809,33.5642,34.5902,15.9747,36.573,8.60175,31.1957,6.46065,24.6534,6.69244,19.1963,5.49603,53.6331,1.92938,66.829,0.72658,54.2032,0.455665,39.18,0.451176,27.7207,0.620101,19.9036,1.05652,15.0624,2.02996,12.8885,3.97543,14.2988,6.55063,24.578,5.55411,53.1697,1.9632,66.9003,0.734596,54.4408,0.457164,39.3811,0.45001,27.8634,0.616028,19.9969,1.04698,15.1152,2.00937,12.8995,3.93789,14.2357,6.5226,24.2982
34.7184,0.954574,0.0309682,7,127,0,-29.1595,1.8588,0.725708,0.0526041,0.0235125,0.224954,0.609081,0.0105994,0.151693,7.18282,6.88675,31.1366,24.2351,0.249707,0.344457,0.321726,0.342789,10.0044,27.1708,16.4759,24.8613,28.8195,25.0928,44.8695,29.656,47.4933,39.4887,29.7094,47.8589,14.8286,47.9607,8.57618,43.1167,6.65042,37.2323,6.95329,31.9012,9.35465,27.7139,15.0863,25.0947,26.3832,24.8206,42.5461,28.5341,48.8288,37.7039,32.9382,47.0387,16.5429,48.4197,9.19891,44.0384,6.78544,38.1695,6.77586,32.6959,6.88625,38.6123,4.81493,51.7392,2.92533,49.9114,2.1051,39.3091,1.95975,28.914,2.25209,21.5337,2.96518,17.2971,4.16476,16.0515,5.7836,18.5068,7.09882,27.0917,6.50679,42.6928,4.25285,52.743,2.63685,47.6556,2.02095,36.5438,1.99436,26.7948,2.38627,20.2117,3.21293,16.7081,4.5351,16.2519,6.18788,19.9199,7.18683,30.4577
34.8635,0.868422,0.0309682,7,127,0,-28.8669,1.77728,0.468497,0.0654896,0.0145721,0.24431,0.877324,0.0130539,0.145613,6.37826,9.43197,24.3662,30.258,0.26129,0.267838,0.265727,0.250729,8.59521,20.9919,13.8592,18.9552,24.0558,18.8984,37.9212,22.1901,41.5909,29.8584,26.8231,36.9459,13.4646,37.2868,7.79034,33.3417,6.08165,28.5094,6.43437,24.184,8.76007,20.8637,14.2118,18.9011,24.6675,18.9635,38.4842,22.4554,41.2201,30.2745,26.0231,37.12,13.0553,37.1629,7.64646,33.1188,6.0582,28.2904,6.49456,24.0039,8.55562,47.9376,6.16504,58.4967,4.34345,51.5476,3.61575,37.8422,3.63315,26.4865,4.17703,19.3393,5.18577,15.815,6.62229,15.4672,8.27672,19.0358,9.40479,29.0881,8.70688,46.5074,6.35627,58.3371,4.44508,52.5338,3.64201,38.9105,3.61088,27.2364,4.1163,19.766,5.0887,15.979,6.49471,15.3717,8.14919,18.558,9.36525,27.9744
35.5236,0.62788,0.0309682,7,127,0,-28.6716,1.53657,0.594377,0.0414639,0.0191896,0.267079,0.729406,0.0147504,0.139204,7.61998,9.43331,33.2329,26.9126,0.302058,0.436738,0.306071,0.316256,9.83115,28.863,14.6518,26.3684,23.003,26.5317,33.1507,30.7816,36.0752,39.9112,26.1654,48.8794,15.085,50.4339,9.38461,45.9712,7.37703,39.6987,7.49127,33.8418,9.4587,29.2864,13.9193,26.5425,21.8504,26.3353,32.0995,30.0218,36.4678,38.682,27.6571,48.1444,16.1023,50.653,9.8142,46.6493,7.48515,40.4348,7.38678,34.4688,8.49126,47.0493,5.34352,59.6059,3.26164,51.29,2.54473,36.6269,2.56978,25.0489,3.10564,17.8281,4.16074,14.1631,5.80676,13.5718,7.91444,16.965,9.47447,27.9406,8.31865,48.393,5.15913,59.6116,3.18318,50.3777,2.52851,35.7567,2.58945,24.4632,3.15675,17.4968,4.24773,14.0332,5.93171,13.648,8.04951,17.3838,9.50355,29.017
35.9485,0.981457,0.0309682,6,127,0,-28.9742,1.00106,0.634229,0.0370111,0.0192333,0.423483,0.697948,0.0236541,0.159582,7.55589,7.6433,22.0299,24.4907,0.307577,0.377669,0.297152,0.352867,9.9257,17.6664,14.7466,15.398,22.8098,15.6163,32.7692,19.7545,36.2042,30.0064,25.704,41.6972,14.0198,43.1637,8.61994,36.5537,7.03297,28.6554,7.51091,22.2074,9.81422,17.7766,14.5403,15.4369,22.4954,15.559,32.4767,19.5307,36.3249,29.583,26.16,41.4389,14.2972,43.289,8.72111,36.8158,7.0477,28.8973,7.46783,22.3871,7.66497,42.896,5.21046,60.7051,3.05523,57.3294,2.19079,42.7762,2.07118,29.6942,2.41489,21.0171,3.19942,16.2661,4.4964,14.8495,6.26857,17.3666,7.83753,26.9712,7.35571,46.9342,4.7257,61.7421,2.82012,55.0162,2.12766,40.148,2.10165,27.8123,2.52149,19.9013,3.39218,15.7715,4.78566,14.963,6.60364,18.4226,7.9629,29.8402
34.6836,0.904274,0.0309682,7,127,0,-28.276,1.07811,0.529281,0.0295471,0.0162229,0.417527,0.803621,0.0195997,0.191162,6.88549,7.36038,30.8689,33.8397,0.312333,0.250527,0.349997,0.291571,9.10634,23.6939,14.2421,19.5011,24.0836,18.5275,39.2308,22.56,49.7354,36.4806,35.9579,57.8761,16.79,62.8203,8.83726,52.428,6.65622,39.972,7.01104,30.0037,9.46879,23.1366,14.9888,19.2444,25.4056,18.654,40.8454,23.4128,49.5816,38.5896,33.653,59.4446,15.5349,62.1828,8.44288,51.1293,6.59864,38.8269,7.15701,29.1705,6.00803,56.3638,3.72458,63.4482,2.47458,50.4326,2.11538,34.659,2.25785,23.4179,2.78006,16.8691,3.6924,13.929,5.01185,14.2427,6.54003,19.2532,7.36319,33.3446,6.06422,55.8838,3.77043,63.5835,2.4923,50.8393,2.11723,34.9983,2.24973,23.6321,2.76282,16.9822,3.66518,13.9632,4.97543,14.1903,6.50521,19.046,7.36457,32.8563
32.0728,0.878569,0.0309682,7,127,0,-23.9243,1.16369,0.474387,0.0343336,0.0153911,0.376888,0.901481,0.0185937,0.199985,6.44147,6.89131,26.6805,27.5042,0.353011,0.2199,0.355093,0.294415,9.14974,21.0786,15.0906,17.9973,26.3358,17.9715,42.4139,23.3079,48.4392,38.6078,29.6176,56.0142,13.1771,56.0475,7.24487,45.9917,5.75706,35.4579,6.33899,27.145,8.88738,21.3756,14.5517,18.1197,25.3865,17.847,41.3655,22.6894,48.891,37.2676,31.1367,55.3147,13.8724,56.5201,7.45533,46.7368,5.78202,36.1032,6.24487,27.621,6.44404,43.5509,4.7722,54.717,3.37654,49.4999,2.78878,36.784,2.78087,25.8613,3.18163,18.9411,3.93644,15.5786,5.00539,15.395,6.20327,19.1916,6.92672,29.4262,6.25325,45.8658,4.53047,54.9369,3.24855,47.8631,2.7583,35.0335,2.8146,24.6475,3.26685,18.2698,4.06938,15.3589,5.17386,15.6487,6.35469,20.1715,6.93227,31.5007
30.8851,0.967078,0.0309682,7,255,0,-23.7027,0.729197,0.46781,0.0172323,0.0151058,0.560947,0.908102,0.0305651,0.14094,8.31197,9.96599,27.4916,28.124,0.283544,0.493883,0.241692,0.30825,11.4036,21.0951,16.9092,18.424,25.3788,19.9174,35.1164,28.7522,37.3109,51.4857,24.85,77.8597,12.947,77.6154,8.11458,60.2879,6.94658,43.0461,7.69214,30.5969,10.1272,22.8189,14.732,18.9176,22.1993,18.8348,32.0337,24.5596,38.2637,42.0514,29.996,70.8908,16.0681,80.8239,9.17845,66.6678,7.08378,48.4002,7.25955,34.2383,9.20025,45.0608,6.70404,56.1199,4.71969,49.8937,3.91886,36.5469,3.93755,25.4432,4.53272,18.5249,5.63193,15.2041,7.18373,15.0592,8.92884,18.9226,9.99623,29.4362,9.0131,46.6345,6.47462,56.2252,4.60153,48.7603,3.89197,35.3711,3.96992,24.64,4.6127,18.0838,5.75647,15.058,7.3425,15.2191,9.07468,19.5569,10.0079,30.8178
34.4165,0.984573,0.0309682,7,127,0,-25.7425,0.875899,0.662402,0.0317189,0.0197452,0.518063,0.686986,0.0276231,0.176866,6.73373,7.35527,20.9156,26.4029,0.378718,0.259528,0.356688,0.275386,9.15184,15.441,14.1781,12.6012,23.0727,12.4294,35.5425,16.5747,42.1403,29.9251,28.4092,49.1383,13.2127,50.7726,7.47849,39.625,6.15441,28.3199,6.9134,20.1245,9.58296,14.9796,14.9951,12.4324,24.4013,12.6309,36.9639,17.5392,41.6024,32.2489,26.1593,50.5109,12.1465,49.7839,7.17165,38.1878,6.15128,27.1898,7.11817,19.3753,6.88956,49.1349,4.12157,65.904,2.30009,57.1368,1.70392,40.4613,1.70638,27.3444,2.10653,19.1635,2.93411,14.9502,4.29492,14.1337,6.1367,17.8122,7.53228,30.6642,6.31523,55.0868,3.54193,65.7385,2.07865,53.209,1.66369,36.8946,1.7665,24.9897,2.26026,17.8441,3.20474,14.4469,4.69957,14.4999,6.57676,19.758,7.54646,35.7605
34.1584,0.990134,0.0309682,7,127,0,-29.3061,1.24163,0.872087,0.0336661,0.0266465,0.326969,0.483581,0.016145,0.136887,7.33538,7.46094,29.8324,30.9309,0.255448,0.390871,0.285233,0.359899,10.2016,24.7031,16.2223,21.9312,26.9745,22.2564,40.9899,27.7953,45.3094,41.3141,29.9689,55.627,14.9994,56.9513,8.58365,49.2458,6.62437,39.9972,6.85087,32.0796,8.94376,26.2048,13.7084,22.5852,22.7175,21.7057,36.3262,25.1065,46.1784,35.8513,36.4214,51.792,19.0289,58.0079,10.0728,52.3155,6.98763,43.0792,6.57495,34.5684,6.08408,50.0574,3.28997,58.1689,1.82077,50.0782,1.34707,38.0735,1.34304,28.1074,1.67615,21.2243,2.41687,17.222,3.73576,16.0567,5.68213,18.7583,7.37933,28.6958,6.46182,47.4801,3.6204,58.2589,1.94915,51.6954,1.37853,39.6997,1.32295,29.3246,1.60771,22.0121,2.28197,17.6195,3.50906,16.0293,5.38468,18.0489,7.24064,26.6792
32.6874,0.968882,0.0309682,7,127,0,-26.2827,1.22453,0.824333,0.0362573,0.0265851,0.352113,0.533116,0.0176714,0.10526,6.3533,11.6003,26.4081,30.9213,0.327673,0.484982,0.323237,0.306135,9.17907,21.2249,15.3393,18.4173,26.9622,18.6451,43.0717,24.3284,47.451,39.5191,28.0247,55.0952,12.5143,54.3905,6.96155,45.0017,5.55651,35.2167,6.1192,27.3875,8.58621,21.8578,14.1158,18.6741,24.8049,18.3525,40.7501,22.9457,48.5809,36.6686,31.3678,53.6839,14.0429,55.3636,7.43276,46.5521,5.62126,36.5856,5.92615,28.4193,8.44514,54.7815,3.92278,60.2726,2.09647,47.6581,1.62936,33.7874,1.74847,23.5875,2.3392,17.0849,3.56982,13.5879,5.76319,12.9017,9.0207,16.3689,11.5735,29.1169,8.90721,52.9883,4.20208,60.8329,2.18259,48.9604,1.64199,34.872,1.72,24.3225,2.26578,17.5253,3.42878,13.7854,5.52495,12.8331,8.71278,15.8054,11.4998,27.4304
33.3893,0.979548,0.0309682,7,127,0,-26.7597,1.27369,1.00886,0.0393291,0.0298541,0.326326,0.475621,0.0183802,0.126103,6.47406,8.96217,28.2806,22.2697,0.319823,0.449536,0.339267,0.348721,8.43707,23.3339,12.8552,20.3804,20.9965,19.9418,32.4963,23.4774,38.8858,33.2996,28.9813,45.8397,15.3426,49.2802,8.63045,43.8974,6.38167,36.1992,6.32319,29.2784,7.97044,24.0246,11.8985,20.7182,19.3472,19.7958,30.56,22.5103,38.8507,31.217,31.4715,44.1259,17.1479,49.5105,9.34099,45.0896,6.5697,37.4677,6.21718,30.3233,9.19373,46.78,4.20984,68.0559,1.64575,59.2286,0.983517,43.0163,0.916542,30.0214,1.18111,21.2215,1.87566,15.8997,3.33766,13.5823,6.04572,15.0295,9.43297,24.9861,8.4994,52.1049,3.54268,68.1935,1.45854,56.5046,0.94497,40.5323,0.938196,28.2659,1.26151,20.1052,2.05484,15.3023,3.69443,13.508,6.62879,15.8679,9.78025,28.2797
30.382,0.998811,0.0309682,7,127,0,-22.4395,0.815189,0.531468,0.025033,0.0159116,0.506666,0.780977,0.029032,0.219596,8.20528,6.38231,25.1643,32.3662,0.367979,0.261144,0.402995,0.29744,10.6185,19.8363,15.1662,17.2751,22.2558,17.8116,30.5191,23.1362,33.4061,36.1527,24.7912,51.8504,14.2968,54.5077,9.11575,45.59,7.55096,34.7732,8.00635,26.1521,10.1596,20.4221,14.3694,17.4674,21.1078,17.5043,29.4519,21.9716,33.6941,33.8304,26.4699,50.1323,15.4726,55.0894,9.57368,47.1391,7.62981,36.215,7.84052,27.199,5.39265,56.1642,3.32952,66.7244,2.1203,54.5105,1.73736,37.722,1.80292,25.3204,2.18814,17.8717,2.89683,14.2146,3.96315,13.7348,5.30288,17.3575,6.3324,28.9895,5.71927,51.915,3.66226,66.8905,2.26128,57.5185,1.76574,40.4943,1.76645,27.1456,2.09655,18.8927,2.7445,14.6318,3.74653,13.5752,5.05826,16.2849,6.22664,26.0454
33.757,0.966979,0.0309682,7,127,0,-22.1663,0.79473,0.563542,0.0136873,0.0179042,0.546865,0.806836,0.0290298,0.159336,7.47345,9.07247,39.3784,23.8697,0.319411,0.38384,0.252091,0.297266,10.4027,29.3882,15.992,24.7564,25.2387,25.8216,36.9825,36.8866,40.8834,68.888,26.1779,108.805,12.5239,107.73,7.50031,82.1862,6.41378,57.8676,7.29308,40.6962,10.0113,30.1263,15.2887,24.9851,24.1527,25.3908,35.8914,35.0671,41.3666,64.611,27.9941,106.257,13.4126,109.565,7.76359,84.8765,6.42116,59.9704,7.13009,42.0789,8.68576,45.9907,5.491,64.3095,3.18702,55.8689,2.41097,38.3896,2.42262,24.9887,2.9438,16.9921,3.97231,13.0613,5.5845,12.3809,7.68341,15.8446,9.29312,27.9028,8.05953,52.144,4.77204,64.4546,2.89843,51.7482,2.35994,34.6905,2.50294,22.6477,3.13907,15.7407,4.29972,12.6101,6.05201,12.7378,8.18053,17.66,9.34061,32.7873
28.7545,0.737675,0.0309682,7,127,0,-23.2409,0.600643,0.513477,0.0170177,0.0164416,0.716894,0.736366,0.0385185,0.158484,8.75337,7.76806,20.8627,32.5465,0.342996,0.301745,0.335964,0.297749,11.8244,15.0476,17.0988,12.7221,25.0097,13.8608,34.2711,21.2484,37.1831,42.848,25.0634,71.9648,12.8858,71.0509,8.25215,51.2015,7.38054,33.5215,8.45428,22.0855,11.2461,15.6662,16.1582,12.8668,23.684,13.4161,33.0077,19.5062,37.686,38.4889,27.3829,68.9149,14.1362,73.1497,8.6217,54.2553,7.36796,35.7355,8.19166,23.4174,6.58893,49.8612,4.45801,57.1828,3.06629,49.039,2.54183,36.2932,2.56023,25.8896,2.96927,19.1217,3.74713,15.5132,4.90441,14.673,6.34609,17.1018,7.58013,24.9097,7.47742,40.3601,5.61292,55.3511,3.70331,54.8498,2.74476,43.2643,2.49629,31.1594,2.69941,22.4068,3.27317,17.1405,4.22268,14.7906,5.5345,15.2814,6.98266,19.7618
34.2062,0.983031,0.0309682,7,127,0,-25.5139,1.10005,0.854832,0.029454,0.0255521,0.424665,0.553448,0.0196431,0.148157,6.30977,7.03784,31.2548,21.0344,0.31326,0.347885,0.343441,0.335405,8.52603,23.5574,13.7802,19.0564,24.2443,17.9137,41.1567,22.088,53.2616,37.6595,36.3384,62.1329,15.4909,65.9959,7.88907,53.4904,6.0251,39.8936,6.57781,29.4333,9.28498,22.4011,15.384,18.5319,27.1854,18.2044,44.8065,24.0368,52.3982,42.6291,31.0717,65.1705,13.1403,64.1054,7.23075,50.5942,5.97743,37.5029,6.92882,27.7518,7.99177,38.3425,5.18633,60.5041,2.4847,59.8871,1.50609,45.5987,1.32198,32.1277,1.55524,22.7544,2.21115,17.1887,3.47314,14.923,5.51914,16.5464,7.74405,25.6578,7.31848,47.5174,3.96686,63.2582,1.9835,55.1671,1.37912,40.2692,1.36361,28.2241,1.73861,20.3203,2.58846,15.9853,4.12881,14.9683,6.40334,18.6601,8.08933,32.2313
34.3425,0.980182,0.0309682,7,127,0,-26.5457,0.970998,0.778654,0.0226942,0.0259947,0.428576,0.548431,0.0227903,0.161736,7.02557,7.07755,31.6911,31.9384,0.28286,0.270882,0.29738,0.436456,9.82307,24.9099,15.4198,21.4936,25.0739,22.0251,37.6352,29.3189,41.982,48.9386,27.4545,72.0659,13.3057,73.3531,7.65539,59.9677,6.1345,45.4903,6.6067,34.1572,8.83011,26.4316,13.5305,22.0862,21.9883,21.388,34.2762,26.3361,42.6989,42.2105,32.4754,67.2123,16.1979,75.2628,8.62944,64.1078,6.31035,49.2129,6.31417,36.897,5.1679,51.4927,2.68279,55.2117,1.58048,44.3343,1.28149,32.0682,1.37733,22.8769,1.79862,17.0102,2.63452,13.9753,4.03079,13.7305,5.91085,17.6761,7.09694,29.9987,5.46789,49.8388,2.87609,55.7879,1.64661,45.6897,1.29091,33.2321,1.35251,23.6756,1.73746,17.4843,2.52303,14.169,3.85594,13.6027,5.71093,16.9661,7.08002,28.1762
35.4199,0.880259,0.0309682,6,63,0,-29.7587,0.952442,0.884287,0.0253799,0.0257168,0.443535,0.502705,0.0228363,0.163287,7.6415,6.90513,26.735,29.595,0.283146,0.292139,0.303803,0.370521,10.8648,21.097,17.1501,18.5104,27.658,19.6504,40.2073,27.4737,41.6541,46.6927,25.2128,65.2985,12.3075,63.0815,7.5219,50.2428,6.42651,37.6408,7.27952,28.1558,10.0592,21.9318,15.6597,18.7547,25.3415,19.0587,38.0964,25.2229,43.0675,42.2681,28.6811,63.2109,13.9775,64.8266,8.0462,52.8401,6.46341,39.8157,6.98418,29.6943,5.83113,53.4118,2.89511,65.2511,1.45179,55.123,1.03069,40.503,1.03137,28.8724,1.32393,21.0802,1.9875,16.6067,3.21841,15.2239,5.14036,18.0736,6.91277,29.7646,5.80497,53.6306,2.8742,65.2323,1.44476,54.9892,1.02922,40.3794,1.03271,28.7844,1.32808,21.0252,1.99582,16.5798,3.23292,15.2272,5.16006,18.1295,6.92016,29.9354
31.8506,0.857141,0.0309682,7,255,0,-26.8401,0.898534,0.609708,0.01581,0.0202841,0.479401,0.759756,0.0254442,0.159803,7.60747,8.18069,41.4698,19.8191,0.309214,0.44638,0.303842,0.28877,10.5076,32.178,16.1699,27.7769,25.5776,29.01,37.0731,39.9491,39.7002,68.1629,25.3875,98.6504,12.7007,97.2601,7.78859,77.2377,6.64693,57.1664,7.49641,42.2155,10.2587,32.6106,15.7165,27.9042,24.8853,28.7189,36.4441,38.8348,40.0999,65.9334,26.4366,97.5557,13.2204,98.1677,7.95129,78.5872,6.6527,58.2774,7.39244,42.9819,8.64367,36.9907,5.98742,57.3409,3.3705,55.4012,2.33948,40.2267,2.19807,26.8184,2.58024,18.2629,3.45186,13.7372,4.89689,12.4194,6.8895,14.8197,8.66584,24.3778,7.989,45.2684,4.88135,59.5321,2.86171,50.4901,2.21759,34.9941,2.27873,23.281,2.82712,16.2732,3.88953,12.9223,5.54752,12.7457,7.62282,17.0566,8.83582,30.5609
31.9372,0.985347,0.0309682,7,127,0,-23.0594,1.15479,0.598319,0.019074,0.0189581,0.344189,0.737001,0.0167412,0.168841,8.33827,7.69046,44.0727,24.6844,0.283173,0.2837,0.396159,0.295043,12.2908,36.9769,19.9495,34.1112,32.4475,37.2524,45.3436,51.0582,42.5666,78.0429,24.4504,97.2759,12.3165,92.5127,7.71635,77.002,6.57052,61.3156,7.34327,48.7102,10.0775,39.8171,15.7923,34.863,26.0276,34.819,40.0576,42.8491,46.8142,64.3707,33.1977,91.2371,16.7678,97.1081,9.25336,84.6984,6.82487,68.377,6.76541,54.1667,7.40688,43.9704,4.88119,60.131,2.90935,54.4352,2.16947,39.4759,2.11779,26.9372,2.51074,18.9432,3.33602,14.7542,4.65461,13.7618,6.39484,16.6791,7.8185,26.9075,7.11479,47.334,4.49525,60.6236,2.73358,52.3381,2.12762,37.3127,2.15052,25.452,2.60599,18.0927,3.5017,14.4033,4.89619,13.9057,6.66352,17.6223,7.8953,29.4078
28.4325,0.968546,0.0309682,7,127,0,-23.8836,0.718034,0.382616,0.0413973,0.0112603,0.696312,1.08539,0.0347499,0.191408,6.23702,8.81272,15.2328,31.3226,0.365569,0.378787,0.254207,0.280433,7.7294,9.62421,11.4014,6.63875,18.2943,5.48041,29.6946,6.20117,43.5748,11.1019,42.5688,26.9111,20.1923,40.0425,8.9683,31.8335,6.29333,20.4194,6.59449,12.6565,8.8631,8.20275,13.633,5.99072,22.1714,5.49031,35.2672,7.33951,46.5946,15.654,34.1845,34.6374,14.1152,38.3906,7.37482,27.0678,6.165,16.9217,7.23864,10.5876,8.00405,54.7936,5.70514,69.1353,4.01466,58.0724,3.40633,39.3492,3.48783,25.4913,4.03209,17.5681,4.96691,13.9566,6.25089,13.7249,7.71911,17.6498,8.77298,29.3362,8.19853,52.0682,5.95742,68.9037,4.14087,60.0465,3.43298,41.2519,3.45404,26.6952,3.95279,18.1976,4.84636,14.1821,6.09605,13.581,7.56175,16.9354,8.71288,27.5046
30.2321,0.859116,0.0309682,7,127,0,-15.8294,0.568098,0.429226,0.0125719,0.0139236,0.800043,0.971259,0.0374472,0.176476,8.29624,8.63678,22.8574,27.7179,0.400491,0.328732,0.380185,0.240967,11.6245,14.8153,17.4701,11.3709,26.8043,11.5619,39.7064,17.9077,49.1395,44.1639,34.5385,103.858,14.4207,111.346,7.88819,73.8695,6.7647,43.2696,7.84096,25.4156,10.7341,16.0701,15.9665,11.8014,24.4826,11.1755,36.7927,15.6516,48.4146,35.4649,39.7746,91.5386,17.3411,116.382,8.61057,82.0275,6.77744,48.6133,7.46532,28.3539,7.94518,46.8263,5.69538,59.5064,3.95234,51.8934,3.2766,36.698,3.30293,24.6298,3.80698,17.3531,4.7234,13.8642,6.01959,13.4765,7.5276,16.8567,8.61388,26.9028,8.03832,45.7253,5.81965,59.3622,4.01681,52.6528,3.29212,37.4851,3.28818,25.1553,3.76889,17.6401,4.66353,13.972,5.94117,13.4153,7.44779,16.5399,8.58585,26.1179
30.7096,0.958661,0.0309682,7,127,0,-23.9502,0.639004,0.420032,0.0222599,0.012428,0.711123,0.994929,0.0314565,0.156796,8.51693,9.91049,16.4287,32.1469,0.357209,0.330115,0.340202,0.274741,11.9611,11.0652,18.2784,8.66458,28.6623,8.79678,43.0125,13.2554,52.0611,30.313,34.8851,62.6239,14.8621,64.5154,8.30473,44.5773,7.12798,27.6851,8.27852,17.2365,11.4728,11.4799,17.4263,8.80494,27.3249,8.63829,41.4099,12.406,52.0793,27.4388,37.7065,59.7939,16.2212,66.0768,8.64821,46.7571,7.12313,29.1715,8.06285,18.0978,8.89007,53.6009,6.30676,65.468,4.45675,55.3214,3.78982,38.5571,3.88867,25.8233,4.51998,18.3436,5.61507,14.9251,7.12561,14.9132,8.82099,19.2661,9.90065,31.4398,8.97577,52.7413,6.40645,65.4634,4.50523,55.9695,3.79934,39.1764,3.87373,26.2239,4.48577,18.556,5.56295,14.9958,7.05917,14.8438,8.75711,18.9743,9.8874,30.7505
33.4081,0.99457,0.0309682,7,127,0,-23.4852,0.556936,0.470749,0.011678,0.0147967,0.858487,0.938962,0.0472719,0.167386,7.24824,8.87399,29.0847,24.8081,0.331723,0.425108,0.301115,0.307105,9.66666,18.2593,14.0846,13.4433,21.1603,12.9532,30.9803,18.6751,38.9382,42.6182,29.9909,100.607,13.6319,115.411,7.5838,78.2573,6.50586,45.7663,7.51639,26.841,10.2149,17.1747,15.0057,13.0857,22.5496,13.3139,32.6211,20.672,39.0519,49.7865,27.0011,108.663,12.0829,110.922,7.20933,72.2249,6.55213,41.9679,7.82506,24.8235,8.66552,43.5912,6.29395,60.6188,4.1496,55.8148,3.26355,39.9838,3.21211,26.6456,3.70569,18.4651,4.67136,14.4616,6.09194,13.838,7.7975,17.2863,9.03313,28.1015,8.26913,48.4968,5.7149,61.5082,3.85489,52.5658,3.19501,36.5923,3.27947,24.4014,3.87985,17.2575,4.94926,14.0372,6.45948,14.1845,8.15841,18.8795,9.08763,31.9609
29.5416,0.800564,0.0309682,7,127,0,-23.6889,0.968319,0.365097,0.0391514,0.0108389,0.486384,1.20506,0.0230301,0.156314,7.00465,10.9808,20.848,29.6872,0.436117,0.331554,0.283074,0.31142,9.15359,15.3725,14.1341,12.2753,23.5554,11.5304,38.0066,14.3036,48.4091,24.4787,35.0113,41.2278,16.1119,44.7071,8.61129,35.9322,6.75874,26.2029,7.42778,18.8948,10.3188,14.1819,16.4686,11.7776,27.5534,11.8938,42.578,16.3838,47.1199,29.6015,28.1264,44.3794,12.8221,42.626,7.67176,32.7753,6.74392,23.67,8.05146,17.188,10.3989,48.6933,8.07244,62.4942,6.03193,55.5687,5.18907,39.4531,5.25521,26.4916,5.94583,18.9189,7.12634,15.6587,8.67419,16.0769,10.2641,21.239,11.0392,34.2871,9.85634,54.1185,7.39688,62.5501,5.68303,51.2523,5.13205,35.3067,5.39217,23.8778,6.22906,17.6286,7.52776,15.3991,9.13608,16.9348,10.6152,23.9223,10.9335,39.5621
30.5072,0.956245,0.0309682,7,255,0,-17.5106,1.15435,1.05464,0.0373539,0.0328706,0.353217,0.448156,0.0196667,0.129434,7.17783,8.85306,24.9575,20.6295,0.246025,0.377359,0.379226,0.425536,9.77547,20.6384,15.0593,18.4076,24.0528,18.8747,35.033,23.7508,37.7739,35.0178,25.5564,46.5581,13.5136,47.4779,8.13313,40.9031,6.49353,33.0409,6.82448,26.3846,8.89402,21.5624,13.3732,18.7623,21.3716,18.4271,32.4034,21.9236,38.65,31.5843,29.4204,44.3619,15.9203,48.2754,9.04235,42.8982,6.69107,35.0029,6.58225,27.9354,9.04771,45.629,3.74783,66.6295,1.33975,57.1789,0.763184,41.474,0.695634,29.0233,0.89383,20.4897,1.43973,15.1479,2.64368,12.482,5.05386,12.9116,8.69871,19.9944,9.2224,44.131,3.94593,66.4796,1.39166,57.8889,0.77434,42.1365,0.692699,29.4999,0.878674,20.8026,1.40394,15.3308,2.56747,12.5451,4.91069,12.7965,8.53912,19.3967
25.227,0.855653,0.0309682,7,127,0,-18.1945,1.39748,1.44134,0.0632996,0.0428791,0.312795,0.351081,0.013327,0.185913,6.55734,5.9235,18.8512,22.4756,0.417951,0.256061,0.353556,0.382281,9.0746,15.2581,15.1043,13.0425,27.4764,12.5571,47.4131,15.0423,59.4367,23.0558,39.2792,33.5045,17.1681,35.0919,8.66972,30.1651,6.27406,24.2785,6.43314,19.2839,8.69827,15.5585,14.2691,13.1967,25.8599,12.5037,45.2753,14.5892,59.6001,21.9701,42.1355,32.7414,18.6632,35.3542,9.14378,30.7584,6.37368,24.8416,6.3289,19.7296,5.50924,51.6411,1.5605,67.372,0.455204,55.6544,0.241135,41.5818,0.219869,30.5007,0.30133,22.4968,0.549843,17.0758,1.20369,14.0142,2.82877,14.0499,5.80693,21.8139,5.67711,50.2233,1.65472,67.5147,0.473162,56.2532,0.244593,42.0991,0.218755,30.8855,0.295647,22.7672,0.534382,17.2493,1.16355,14.0885,2.73423,13.9559,5.68628,21.1904
25.3766,0.99828,0.0309682,7,127,0,-14.0392,1.71752,1.38269,0.0914561,0.0412997,0.264729,0.374159,0.0137085,0.148811,5.83836,6.21609,17.0657,22.9081,0.443154,0.317791,0.337792,0.508924,7.7874,14.342,12.7563,12.6126,23.0714,12.2803,38.9334,14.3748,45.8274,20.2324,29.3376,26.4344,13.6455,26.8957,7.43209,23.6652,5.67892,19.8066,6.06354,16.4398,8.4946,13.9008,14.3393,12.4103,26.0045,12.4602,41.934,15.2506,43.9808,21.7387,25.283,27.0302,11.7809,26.4018,6.83514,22.8725,5.61011,19.0639,6.36928,15.8487,6.57583,43.8891,2.77231,60.5338,0.997298,53.5848,0.563526,41.0763,0.517046,30.5317,0.690294,22.9089,1.19234,18.0258,2.38044,15.9844,4.76626,18.4128,7.14197,31.6125,4.63047,55.6995,1.58576,58.7432,0.698967,47.173,0.510807,35.3533,0.575813,26.2987,0.888771,20.0937,1.67667,16.5898,3.42903,16.4266,6.26177,23.1236,6.52727,44.3376
29.8701,0.98049,0.0309682,7,127,0,-17.0347,1.11221,1.13604,0.0524954,0.0397724,0.352081,0.405371,0.0187558,0.133307,7.83761,7.61457,16.2207,25.6332,0.335923,0.2688,0.522743,0.26824,10.9725,13.5576,17.0306,12.329,26.9065,13.0147,37.9991,16.8946,38.9778,25.1176,25.3727,32.6667,13.4426,32.6722,8.25085,27.9334,6.68837,22.5121,7.0658,17.9643,9.17683,14.6671,13.6837,12.7218,21.7045,12.3898,33.0294,14.5177,40.671,20.7175,32.7856,29.77,18.2112,33.5945,10.1009,30.4727,7.13738,25.0543,6.68032,19.9986,5.91927,44.5118,2.5574,51.2563,1.19148,43.0978,0.825335,32.6722,0.835549,24.2597,1.12384,18.368,1.82295,14.8156,3.24912,13.7094,5.65901,16.392,7.67979,27.277,5.53289,46.1534,2.33611,50.8462,1.12626,42.0177,0.813384,31.7081,0.851351,23.5515,1.17198,17.9051,1.92749,14.5844,3.44879,13.7663,5.93569,17.0126,7.69261,29.0415
29.9114,0.917971,0.0309682,7,127,0,-16.687,0.971632,0.704594,0.0263944,0.0241382,0.457602,0.616371,0.0246584,0.2586,6.80372,4.77854,29.8677,28.7376,0.275154,0.284134,0.251619,0.373985,9.02713,22.8769,13.8087,19.0604,22.3672,18.6755,34.335,23.7074,40.7657,39.0017,28.7327,60.0908,14.1521,63.4194,8.03428,52.039,6.40094,39.12,6.92869,29.07,9.35006,22.3859,14.4333,18.8654,23.3903,18.8631,35.4289,24.6207,40.4432,41.0458,27.0767,61.4054,13.2603,62.7101,7.74891,50.7694,6.37304,38.0329,7.06967,28.3023,3.78746,48.9905,2.06618,55.7077,1.21585,45.1322,0.972904,32.0639,1.02914,22.3124,1.31633,16.2302,1.87821,13.1545,2.79199,12.8861,3.99683,16.6911,4.77851,28.7271,3.78853,48.98,2.06696,55.7104,1.21612,45.1403,0.972943,32.0708,1.02904,22.317,1.31609,16.2328,1.87778,13.1555,2.79134,12.8853,3.99612,16.6869,4.77848,28.7165
26.7733,0.897888,0.0309682,7,127,0,-14.4707,1.06149,0.471056,0.0168462,0.0132457,0.392715,0.923888,0.0203958,0.277842,7.44196,5.65049,48.1077,25.5943,0.248952,0.248314,0.24862,0.349108,10.4115,38.8139,16.3814,34.2266,26.5787,35.5458,39.076,46.9996,41.4794,74.5506,26.3285,102.134,13.1635,101.554,7.88704,84.1742,6.48407,65.5284,7.08856,50.6652,9.57719,40.3991,14.7967,34.775,24.0565,34.6295,36.6605,43.3649,42.6802,67.5291,30.0758,98.2673,15.1682,103.825,8.56804,88.2844,6.58552,69.2301,6.81633,53.4306,5.5668,50.4242,3.79007,74.9953,2.28519,67.5592,1.72405,46.0305,1.69252,29.1153,1.98267,19.1314,2.55853,14.1757,3.43914,12.8537,4.59048,15.4983,5.66142,25.8412,5.55032,50.8903,3.76079,75.1344,2.27095,67.2685,1.72056,45.7276,1.6947,28.9203,1.9891,19.0262,2.56931,14.1313,3.45451,12.8601,4.60856,15.5799,5.6721,26.0916
34.1191,0.99356,0.0309682,6,63,0,-23.148,0.975583,0.5227,0.022607,0.0159923,0.452169,0.839617,0.0216532,0.228113,7.11905,6.72114,34.5436,26.3887,0.313382,0.29534,0.286515,0.368833,9.57123,26.2239,14.8874,21.6033,24.6353,20.8884,38.943,26.3235,47.9934,44.18,34.2236,71.1985,16.1402,76.6951,8.69797,62.9034,6.69032,47.002,7.11099,34.6036,9.54993,26.2613,14.8452,21.6196,24.5631,20.8786,38.8567,26.2638,47.9995,44.0292,34.35,71.0783,16.2116,76.7407,8.72063,63.0001,6.69373,47.0862,7.103,34.6637,6.15266,52.075,3.75711,70.0336,2.21083,58.1988,1.72221,38.8253,1.76224,24.7668,2.14935,16.6065,2.8824,12.642,4.01228,11.8928,5.49076,15.1192,6.73489,26.7755,6.11223,52.6882,3.71042,70.0513,2.19218,57.7892,1.71877,38.4636,1.76698,24.5412,2.16099,16.486,2.90183,12.5945,4.04028,11.9124,5.52302,15.2516,6.74778,27.1696
34.2,0.85816,0.0309682,7,127,0,-25.9043,0.737754,0.844045,0.0311658,0.0276174,0.575684,0.519491,0.0311752,0.135267,7.4955,7.40703,16.5239,25.1353,0.361612,0.322945,0.359028,0.301257,10.0895,12.1605,15.0098,10.04,23.0722,10.1317,33.6813,13.7691,39.5208,25.0052,28.6964,42.448,14.3946,45.8194,8.28697,36.0583,6.68679,25.4222,7.20314,17.6732,9.42963,12.8183,13.8325,10.2892,21.2436,9.9086,31.6119,12.6372,39.474,22.0115,31.8709,39.5168,16.5037,46.6715,8.99119,38.269,6.79577,27.2909,6.97273,18.9324,6.99802,41.0943,4.29964,52.8198,2.39348,48.5799,1.68559,37.7138,1.59449,27.8643,1.90411,20.9079,2.64681,16.8246,3.9643,15.5367,5.87335,17.8886,7.5252,26.7005,6.72745,43.2172,3.98425,53.0841,2.25589,47.3682,1.64888,36.3733,1.61198,26.8454,1.96983,20.2555,2.77484,16.511,4.17166,15.5955,6.12524,18.5433,7.60281,28.4097
35.6866,0.977596,0.0309682,7,127,0,-28.2868,1.55432,1.13695,0.056309,0.0365087,0.282642,0.402508,0.0134095,0.136407,6.95268,6.56126,24.0015,24.5448,0.265682,0.299614,0.324582,0.376348,9.55493,20.1514,15.6221,17.8926,27.3709,17.8613,43.5805,21.6649,47.9082,30.9965,29.8689,39.87,14.3685,39.9288,8.21183,34.7603,6.49775,28.8271,7.03733,23.7418,9.79147,19.9747,16.1239,17.8208,28.2453,17.9543,44.4003,22.0518,47.3346,31.6387,28.6919,40.1233,13.8102,39.7138,8.0279,34.4142,6.47538,28.504,7.12895,23.4866,6.28799,41.3075,3.30909,53.2944,1.54693,48.6651,0.982386,38.352,0.900771,29.0517,1.11017,22.2073,1.6777,17.8671,2.83664,16.1171,4.81306,17.9965,6.80329,26.9428,5.81005,44.6329,2.85193,53.4599,1.38431,46.8931,0.942088,36.4964,0.917862,27.6099,1.18225,21.23,1.83636,17.3425,3.13577,16.1303,5.23821,18.9515,6.9336,29.7141
30.0906,0.549436,0.0309682,7,127,0,-24.749,1.06025,1.03964,0.046926,0.0329655,0.399774,0.468741,0.0211684,0.21781,6.91869,4.22426,16.4536,19.9279,0.341476,0.305091,0.363315,0.278095,10.0412,13.144,16.3498,11.5704,27.3136,12.2075,40.7367,16.8797,41.8339,28.2336,24.2461,38.568,11.4164,37.0026,6.82903,29.8126,5.77386,22.751,6.55488,17.3298,9.20482,13.6746,14.741,11.7373,24.7113,11.8424,38.3242,15.4537,43.5563,25.4958,28.0589,37.3936,13.1525,38.065,7.36518,31.3527,5.81799,24.059,6.26403,18.2781,4.9785,35.4143,3.07388,55.0597,1.3522,54.3481,0.771218,42.2945,0.659169,30.7697,0.782654,22.4412,1.15998,17.255,1.9439,15.0001,3.31634,16.4638,4.84916,25.3478,4.34263,45.7455,2.10225,57.3778,0.994102,49.2035,0.684362,36.6639,0.689159,26.537,0.917601,19.6953,1.45604,15.8473,2.49702,15.0859,4.08847,19.2201,5.01925,33.6405
34.1362,0.996412,0.0309682,7,127,0,-27.8599,0.914004,0.794251,0.0266471,0.0238543,0.45723,0.561198,0.0255169,0.134777,7.47312,9.40534,26.7343,29.7134,0.276324,0.28331,0.344327,0.395789,9.92517,21.0407,14.7799,18.1442,22.8346,18.4283,32.9489,23.7802,36.9825,37.7562,26.4182,55.0095,14.1151,57.6345,8.49534,48.1038,6.85283,36.8321,7.26924,27.8184,9.43273,21.7045,13.876,18.3917,21.4392,18.1381,31.5332,22.5303,37.2927,35.1145,28.5548,53.0611,15.4947,58.3178,8.99952,49.7965,6.94261,38.3942,7.10206,28.9668,7.54344,56.3554,3.59421,66.9765,1.83918,53.8939,1.37008,37.856,1.42943,25.967,1.87717,18.427,2.82744,14.3362,4.52867,13.2945,7.1068,16.4787,9.3825,29.1647,7.65231,55.6701,3.67152,67.1035,1.86349,54.3399,1.37419,38.2344,1.42295,26.2215,1.85973,18.5783,2.79389,14.4055,4.47188,13.2785,7.03145,16.309,9.3565,28.6287
30.8945,0.958095,0.0309682,7,127,0,-25.0674,0.665329,0.725739,0.0143064,0.0241259,0.683933,0.634001,0.0337067,0.221886,8.22787,5.60718,31.5269,20.8337,0.370421,0.362782,0.311385,0.289667,11.0012,21.8691,16.2529,17.3276,24.8239,17.2957,36.2874,24.3547,43.1486,48.5787,30.957,90.2179,14.9365,96.022,8.71731,70.6838,7.4048,46.4166,8.39357,30.4058,11.3588,21.275,16.8749,17.1334,25.7675,17.5592,37.304,25.6005,42.9396,52.0392,29.2169,92.9289,14.032,94.3496,8.46445,68.2276,7.41412,44.6442,8.57462,29.3398,5.67072,40.6598,3.35396,59.7403,1.68677,53.9377,1.14005,38.6309,1.08913,26.0799,1.33329,18.0062,1.89428,13.5724,2.88786,12.1261,4.37965,14.2906,5.83722,23.8806,5.29402,46.0867,2.87032,60.453,1.50313,50.787,1.09953,35.5659,1.118,23.9928,1.42373,16.783,2.06608,13.0171,3.16809,12.2237,4.73802,15.4944,5.97125,27.6143
34.6909,0.995845,0.0309682,7,127,0,-26.2362,1.13413,0.398229,0.0417487,0.0121339,0.402234,0.98957,0.0199768,0.126541,6.55711,11.5749,23.8788,34.3365,0.298835,0.320021,0.315341,0.339854,8.48045,18.4927,13.1292,15.2603,22.1832,14.3944,36.299,17.1622,46.4095,26.8636,34.1957,41.7314,16.2864,45.5074,8.61009,38.4896,6.45728,29.7594,6.77213,22.6419,9.14027,17.6837,14.5073,14.8837,24.6309,14.5804,39.2282,18.3997,45.9763,29.7843,30.0602,43.7542,14.0476,44.6174,7.89947,36.7244,6.36196,28.1894,7.06343,21.4905,10.2144,51.8603,7.59843,59.5517,5.72552,50.7621,5.01408,36.8378,5.12778,25.8292,5.83765,19.1075,7.04967,15.9736,8.67555,16.0031,10.4378,19.9632,11.5531,30.235,10.788,47.3431,8.28734,59.3137,6.1033,54.1596,5.10952,40.4514,5.03278,28.3437,5.59587,20.5202,6.67973,16.5003,8.20954,15.6701,9.9847,18.409,11.3894,26.7091
32.9945,0.989207,0.0309682,7,127,0,-30.8228,1.05949,0.39582,0.0421723,0.0130685,0.42821,0.977004,0.0219782,0.138555,6.51397,10.25,21.185,40.052,0.308524,0.368093,0.325529,0.345722,8.60145,16.2371,13.3834,13.3896,22.4236,12.8132,36.0029,15.7862,44.6831,25.6748,31.758,40.2206,14.988,43.0351,8.10074,35.6399,6.25651,27.0445,6.70915,20.2539,9.14724,15.6464,14.4906,13.1324,24.3378,12.9882,38.2019,16.7881,44.1744,28.0163,28.5508,41.7467,13.3273,42.2392,7.58568,34.2198,6.20201,25.8214,6.95211,19.3785,8.11489,54.6258,5.83469,53.5192,4.64774,41.1113,4.39101,28.699,4.75953,20.2397,5.61657,15.5522,6.90538,13.8745,8.51639,15.1654,10.0643,20.7819,10.5871,33.3557,9.09032,50.2277,6.61344,56.0028,4.97739,46.413,4.40381,33.1249,4.55369,23.0347,5.22933,16.9834,6.35687,14.1958,7.86651,14.2629,9.5163,17.922,10.5905,27.5292
29.9739,0.874617,0.0309682,7,127,0,-24.6559,1.0356,0.300304,0.0342517,0.00939089,0.401851,1.37333,0.0215711,0.148857,6.65573,12.7444,23.7546,24.4767,0.26473,0.471464,0.273862,0.390742,9.10965,18.7691,14.2271,16.0559,23.3594,15.9814,35.9876,20.2373,42.267,32.3883,29.442,48.3162,14.424,51.0917,7.99221,43.007,6.10656,33.3328,6.32906,25.4271,8.26491,19.8456,12.5665,16.5355,20.5472,15.6888,32.6643,18.5321,42.3004,28.3486,34.0795,44.8835,17.4368,51.8866,9.05511,45.5187,6.34396,35.7337,6.11296,27.2587,12.6733,42.2165,10.451,61.0367,7.85449,59.7389,6.51084,43.332,6.31089,28.1768,6.86218,18.8775,7.95284,14.3164,9.46048,13.1938,11.1977,15.5354,12.6645,23.4412,12.7664,40.4224,10.6876,60.0262,8.03035,60.6996,6.57281,44.8016,6.29467,29.2191,6.79359,19.4484,7.84424,14.5546,9.3221,13.1668,11.0527,15.1731,12.5752,22.4732
27.3719,0.957531,0.0309682,7,127,0,-12.9791,1.21849,0.294767,0.0378774,0.0081788,0.373655,1.48302,0.0180072,0.16927,7.29643,12.2407,27.8094,23.9674,0.220439,0.433304,0.257023,0.365056,9.63885,22.2108,15.0596,18.9817,25.2564,18.6256,39.6444,22.9511,45.8546,35.1118,30.6726,49.244,15.0311,50.3735,8.65379,42.4637,6.96723,33.4875,7.65914,26.2096,10.6352,21.1823,17.0769,18.5873,28.6153,19.1446,42.7999,25.1511,43.7796,39.1136,25.9072,50.9214,12.7578,48.8462,7.94222,40.166,6.94709,31.4879,8.15613,24.7492,12.4994,45.5382,10.2586,73.1946,7.3888,72.9807,5.9701,50.1923,5.79941,30.4332,6.38949,19.2115,7.51292,14.0478,9.05805,12.894,10.8542,15.7631,12.3809,25.834,12.3559,49.2081,9.86617,75.2344,7.12358,70.6941,5.8933,47.2792,5.83822,28.5991,6.50325,18.2946,7.6848,13.7069,9.27406,13.0046,11.0769,16.5143,12.4974,27.9218
31.4699,0.999557,0.0309682,7,127,0,-23.0094,1.09027,0.384754,0.0282343,0.0120295,0.36937,1.03002,0.0213146,0.148734,7.35182,10.6007,30.8194,34.2245,0.445277,0.377332,0.316728,0.226677,9.93291,25.5171,15.0227,22.8877,23.3863,23.6831,33.1603,29.9901,35.2699,44.0519,24.2612,58.2675,13.257,59.4335,8.18393,51.1787,6.61404,41.2408,6.94978,32.8436,8.9596,26.807,13.2138,23.3546,20.6061,23.0059,30.5321,27.3852,36.1581,39.247,28.1965,55.1161,15.8269,60.4951,9.18848,54.0249,6.83805,44.0667,6.68633,35.0734,9.12995,54.5024,6.50316,62.1088,4.79406,50.5394,4.22312,34.8802,4.39159,23.4573,5.0849,16.8445,6.23029,13.8755,7.76676,13.9702,9.46351,17.9792,10.5817,28.9254,9.81499,48.4867,7.27521,62.2325,5.17979,55.2421,4.30377,39.4,4.27805,26.4085,4.82195,18.4349,5.83291,14.4557,7.26107,13.6008,8.95523,16.1961,10.376,24.5766
34.8442,0.927112,0.0309682,7,127,0,-25.2601,1.09113,0.808523,0.0354675,0.0251073,0.403095,0.582266,0.0197105,0.126874,7.26698,8.79193,24.9429,22.4181,0.234054,0.327177,0.306777,0.426296,9.88028,19.6599,15.5315,16.7713,25.7998,16.6981,39.9089,21.2922,45.6947,34.1413,30.2219,49.4188,14.6063,50.4973,8.35849,41.8397,6.71103,32.2832,7.32597,24.6961,10.0317,19.5046,15.8306,16.7109,26.2969,16.7688,40.4176,21.6118,45.4652,34.7961,29.4576,49.7708,14.2217,50.2674,8.23565,41.4571,6.69869,31.9495,7.38789,24.4528,9.14933,40.8925,5.62561,59.4927,2.85474,55.5615,1.89031,41.4017,1.76765,28.9936,2.14519,20.6559,3.06217,15.9499,4.72416,14.4696,7.21332,17.1165,9.41907,27.955,8.06108,49.8031,4.29562,60.4974,2.33729,50.3963,1.77496,36.2079,1.85611,25.334,2.42279,18.4655,3.59659,14.9977,5.59246,14.8666,8.23373,19.9312,9.47733,35.4785
36.0108,0.987726,0.0309682,7,127,0,-29.974,1.08387,0.931637,0.0302679,0.0292833,0.389941,0.506066,0.0215089,0.156161,7.24978,7.21127,28.5828,24.526,0.353005,0.277806,0.262497,0.341122,9.85574,23.1717,15.171,20.414,24.2187,20.9662,35.2885,26.9803,37.8726,41.303,25.0852,55.9549,13.0597,56.331,7.95507,47.3614,6.54705,37.3167,7.11798,29.1775,9.53613,23.5423,14.5676,20.5396,23.2786,20.7458,34.4347,26.1441,38.3498,39.7786,26.432,55.1578,13.7981,56.8317,8.21189,48.265,6.58034,38.1375,6.99976,29.7915,6.65588,46.3574,3.31049,60.7082,1.55396,52.204,1.05202,38.2165,1.03742,27.003,1.34414,19.5208,2.06567,15.2555,3.44407,13.9946,5.63403,16.9875,7.50655,29.2623,5.77359,52.6612,2.63216,59.9782,1.34054,48.3473,1.01353,34.7788,1.08869,24.6064,1.49191,18.0589,2.36466,14.6,3.96797,14.2717,6.29352,19.081,7.4889,35.1311
35.6962,0.997629,0.0309682,7,127,0,-32.0542,1.1961,0.933315,0.0358322,0.0274341,0.372507,0.502589,0.019884,0.138498,7.19755,7.99195,29.2323,22.2331,0.304112,0.360533,0.322929,0.341165,9.29306,23.6448,14.0573,20.4373,22.7015,20.1492,34.3683,24.4656,39.3646,35.964,27.7461,49.3112,14.5764,51.1491,8.6551,43.9603,6.94291,35.2068,7.45694,27.9035,10.0141,22.7848,15.4791,20.1084,24.9827,20.5721,36.4698,26.1902,38.1931,39.0367,24.5367,50.8209,12.8394,50.1065,8.06165,42.1379,6.8925,33.5505,7.79879,26.6678,8.45664,44.6246,4.40701,66.908,1.85507,60.533,1.11654,44.4688,1.01774,31.0449,1.26336,21.9104,1.91317,16.4211,3.2261,14.043,5.53843,15.3931,8.36784,24.5502,7.99733,49.3326,3.81768,67.6068,1.6633,58.1159,1.07291,42.0823,1.03471,29.3353,1.3342,20.8269,2.06655,15.8453,3.51687,13.9638,5.99233,16.1249,8.66621,27.3095
36.796,0.929963,0.0309682,6,127,0,-28.0198,1.07605,0.814022,0.031231,0.0245574,0.381098,0.554231,0.0204167,0.11752,7.18614,9.61255,26.6971,24.2119,0.278824,0.279901,0.318384,0.344461,9.97013,21.6453,15.5886,19.0803,25.2296,19.628,37.2953,25.423,40.5133,39.5895,26.642,54.652,13.4698,55.4235,7.938,46.6487,6.35174,36.7121,6.7602,28.589,8.93695,22.8462,13.6107,19.5427,22.0334,19.0689,34.0129,23.0128,41.4891,34.7105,31.4929,51.425,16.3523,56.6744,8.96877,49.5287,6.56001,39.4334,6.47381,30.6789,9.51541,44.9738,5.46266,63.0334,2.71128,57.1321,1.80206,42.3028,1.69418,29.6888,2.06421,21.1764,2.96207,16.2473,4.61596,14.4432,7.19896,16.475,9.85367,26.0766,9.12928,48.1461,4.97695,63.5014,2.52447,55.3861,1.75672,40.5059,1.71582,28.3965,2.14462,20.3745,3.12269,15.8501,4.89041,14.4508,7.57176,17.1377,10.0392,28.174
32.6815,0.817328,0.0309682,7,127,0,-25.1449,1.09709,0.630704,0.0646064,0.0208101,0.426127,0.701219,0.0215597,0.195063,6.66196,6.47276,15.7174,22.6472,0.321725,0.333179,0.456458,0.274528,8.21392,12.0044,12.2885,9.72378,20.3193,8.9469,33.1622,10.3254,43.9826,15.7884,35.0937,25.2166,17.4463,28.6834,9.15318,24.5633,6.74364,18.9171,6.96674,14.2688,9.28057,11.0556,14.5296,9.27083,24.2809,9.11407,37.9651,11.6188,43.6576,18.9258,28.3782,27.5748,13.5517,27.7631,7.89916,22.5812,6.58847,17.1543,7.51045,12.9947,6.38401,41.0096,4.16791,57.8332,2.38503,53.2113,1.71533,38.8439,1.64413,26.5499,1.94538,18.5841,2.61112,14.2828,3.71194,13.0259,5.23098,15.3785,6.5983,24.4957,6.16588,44.0512,3.85015,58.4729,2.24026,51.421,1.67879,36.9269,1.66499,25.2112,2.01361,17.8006,2.73425,13.9357,3.89858,13.0989,5.45233,16.1116,6.68885,26.5718
34.8892,0.993754,0.0309682,7,127,0,-26.4319,1.49006,0.444651,0.0350183,0.0135063,0.276729,0.97736,0.012844,0.158028,7.22201,9.58676,35.3956,26.5151,0.266735,0.387645,0.229378,0.295098,10.2728,29.9436,16.9809,26.9105,29.5294,27.3147,46.0682,33.6927,49.5095,48.5026,30.635,62.2508,14.7594,62.4147,8.36397,54.5108,6.47121,45.3276,6.78544,37.3506,9.10784,31.2865,14.5459,27.4953,25.2459,26.7357,41.5481,31.0262,51.2679,43.5681,36.8851,59.5088,18.1491,63.6171,9.55986,57.1112,6.74096,47.9018,6.50729,39.4655,9.2697,45.747,6.83914,62.4013,4.64585,57.2383,3.72247,41.1166,3.67453,27.5121,4.2055,19.1667,5.22669,15.1017,6.70169,14.5053,8.4403,18.0478,9.6941,28.8974,8.98699,49.2274,6.41832,63.0918,4.42249,54.9326,3.66788,38.6467,3.72364,25.8623,4.33445,18.275,5.43037,14.7833,6.96759,14.7415,8.70147,19.1516,9.75023,31.5582
37.5059,0.940096,0.0309682,7,127,0,-30.4484,1.13207,0.510536,0.0400965,0.0163979,0.377262,0.828822,0.0190879,0.177503,6.92573,7.87528,22.8016,28.8326,0.356861,0.257245,0.366886,0.26898,9.50258,18.2236,15.0391,15.7012,25.1242,15.6669,39.015,19.787,44.7992,31.109,29.8468,44.5367,14.4439,45.8779,8.13307,38.6058,6.36121,30.2651,6.76477,23.4567,9.08328,18.6469,14.2015,15.8794,23.7026,15.5083,37.4575,19.0016,45.2204,29.4324,32.096,43.4561,15.6842,46.3543,8.5502,39.5851,6.43424,31.1651,6.62791,24.1384,6.98523,48.7691,4.63999,59.8567,3.05974,50.823,2.50619,35.9417,2.56194,24.431,3.04537,17.4398,3.93627,14.0606,5.24284,13.7821,6.80629,17.5191,7.87157,28.6371,7.00927,48.5286,4.66621,59.8588,3.07163,50.9964,2.5086,36.1071,2.5586,24.5406,3.03722,17.5003,3.92312,14.0827,5.22501,13.7656,6.78808,17.4401,7.86756,28.4431
32.8508,0.885801,0.0309682,7,127,0,-26.9848,1.48842,0.358735,0.0414186,0.0104793,0.291423,1.11375,0.0156845,0.193264,7.2824,8.69436,31.7294,36.5172,0.29597,0.419876,0.366081,0.32115,9.62333,26.9886,14.8531,24.3191,24.2159,24.5449,35.7979,29.4208,38.163,40.1364,25.5312,49.9579,13.7231,50.3229,8.44953,44.4404,6.89006,37.3262,7.43131,31.1295,10.0269,26.5897,15.6534,24.1817,25.4722,24.8075,36.7873,30.3209,37.3381,41.4675,23.9439,50.4834,12.8773,49.8726,8.14701,43.6699,6.85853,36.5904,7.60337,30.5493,7.53604,59.2541,5.41716,67.9161,4.03221,54.6186,3.58123,36.9719,3.7361,24.4274,4.31443,17.3537,5.24851,14.2784,6.48073,14.5045,7.82127,18.9926,8.68327,31.2101,8.03335,53.1573,5.97801,68.1715,4.30848,59.4933,3.63318,41.4972,3.64612,27.2928,4.11702,18.8526,4.9569,14.793,6.11641,14.0958,7.46259,17.1754,8.55059,26.7801
35.0141,0.999232,0.0309682,6,127,0,-24.1876,1.18236,0.367086,0.042856,0.0117414,0.389975,1.12409,0.0189657,0.156833,6.59386,10.7582,23.7474,31.3158,0.356744,0.441808,0.305561,0.324562,8.76009,18.5315,13.9011,15.4617,23.9299,14.8472,39.2003,18.2038,47.9926,29.0319,32.4518,43.5134,14.9465,45.3399,8.10683,37.7333,6.33252,29.1568,6.90798,22.313,9.65316,17.6056,15.7625,15.0657,27.2049,15.1841,42.7654,19.9623,46.4126,32.7578,27.3102,45.3748,12.5576,43.9592,7.39038,35.6124,6.29066,27.3415,7.33903,21.0005,9.56361,51.6436,6.9556,61.41,5.13062,50.5957,4.50153,34.5418,4.66479,22.8425,5.37726,16.2098,6.54653,13.3425,8.09269,13.6103,9.75576,17.9606,10.7484,29.6395,9.77915,49.6971,7.20105,61.4947,5.25047,52.1538,4.52221,35.9779,4.62228,23.7442,5.28651,16.6727,6.41372,13.4839,7.92951,13.4354,9.60408,17.2817,10.7186,28.0615
28.9197,0.962337,0.0309682,7,127,0,-25.0779,1.03487,0.347263,0.0275939,0.00986671,0.45224,1.12093,0.0196175,0.150153,6.38917,10.7846,28.8778,36.9599,0.286728,0.422181,0.325514,0.310171,9.0751,21.2936,15.159,17.0571,27.195,16.2417,46.5962,21.115,59.353,39.514,37.1072,67.9786,14.5833,69.5335,7.38205,54.0433,5.80807,38.9358,6.56577,27.8788,9.53412,20.6806,16.1202,16.7904,28.9711,16.4158,48.8532,22.251,58.7243,42.6562,33.7833,69.79,13.2785,68.1975,7.04498,52.2552,5.79542,37.5351,6.76694,26.9252,9.60112,57.0308,7.27537,66.1117,5.57831,55.7854,4.93556,39.5841,5.0486,27.0961,5.69416,19.6709,6.76871,16.2642,8.18298,16.2351,9.71059,20.304,10.7385,31.1088,10.2269,50.1698,8.08253,65.3998,6.03848,60.8408,5.05631,45.0263,4.94123,30.819,5.41822,21.7288,6.35254,17.0508,7.66369,15.8546,9.19551,18.3073,10.5011,26.3834
30.9526,0.915024,0.0309682,7,127,0,-23.5216,1.19606,0.306373,0.0317592,0.00963177,0.376584,1.34975,0.0212945,0.195269,6.99969,9.99566,32.3303,31.9675,0.292426,0.392922,0.298817,0.298193,9.19291,26.26,14.027,22.9418,22.5828,23.0833,33.4031,28.7905,36.2573,42.6391,24.1979,56.5903,12.734,56.8111,7.87563,48.1119,6.61649,38.3567,7.38342,30.4528,10.1795,25.0883,15.9217,22.5874,25.475,23.9306,35.5919,31.6943,34.0963,47.1329,20.4552,58.0969,10.905,54.9325,7.28952,45.4173,6.64394,36.0141,7.90726,28.7585,8.9744,54.5915,6.69519,65.5692,5.08087,52.6565,4.5492,34.4524,4.73605,21.9159,5.40192,15.1889,6.44101,12.4486,7.76566,12.8759,9.1555,17.4612,9.98576,29.8593,9.18781,52.0292,6.94747,65.7027,5.20393,54.763,4.56693,36.297,4.68791,23.0106,5.30625,15.7224,6.30671,12.598,7.60575,12.6573,9.009,16.6417,9.95373,27.9033
30.1627,0.992815,0.0309682,6,63,0,-23.5776,1.10092,0.288762,0.037943,0.00874424,0.373637,1.4652,0.0181887,0.211129,7.12213,9.40902,19.6586,27.3039,0.333704,0.40537,0.264187,0.279181,10.9827,15.8805,18.7926,14.2185,32.5663,15.4612,48.9403,22.4689,47.1469,38.846,24.3198,51.3888,10.7485,47.6811,6.33444,38.0219,5.37113,29.0134,6.1649,22.123,8.81769,17.3885,14.5176,14.7076,25.3524,14.4094,41.8347,18.1722,51.9252,30.2285,35.1544,47.6031,15.4198,50.8793,7.73818,42.6592,5.55874,32.9776,5.59701,25.0567,9.16557,46.0519,7.51765,62.9543,5.80221,58.6129,4.98673,41.6089,4.94939,27.1396,5.43019,18.6152,6.28261,14.7256,7.40243,14.3743,8.60637,18.0196,9.43942,28.338,9.08756,47.5838,7.37837,63.4347,5.71274,57.5848,4.96214,40.4031,4.96869,26.3471,5.47959,18.2062,6.35452,14.5893,7.48821,14.4835,8.68551,18.4855,9.4637,29.4234
36.0362,0.976035,0.0309682,8,255,0,-23.2131,1.51626,0.579398,0.0525164,0.0183143,0.262973,0.747777,0.0153543,0.117495,6.93338,11.408,24.4585,26.2972,0.31412,0.355017,0.272611,0.261643,9.55911,21.281,14.9774,19.6644,24.1739,20.3207,34.5077,24.6044,35.1059,32.9351,23.0637,39.8674,12.5507,39.964,7.76187,35.7009,6.22287,30.469,6.49858,25.7749,8.45172,22.1706,12.8158,19.9899,20.7613,19.7849,31.5241,22.7075,36.6897,29.9465,27.5152,38.2657,15.2868,40.6258,8.85348,37.3255,6.48973,32.1672,6.23695,27.2095,10.5305,47.0906,6.71115,61.7979,4.04407,53.9032,3.10241,38.3576,3.09554,25.9577,3.71106,18.2255,4.94468,14.2543,6.88324,13.4236,9.41355,16.4991,11.4569,27.0422,10.3868,48.1655,6.53921,61.8867,3.96862,53.2071,3.08546,37.6724,3.1113,25.4954,3.75449,17.963,5.0193,14.1461,6.99166,13.4661,9.53561,16.7844,11.4984,27.8152
35.5185,0.97952,0.0309682,7,127,0,-27.356,1.49696,0.564297,0.0511363,0.01776,0.306467,0.779098,0.0134433,0.142447,6.53708,9.69902,26.5953,26.4305,0.327962,0.335115,0.271499,0.245126,8.57723,21.6094,13.8883,18.4086,25.09,17.4608,43.6545,20.2773,55.9575,29.8814,38.3709,42.6786,17.277,44.9783,8.85836,39.0521,6.48827,31.7413,6.75476,25.478,9.30505,20.8279,15.5318,18.0164,28.2487,17.64,47.5154,21.5438,54.8642,32.5964,33.2425,44.1774,14.7986,44.173,8.08422,37.5923,6.37208,30.3904,7.05667,24.4245,8.93889,47.7194,5.70993,62.5596,3.47315,54.0393,2.6993,38.0002,2.72161,25.47,3.27959,17.8111,4.36895,13.9958,6.05236,13.3932,8.19574,16.9106,9.7902,28.4576,8.61093,50.5259,5.34296,62.6192,3.3173,52.1362,2.66851,36.2148,2.76232,24.2978,3.38207,17.165,4.54066,13.7525,6.29566,13.5571,8.45468,17.7658,9.83715,30.677
36.7222,0.956401,0.0309682,7,127,0,-27.9772,1.27675,0.440188,0.0419846,0.0141117,0.329399,0.989013,0.01615,0.184003,7.00267,8.62055,25.1166,25.5993,0.247558,0.287364,0.323616,0.227585,9.6769,20.6059,15.5193,18.0688,26.3329,18.0854,41.1595,22.4204,46.5827,33.6819,30.5767,46.0416,14.8601,47.1485,8.35044,40.5331,6.44329,32.7307,6.75247,26.1283,9.00556,21.2824,14.1466,18.3654,23.9565,17.8371,38.5498,21.1809,47.2962,31.1632,34.2317,44.4554,16.9167,47.7773,9.06599,41.9419,6.59141,34.085,6.56286,27.1982,8.14905,46.2678,5.73632,62.5049,3.80187,54.7933,3.07288,37.7911,3.09433,24.5745,3.60882,16.8211,4.55402,13.1717,5.91228,12.7571,7.52392,16.3198,8.68611,27.4297,7.93588,48.9429,5.45199,62.7926,3.6652,52.9307,3.04477,35.992,3.1305,23.4311,3.69535,16.2217,4.68928,12.9644,6.09012,12.9263,7.70199,17.1073,8.72518,29.4235
36.5059,0.863259,0.0309682,7,127,0,-25.6558,1.56753,0.501879,0.0483712,0.0153905,0.25852,0.830554,0.0136242,0.253654,6.93288,5.53748,27.774,31.1629,0.257878,0.252369,0.246567,0.278614,9.57528,23.9355,15.31,21.7998,25.6881,22.1305,38.7438,26.5506,41.4351,36.1779,27.168,45.0429,14.0584,45.6436,8.24337,40.7664,6.37599,34.6736,6.55204,29.1832,8.53779,24.9166,13.1855,22.2233,22.0891,21.6982,35.1267,24.6863,42.7259,32.9311,32.1584,43.1391,17.0891,46.2868,9.41028,42.4785,6.67165,36.4653,6.32362,30.7016,4.83016,52.3787,3.1858,63.0859,2.11684,52.9035,1.75057,37.231,1.79896,25.277,2.14073,18.0505,2.76288,14.5624,3.67115,14.2698,4.75931,18.102,5.51951,29.5441,4.96219,50.4063,3.32839,63.1125,2.18164,54.331,1.76394,38.5916,1.78127,26.1804,2.09721,18.5507,2.69259,14.752,3.57546,14.1526,4.65918,17.4978,5.48923,28.0254
33.838,0.861182,0.0309682,8,255,0,-27.4058,1.53925,0.55434,0.058209,0.0167884,0.270232,0.770224,0.0145897,0.0933644,6.96378,14.2517,23.1297,28.259,0.320859,0.37455,0.400942,0.376846,9.3531,19.8298,14.6337,17.9487,24.1931,18.0813,36.3635,21.4912,39.51,29.1298,26.6856,36.4516,14.1295,37.1451,8.40146,33.1913,6.56654,28.1649,6.80409,23.6475,8.90718,20.1874,13.7276,18.0977,22.6903,17.9131,34.929,20.802,40.1466,27.9714,28.7248,35.8205,15.3413,37.4144,8.86417,33.822,6.66914,28.8101,6.67471,24.1836,13.1283,48.734,8.70019,62.9205,5.47587,55.418,4.27898,39.9648,4.26058,27.3703,5.0374,19.4437,6.57754,15.3834,8.94355,14.6026,11.9394,17.8769,14.2725,28.5588,13.0625,49.1503,8.6184,62.9658,5.43753,55.1469,4.2698,39.6869,4.26831,27.1795,5.05911,19.3348,6.6143,15.3388,8.99566,14.6211,11.9963,17.994,14.2919,28.8628
33.8795,0.889912,0.0309682,7,127,0,-27.5415,1.24907,1.00412,0.0318019,0.0324252,0.336468,0.449109,0.0182127,0.112014,6.78157,9.78423,34.0334,26.7773,0.251392,0.421612,0.276369,0.287325,8.88142,27.9492,13.5744,24.3739,22.1729,23.9469,34.1557,28.5202,40.3226,41.0089,29.4242,56.5092,15.4303,60.1398,8.7602,53.0247,6.59789,43.3671,6.66578,34.8595,8.53855,28.5119,12.8783,24.6365,20.9882,23.7957,32.82,27.6594,40.4419,39.2142,31.2141,55.1593,16.6307,60.4416,9.21711,54.0617,6.70736,44.4262,6.57161,35.7132,7.93768,48.9235,3.54375,58.4336,1.65455,48.8859,1.14046,36.2316,1.14158,26.1858,1.50235,19.309,2.35978,15.2084,4.05781,13.7669,6.92131,16.0799,9.76971,26.5925,7.98707,48.6919,3.57776,58.4652,1.66492,49.0241,1.14257,36.3566,1.1397,26.2762,1.49628,19.3673,2.34689,15.2386,4.03361,13.7663,6.8855,16.0241,9.75456,26.4093
29.6927,0.678168,0.0309682,7,127,0,-21.9176,1.11177,0.775421,0.049873,0.0230954,0.406747,0.617545,0.0192061,0.228431,7.21889,4.96224,18.4405,20.8369,0.380778,0.229726,0.431963,0.426213,9.74827,14.3945,15.4104,12.126,25.987,11.9054,41.1106,15.0562,48.1364,24.3967,31.7498,35.9641,14.9562,36.8108,8.42223,30.3175,6.76224,23.243,7.46319,17.6837,10.3925,13.9182,16.7055,11.9391,28.1759,12.1197,43.3527,16.048,46.9718,26.4298,28.3979,36.9446,13.3822,36.0355,7.94368,29.1471,6.73831,22.2492,7.76044,16.9718,5.56303,38.9735,3.66097,62.403,1.81045,61.2536,1.13802,45.5301,1.02727,31.2248,1.22214,21.6561,1.72541,16.2433,2.65043,14.3045,4.07417,16.4876,5.48713,26.8643,4.96945,50.5784,2.68282,65.2777,1.41216,54.8301,1.04443,38.7308,1.07837,26.4666,1.39914,18.8337,2.06978,14.9761,3.2169,14.6251,4.77365,19.5837,5.62512,35.8723
33.4849,0.916413,0.0309682,7,127,0,-19.3635,1.26359,0.524783,0.0332608,0.0166608,0.318685,0.819864,0.017793,0.135897,7.06173,10.1692,32.4336,31.3993,0.258991,0.399839,0.268801,0.278006,9.32186,27.2012,14.1149,24.2515,22.5027,24.2838,33.357,29.0272,37.7962,40.5473,27.5264,53.6194,15.0794,56.4993,8.88564,50.4212,6.76062,41.9658,6.75441,34.3254,8.45395,28.4966,12.4,24.8425,19.6796,23.8925,30.2921,27.0174,37.9905,36.5613,31.5389,50.4985,18.0666,56.9044,10.1248,52.6588,7.10689,44.4085,6.5841,36.3723,8.63834,51.3516,5.62503,59.4136,3.7991,48.7883,3.22307,34.2657,3.38874,23.4952,4.10581,17.1187,5.3665,14.2622,7.16394,14.6398,9.17913,19.6152,10.1599,32.9128,8.39341,52.825,5.41122,59.0656,3.71171,47.5386,3.21307,33.1845,3.42848,22.8033,4.19015,16.7551,5.4976,14.1649,7.33355,14.8439,9.32798,20.3482,10.1288,34.4913
33.9692,0.983235,0.0309682,7,255,0,-23.4224,0.935763,0.901614,0.0315735,0.0292381,0.484567,0.51011,0.0244882,0.173095,6.86385,5.98194,22.3473,24.5554,0.248197,0.361198,0.33972,0.355429,9.51088,16.7431,15.065,13.8308,25.054,13.7793,39.0386,18.5481,45.3209,33.3834,28.9263,52.7891,13.1195,53.0738,7.44692,41.4711,6.18305,30.021,7.03062,21.6584,9.91069,16.3366,15.8362,13.6852,26.3267,13.9788,40.366,19.4712,44.6426,35.5004,26.8498,53.8414,12.2049,52.1587,7.18902,40.2289,6.18515,29.0415,7.2167,20.9998,5.65588,42.2213,3.22234,54.9237,1.67221,49.3675,1.15549,37.496,1.11267,27.2642,1.37979,20.2209,2.01043,16.1802,3.16078,15.068,4.86378,18.0166,6.20127,28.7727,5.01717,47.6271,2.62584,54.8322,1.44937,46.0393,1.10752,34.2298,1.15863,24.8953,1.51921,18.7562,2.2826,15.5408,3.60808,15.3988,5.3767,20.0932,6.17888,33.8895
33.5283,0.974829,0.0309682,7,127,0,-23.2301,1.14276,0.404184,0.0272377,0.0134275,0.353068,1.03236,0.0187811,0.198138,7.93521,7.93421,34.0237,27.7276,0.440704,0.318083,0.331413,0.265302,10.6999,28.3744,16.2126,25.5332,25.3321,26.3481,35.9909,33.0166,38.2133,47.6756,26.2869,62.2218,14.4171,63.4219,8.90946,55.0131,7.18555,44.7728,7.53433,36.018,9.71434,29.6588,14.3663,26.0013,22.4855,25.6671,33.3322,30.4239,39.1855,43.013,30.2616,59.2607,16.9946,64.454,9.92227,57.7405,7.41278,47.5039,7.26589,38.1948,7.28222,45.981,5.33521,57.5452,3.81782,49.9405,3.22796,35.284,3.27145,23.7287,3.75025,16.8369,4.59531,13.6296,5.75854,13.479,7.06277,17.1104,7.92669,27.3213,7.32418,45.4616,5.38929,57.4978,3.84604,50.3154,3.23435,35.665,3.26394,23.9801,3.7321,16.9717,4.5676,13.6762,5.72341,13.4402,7.02889,16.9408,7.918,26.9222
30.7447,0.820545,0.0309682,7,127,0,-26.4517,1.10202,0.398361,0.0330694,0.0118292,0.362659,1.02462,0.0191653,0.175669,7.7238,8.87959,28.6615,30.4678,0.378644,0.318753,0.386012,0.361106,9.86569,23.5297,14.4154,20.5667,22.2926,20.2263,32.8371,23.8385,38.97,33.5776,30.9414,46.6785,17.7559,51.5148,10.3896,46.4781,7.69157,38.261,7.43589,30.6834,8.97643,24.9134,12.6729,21.2449,19.4355,19.9954,29.49,22.1477,38.298,29.8085,34.8654,42.9035,21.4367,51.3238,12.047,48.6902,8.20486,40.8713,7.31721,32.8882,8.23061,50.6443,6.08942,64.4736,4.34405,56.9734,3.62967,40.658,3.63347,27.3916,4.12488,19.313,5.02117,15.3921,6.27474,14.8318,7.72383,18.1984,8.81559,28.268,8.44595,47.5853,6.40815,63.812,4.52437,58.9896,3.67921,42.9193,3.6001,28.9418,4.02984,20.1739,4.87132,15.7349,6.07939,14.7056,7.52137,17.4071,8.72145,26.2789
30.2022,0.941479,0.0309682,7,127,0,-23.3295,0.901798,0.41286,0.0230201,0.0132013,0.50851,1.02817,0.0278324,0.16575,6.58188,9.78001,27.721,27.0131,0.318142,0.383709,0.216365,0.266324,9.3575,20.7039,14.9842,17.3278,24.83,17.9395,37.7469,25.7818,40.8604,48.6154,23.7362,73.5292,10.7231,69.5053,6.46435,52.4321,5.72634,37.1723,6.83798,26.521,9.93162,20.0312,16.0619,17.1461,26.5355,18.4553,39.2555,27.8588,39.3925,52.8648,21.2464,74.722,9.77354,67.4006,6.22178,50.0917,5.77875,35.4332,7.13018,25.3995,9.09155,47.8583,6.46915,62.755,4.42108,54.2913,3.65044,37.3622,3.69404,24.3494,4.27831,16.75,5.32547,13.1959,6.8011,12.8242,8.52482,16.3258,9.78075,27.0343,9.0889,47.8888,6.46558,62.7586,4.41929,54.27,3.65005,37.3411,3.69449,24.3359,4.2794,16.7429,5.32716,13.1934,6.80331,12.8259,8.52706,16.3342,9.78146,27.0557
30.6466,0.970804,0.0309682,7,127,0,-19.2342,1.07406,0.304235,0.0265348,0.00870331,0.42527,1.41384,0.020866,0.164241,6.63259,11.997,34.0247,28.8047,0.290775,0.25871,0.231552,0.273773,8.81996,26.0276,13.86,21.4178,23.4901,20.4718,38.1248,25.3057,47.4501,41.5849,33.1418,65.432,15.2959,69.535,8.19967,57.2627,6.34701,43.3253,6.85775,32.391,9.44712,24.9921,15.1425,20.9674,25.7309,20.7854,40.7099,27.1056,46.7603,45.8055,29.3713,68.0483,13.431,68.035,7.636,54.7433,6.29573,41.1821,7.14213,30.8642,11.6104,50.1897,9.2543,68.8641,6.95792,62.4507,5.95172,43.1034,5.96177,27.5817,6.63499,18.7316,7.79565,14.8136,9.32126,14.6355,10.9659,18.8591,12.0629,30.8548,11.4054,53.2017,8.92281,69.5308,6.76496,60.2958,5.90748,40.8451,6.01332,26.1673,6.75312,18.025,7.9655,14.5986,9.52385,14.8768,11.1498,19.8103,12.1014,33.0858
34.9688,0.99233,0.0309682,7,127,0,-25.9237,0.970941,0.416088,0.028775,0.0118487,0.450378,1.01956,0.0251482,0.16281,6.99451,10.1314,27.7774,28.8002,0.27256,0.369264,0.263511,0.24769,9.13902,21.5971,13.6974,18.2327,21.6644,17.986,32.4078,22.5891,37.8535,35.7764,27.3946,53.3192,14.2374,56.5734,8.31677,47.2741,6.63164,36.155,7.07772,27.2796,9.35548,21.2881,14.1094,18.1116,22.3213,18.1086,33.0855,23.1536,37.6644,36.9777,26.3722,54.1211,13.6367,56.2006,8.11114,46.5179,6.60549,35.4824,7.16863,26.7945,9.53337,53.5883,6.65721,73.1245,4.38685,63.4445,3.54289,42.9781,3.56457,27.4096,4.14287,18.3947,5.20055,14.107,6.72298,13.3529,8.57393,16.6992,10.0902,27.8971,9.63583,52.1343,6.81085,72.8396,4.46368,64.4168,3.56076,43.9534,3.54872,28.0305,4.10175,18.7235,5.13533,14.2354,6.63532,13.3069,8.47852,16.3892,10.0438,27.032
37.1381,0.973756,0.0309682,7,127,0,-29.0615,1.54164,0.820402,0.0531809,0.0276509,0.278949,0.536778,0.0143631,0.156087,7.00576,7.13161,26.5346,25.9991,0.34508,0.277459,0.347153,0.382087,8.95077,22.4544,13.664,19.9011,22.6869,19.4316,35.6063,22.3071,42.2297,30.0632,30.8583,39.1295,16.3888,41.2433,9.35127,37.2448,7.00294,31.5729,7.04063,26.3615,9.06691,22.3313,13.9097,19.842,23.1139,19.4673,36.0675,22.5013,42.1262,30.4266,30.2458,39.3601,16.002,41.1731,9.20335,37.0459,6.96904,31.3664,7.07805,26.19,6.14985,44.8316,3.35943,54.8051,1.81835,47.0805,1.33166,34.8889,1.3318,24.9925,1.67268,18.3892,2.4195,14.7042,3.73208,13.778,5.63153,16.6371,7.16979,26.9197,5.99135,45.9516,3.22227,54.7289,1.76759,46.3596,1.32091,34.2048,1.34273,24.505,1.70473,18.0899,2.48066,14.5684,3.83173,13.8223,5.75305,16.9922,7.1969,27.8816
33.8725,0.883011,0.0309682,7,127,0,-28.3678,1.58225,1.14502,0.0557371,0.0372961,0.271191,0.405498,0.0130862,0.213073,6.91905,4.0233,24.9377,23.4848,0.284264,0.237094,0.308822,0.321115,9.39277,21.0991,15.1547,18.8027,26.2779,18.6735,41.8299,22.2189,47.1595,31.0644,30.8236,40.0263,15.1723,40.7859,8.56493,36.0558,6.57096,30.2567,6.8624,25.1371,9.2279,21.2383,14.8037,18.865,25.6574,18.6172,41.1883,21.9545,47.4427,30.5925,31.7069,39.7841,15.6431,40.911,8.73021,36.3074,6.60313,30.504,6.80957,25.339,4.06515,38.6654,2.28772,51.175,1.08861,47.9576,0.682065,38.2668,0.613241,29.1691,0.742504,22.3901,1.10541,18.0811,1.84354,16.3667,3.08089,18.287,4.27507,27.0837,3.61802,43.7365,1.81735,51.6336,0.912677,45.2874,0.637539,35.3737,0.631695,26.9014,0.821,20.8576,1.27671,17.2831,2.15942,16.4645,3.50339,19.9636,4.34391,31.5623
34.823,0.731303,0.0309682,7,127,0,-29.5633,1.12139,1.05329,0.0371069,0.0324245,0.375518,0.460813,0.0194361,0.114654,6.98326,10.4705,23.0012,22.8067,0.294489,0.337256,0.368093,0.365261,9.97876,18.5584,16.1491,16.3271,27.0365,16.9233,40.7706,22.5173,43.1159,36.2172,26.1107,49.4763,12.4693,48.6054,7.31921,40.093,6.00597,31.2265,6.63656,24.1883,9.14979,19.3017,14.5292,16.5917,24.37,16.4956,38.1628,20.7629,44.5558,32.8056,30.0854,47.7639,14.4269,49.7736,7.95419,42.0237,6.0921,32.9388,6.36707,25.4683,9.68148,49.9499,3.77152,66.9794,1.43522,55.2647,0.890886,39.5179,0.871971,27.4887,1.17964,19.4373,1.9632,14.5922,3.65304,12.5534,6.87689,14.2404,10.844,25.1105,8.93914,53.9343,3.27731,66.4954,1.31292,53.1864,0.868712,37.7612,0.892227,26.2676,1.24636,18.663,2.11425,14.1793,3.96409,12.5146,7.40075,14.898,11.117,27.7775
31.9189,0.8293,0.0309682,7,127,0,-23.5908,1.75814,1.05468,0.071487,0.0352947,0.240502,0.419707,0.0114604,0.176249,7.43551,5.22991,22.6397,21.7417,0.313184,0.275131,0.301801,0.322973,9.59307,19.58,14.8287,17.6406,24.9507,17.3262,39.3591,19.6693,46.0895,25.6663,33.1597,32.2381,17.608,33.672,10.0394,30.8129,7.44554,26.6949,7.38883,22.8061,9.43451,19.7015,14.4873,17.7009,24.3465,17.292,38.6999,19.4788,46.2292,25.3201,34.0113,32.0198,18.1559,33.7285,10.2547,30.9936,7.5008,26.8901,7.34658,22.9742,5.3751,38.1259,2.9601,52.8499,1.33508,49.5995,0.799462,38.9655,0.695141,29.0991,0.819415,21.7877,1.19452,17.024,1.97433,14.6814,3.37558,15.305,5.18637,21.4344,5.41841,37.5515,3.0292,52.6871,1.36206,49.8582,0.80694,39.2764,0.694675,29.3472,0.812822,21.9601,1.17919,17.1266,1.94433,14.7126,3.3262,15.2304,5.14161,21.1361
31.1686,0.991933,0.0309682,7,127,0,-24.8427,1.79772,0.88111,0.0354898,0.0260256,0.230301,0.558377,0.0126293,0.205539,6.52335,5.74125,46.0787,23.5882,0.291571,0.234326,0.323564,0.316298,8.57003,40.1706,13.3707,36.5136,22.4899,36.1851,35.018,41.3108,39.9658,53.5897,28.1985,66.2787,15.0058,68.6898,8.63654,62.957,6.43638,54.8393,6.38099,47.1448,8.11083,40.9498,12.3909,36.8956,20.769,35.9482,33.1622,40.0583,40.3627,51.353,30.5916,64.8584,16.5731,69.0187,9.26495,64.1027,6.6076,56.1006,6.27875,48.247,5.74245,46.7234,3.00482,66.2915,1.38224,57.8127,0.918746,41.4255,0.902722,28.4321,1.17039,20.0295,1.79412,15.425,2.9669,14.2338,4.78291,17.9042,6.1931,32.6102,4.50769,59.418,2.01518,64.7276,1.0779,49.8926,0.873306,34.6319,0.994216,23.8949,1.41352,17.406,2.27141,14.4084,3.76835,15.1527,5.66879,22.9302,5.82705,45.3857
31.8147,0.998238,0.0309682,7,127,0,-25.2469,1.45094,0.708796,0.104714,0.0231793,0.294552,0.643893,0.0148684,0.149646,7.37373,8.22479,11.975,28.4736,0.27871,0.364296,0.385413,0.356952,9.96056,10.116,15.6881,9.07339,26.0841,9.16186,39.3089,11.1135,42.2876,15.553,27.7192,19.7289,14.3567,19.8844,8.58424,17.4394,6.87941,14.5238,7.35871,11.9981,9.9201,10.1315,15.6066,9.07923,25.9508,9.15305,39.1909,11.0801,42.3647,15.4988,27.8969,19.7045,14.4514,19.901,8.61796,17.4697,6.88452,14.5529,7.3439,12.0212,6.89375,48.3607,3.96035,56.8433,2.36531,47.0243,1.89263,33.647,1.99808,23.5104,2.54836,17.2536,3.61396,14.2674,5.29778,14.4855,7.34392,19.6104,8.19159,33.9974,5.97949,53.2638,3.31328,55.1287,2.13945,42.8571,1.87556,30.1649,2.11632,21.2431,2.80936,16.0323,4.05502,13.9662,5.9116,15.3595,7.84626,22.7606,7.82799,40.2338
30.9173,0.924381,0.0309682,7,127,0,-24.0899,1.47252,0.576946,0.0513492,0.0172492,0.285637,0.682325,0.0152067,0.197587,6.74513,5.90668,24.3678,33.9693,0.299206,0.211862,0.470564,0.270915,9.32202,20.6316,14.9805,18.5596,25.3276,18.8274,38.5276,23.0314,41.1113,32.5255,26.2172,41.2439,13.2271,41.3788,7.78033,36.2268,6.1751,30.1776,6.5737,24.9336,8.8655,21.0136,14.049,18.7104,23.7662,18.6233,37.0639,22.2169,41.9506,31.1532,28.3526,40.586,14.3643,41.7722,8.18455,36.9754,6.24906,30.9044,6.43026,25.5201,5.01587,51.8548,3.32649,59.6387,2.23559,51.5196,1.83065,38.5748,1.84701,27.8842,2.17111,20.8609,2.79788,17.1372,3.74592,16.4485,4.92294,19.5469,5.83678,28.9423,5.48529,46.034,3.86487,59.1048,2.50854,55.3461,1.90836,42.8258,1.80484,31.0435,2.03056,22.8077,2.55373,18.0408,3.39541,16.3247,4.52312,17.9784,5.6192,24.8997
35.2392,0.756697,0.0309682,7,127,0,-22.827,1.21488,0.672271,0.0505768,0.0207616,0.350572,0.645054,0.016765,0.230521,7.31086,5.02743,19.9279,25.731,0.353821,0.265647,0.348118,0.269222,9.95549,16.1658,15.7431,14.0438,26.3969,13.9724,41.1128,17.3079,47.2002,26.2707,31.7255,36.6335,15.5786,37.8245,8.78513,32.3512,6.80791,25.8567,7.16154,20.4181,9.55316,16.4896,14.9286,14.1837,25.0043,13.8541,39.596,16.7199,47.6177,25.0612,33.8773,35.8676,16.7902,38.1442,9.20347,33.0439,6.88727,26.5112,7.03404,20.9256,4.85542,43.7368,3.19413,58.6981,1.87967,54.2934,1.36588,40.9249,1.3024,29.0176,1.52819,20.9877,2.03946,16.5128,2.89045,15.1855,4.05853,17.6726,5.08282,26.9242,4.74899,45.5335,3.04456,59.0772,1.80832,53.2626,1.34636,39.7567,1.31136,28.1615,1.56074,20.4659,2.09929,16.2728,2.98163,15.2275,4.16617,18.1451,5.12736,28.2011
33.2298,0.999958,0.0309682,7,127,0,-28.3202,1.19332,0.55201,0.0185786,0.0182652,0.353592,0.7317,0.0184105,0.120846,6.88223,10.1354,52.4776,32.9783,0.239708,0.32604,0.314913,0.308996,9.43972,42.6731,14.9212,37.2843,24.8344,37.4618,38.12,46.9424,42.872,71.4616,28.4517,98.6704,14.0773,101.059,8.05683,86.1585,6.3152,68.7683,6.6806,54.2769,8.91291,43.8507,13.8691,37.7748,23.0636,36.9837,36.244,44.7069,43.4585,66.9567,31.1498,95.8753,15.5978,102.269,8.58566,88.7423,6.41539,71.2067,6.5177,56.1657,8.25706,49.4197,5.42622,54.0218,3.77843,44.701,3.24618,32.5949,3.40262,23.3007,4.09035,17.5374,5.30973,14.8068,7.05954,14.9684,9.0531,19.0843,10.1791,29.8784,8.80817,46.5609,5.92216,54.5235,3.99968,47.0909,3.28758,34.853,3.32747,24.856,3.91251,18.4243,5.02365,15.1266,6.67566,14.6796,8.67426,17.839,10.1139,27.0776
31.37,0.978246,0.0309682,4,31,0,-28.382,1.18634,0.631433,0.0195111,0.0173072,0.375029,0.691366,0.0177618,0.127892,6.87703,10.8639,50.9482,33.2395,0.238023,0.324916,0.313279,0.313883,9.31561,40.288,14.8748,34.1217,25.5045,33.2677,41.1946,41.1939,49.281,65.1512,32.95,95.5902,15.3494,99.1566,8.37408,83.1685,6.48894,64.9286,6.96467,50.142,9.55764,39.7627,15.3752,33.8927,26.3835,33.4487,42.1792,42.1574,48.9545,67.2349,31.5411,96.7934,14.6456,98.477,8.15202,81.976,6.46019,63.8691,7.06036,49.3536,9.00775,62.5194,4.87948,75.3433,2.77954,60.1858,2.18866,41.0014,2.3008,27.2112,2.92211,18.93,4.12562,14.776,6.07419,14.0867,8.72524,18.0901,10.8358,32.3182,9.16934,61.3419,5.01409,75.5222,2.82676,61,2.1961,41.6873,2.28629,27.6519,2.88674,19.1761,4.06367,14.8764,5.97979,14.0416,8.61292,17.7879,10.8009,31.4276
37.432,0.995051,0.0309682,7,127,0,-26.8705,1.18698,0.695446,0.0444528,0.0207433,0.362579,0.62454,0.0183425,0.155761,7.10909,7.40797,21.9596,26.9336,0.290617,0.305439,0.254074,0.339536,9.70025,17.7647,15.3041,15.4586,25.4649,15.5131,39.0733,19.5068,43.7737,29.8821,28.8054,41.2604,14.2279,41.9908,8.22326,35.5526,6.54972,28.2111,7.0475,22.1765,9.54009,17.9049,14.9852,15.514,24.934,15.4479,38.5387,19.2212,44.013,29.3287,29.5953,40.9601,14.6446,42.1647,8.3635,35.8701,6.57007,28.5013,6.98931,22.3966,7.05379,46.2332,4.4881,61.3952,2.58528,55.9806,1.87262,41.9451,1.79702,29.7133,2.13243,21.5001,2.88632,16.9181,4.15459,15.5639,5.91982,18.1815,7.47579,27.997,6.91221,47.8108,4.30315,61.6628,2.50125,55.062,1.85049,40.9409,1.80834,28.9828,2.17204,21.0543,2.9597,16.712,4.26812,15.5993,6.05603,18.5918,7.53183,29.1229
29.9435,0.869375,0.0309682,7,127,0,-25.8457,1.56986,0.819807,0.0395341,0.0258761,0.264859,0.570938,0.0137256,0.185339,7.73589,6.64102,33.6814,24.4358,0.406929,0.34523,0.313914,0.21422,10.7823,29.2595,17.1656,27.0697,28.0552,28.1887,39.7808,34.6343,38.7715,46.5756,24.1399,55.2963,12.9421,54.2466,8.19679,47.8612,6.86207,40.613,7.5318,34.3265,10.2771,29.6799,16.1828,27.1857,26.5577,27.8239,38.7441,33.5268,39.8997,45.0806,25.939,54.7828,13.8716,54.7695,8.53307,48.7202,6.90453,41.4414,7.35568,34.9948,6.07907,47.7046,3.10282,62.988,1.51535,53.1878,1.06384,37.7764,1.0702,25.881,1.38385,18.2668,2.07984,14.1254,3.34462,13.0574,5.26228,16.248,6.86037,28.9236,5.3781,53.8772,2.54456,62.2228,1.33728,49.3006,1.03439,34.421,1.11875,23.6317,1.51415,16.9515,2.33099,13.5692,3.76421,13.3413,5.77388,18.1661,6.86438,34.4182
29.5178,0.960957,0.0309682,7,255,0,-19.4167,1.24412,0.80965,0.0296139,0.0270819,0.303378,0.560065,0.0156563,0.155784,8.51671,6.80145,33.8304,23.919,0.359097,0.331149,0.318461,0.229561,11.6914,29.1681,17.7828,27.0017,27.4977,28.2921,37.9849,35.0195,38.918,48.1648,26.6853,59.9895,15.0361,60.9135,9.40392,54.0988,7.47507,45.4312,7.60756,37.6617,9.49794,31.7117,13.6999,27.9735,21.2279,27.0146,31.9877,30.1759,40.1815,39.6272,35.0005,53.788,21.3373,61.7212,12.1812,58.7376,8.32288,50.6611,7.32111,42.1627,6.52346,40.1102,4.03578,52.5856,2.24831,48.1097,1.59829,36.6923,1.53439,26.602,1.85556,19.6902,2.59507,15.8084,3.87796,14.8339,5.66928,17.7521,7.02307,27.7656,5.90669,45.1282,3.37642,52.8255,1.97462,45.0059,1.53511,33.5044,1.58872,24.2862,2.02019,18.2809,2.90262,15.2184,4.35491,15.1814,6.18613,19.7078,7.01629,32.3926
35.9175,0.97559,0.0309682,6,127,0,-23.8001,1.34794,0.843246,0.044661,0.0258894,0.305667,0.536522,0.0164009,0.147376,7.41895,8.01287,26.7772,25.5851,0.330987,0.402469,0.37462,0.292474,9.53607,22.6027,14.2325,20.1461,22.6007,19.9638,33.6485,23.3182,38.6558,31.6379,28.8623,41.2194,16.162,43.63,9.60057,39.387,7.30023,33.1936,7.27741,27.4872,9.10466,23.0963,13.3683,20.3735,21.1785,19.8142,32.1433,22.5598,38.8344,30.1952,30.8442,40.1612,17.6049,43.8089,10.201,40.1933,7.46092,34.0713,7.17126,28.2242,7.26776,48.9075,3.69426,63.973,1.78846,54.6699,1.23034,39.5515,1.21037,27.5594,1.53915,19.6498,2.29489,15.1455,3.69854,13.6432,5.91745,16.0566,8.10792,26.8022,7.03977,50.7482,3.48617,63.9386,1.71864,53.5959,1.2157,38.559,1.22241,26.866,1.57694,19.2243,2.37039,14.9386,3.83003,13.6609,6.09845,16.4612,8.18502,28.1027
32.3694,0.920945,0.0309682,7,127,0,-26.02,0.839967,0.984571,0.0229998,0.0322375,0.503337,0.482817,0.0261114,0.211511,7.38414,5.75734,25.0924,24.0102,0.313681,0.221841,0.285744,0.370377,10.3637,19.0319,16.1148,16.1369,25.789,16.7026,38.334,23.3133,42.9719,42.3364,27.8432,66.5134,13.1886,67.1405,7.641,52.5343,6.29591,37.8827,6.96001,27.1279,9.41587,20.2193,14.3715,16.5635,23.0086,16.1628,35.305,20.8201,43.6356,36.2391,32.6106,61.9843,15.7928,69.2656,8.46161,56.48,6.40345,41.1734,6.6408,29.3986,4.86878,49.3056,1.99721,61.5991,0.857545,50.1102,0.579179,35.7211,0.590238,24.8547,0.802843,17.7014,1.30784,13.5627,2.33077,12.1528,4.11118,14.6237,5.89173,26.583,4.45049,52.7906,1.74601,60.871,0.790734,48.0546,0.568336,34.0111,0.606667,23.6817,0.850578,16.9768,1.40977,13.2075,2.52576,12.2031,4.39968,15.4752,5.95709,29.5166
29.5492,0.889298,0.0309682,7,127,0,-24.2493,0.705064,0.750332,0.0144323,0.0235995,0.621001,0.635551,0.0337151,0.242238,7.33367,5.53763,32.5893,24.1588,0.26177,0.329861,0.293139,0.297652,9.98145,23.3221,14.9712,18.9388,23.1607,19.1669,34.054,26.9434,40.0606,52.3528,28.1391,93.1558,13.4795,98.4175,7.75782,74.2386,6.44263,50.31,7.1686,33.8509,9.6221,24.0157,14.3357,19.1831,22.1765,18.8921,32.952,25.5959,40.1549,48.6275,29.9431,89.8503,14.5043,99.9135,8.06568,76.9401,6.46606,52.3995,7.02047,35.18,5.06069,49.3198,2.58843,65.8132,1.28759,54.1711,0.933205,37.1313,0.963895,24.6085,1.26035,16.9688,1.88492,13.051,2.97844,12.3231,4.56418,16.1604,5.7341,30.7167,4.26982,58.0349,2.00118,64.046,1.10807,48.3666,0.912238,32.4488,1.03087,21.6335,1.42222,15.3279,2.18338,12.4519,3.45402,12.9098,5.09198,19.2468,5.60253,39.1781
30.9134,0.999328,0.0309682,7,127,0,-20.4137,0.794444,0.903023,0.0358204,0.0262706,0.581607,0.476087,0.0286343,0.130534,6.66807,7.74508,15.9312,30.1925,0.417654,0.345186,0.389843,0.350096,9.16462,11.1148,14.3295,8.62901,23.6142,8.20784,37.6034,10.9284,48.1968,21.5648,34.2708,41.8825,14.6518,45.7066,7.61426,34.4054,6.05997,23.2228,6.76933,15.5316,9.40722,10.8881,14.7922,8.53675,24.3966,8.26464,38.589,11.2977,48.2015,22.7188,32.6876,42.9259,13.8759,45.1926,7.40674,33.592,6.04951,22.6123,6.87844,15.145,6.71101,50.2315,3.65995,61.1842,1.94139,53.8333,1.37448,41.1913,1.33289,30.4081,1.64512,22.8537,2.37712,18.3586,3.71896,16.8457,5.77034,19.3143,7.68981,29.2659,6.87072,49.0367,3.81423,61.1424,2.00156,54.5286,1.38976,41.9119,1.32532,30.9527,1.61661,23.2093,2.3195,18.5421,3.61984,16.8428,5.63665,19.0126,7.62429,28.3809
31.3534,0.982857,0.0309682,7,127,0,-26.6335,0.921372,1.01335,0.0452117,0.0288397,0.499843,0.458308,0.0254575,0.123858,7.39724,9.49229,17.0444,30.416,0.407783,0.395466,0.419486,0.32608,9.54636,12.7697,14.2994,10.4238,22.8072,10.0495,34.8317,12.6495,42.0411,21.0033,30.6212,33.3558,15.337,35.7045,8.79329,29.002,7.10402,21.4004,7.79149,15.6265,10.582,11.9173,16.2786,10.1005,25.9792,10.3982,38.0742,14.2833,40.7738,24.5987,25.5601,35.4481,12.7134,34.2748,7.98956,26.74,7.09652,19.5503,8.34806,14.3757,7.35814,58.5408,2.98752,68.5156,1.34542,55.4673,0.939557,40.1422,0.971804,28.4804,1.32877,20.6895,2.16783,16.1409,3.86095,14.6596,6.77285,17.6925,9.54696,31.4739,7.12033,59.7707,2.85477,68.2027,1.3092,54.6995,0.933553,39.4958,0.98099,28.0283,1.35554,20.4049,2.2251,15.9988,3.97055,14.6781,6.93483,18.0232,9.58777,32.5775
27.2607,0.813468,0.0309682,7,127,0,-23.665,0.83676,0.990949,0.0360233,0.0304813,0.501393,0.412891,0.0254392,0.101873,7.18268,8.91899,15.8324,28.4301,0.348579,0.426516,0.446203,0.397722,10.1293,11.8957,15.8689,9.95587,25.7063,10.1334,39.0717,13.9548,45.5446,25.7219,30.3017,42.4537,13.9325,44.0634,7.70821,34.612,6.13575,24.8554,6.6427,17.6488,8.89631,12.9723,13.564,10.3895,21.9147,9.7907,34.5358,12.07,45.4641,20.6292,37.1557,37.6823,18.0755,45.5131,9.02552,38.1204,6.36888,27.8635,6.28929,19.7482,7.82395,45.86,4.26786,56.07,2.19582,50.7563,1.47577,40.199,1.35839,30.6234,1.61419,23.5051,2.29275,18.8977,3.6096,16.7796,5.79773,17.7944,8.37729,24.3337,8.68223,39.767,5.3818,54.6612,2.67866,53.6183,1.62317,43.742,1.35222,33.5382,1.48931,25.5728,2.0112,20.15,3.08625,17.1872,4.97738,17.0166,7.59197,21.3073
29.4543,0.995874,0.0309682,7,127,0,-19.9754,0.965405,1.19945,0.0679996,0.0441097,0.425773,0.375837,0.0217871,0.157109,7.27049,5.93956,10.464,25.3758,0.315524,0.237734,0.514457,0.377091,10.1744,8.23246,15.9621,7.10321,25.9436,7.26385,39.0302,9.62714,43.9561,16.0464,29.1294,23.8427,14.119,24.5082,8.03063,20.1365,6.34337,15.3086,6.74128,11.4971,8.91308,8.87527,13.5576,7.36482,21.987,7.02914,34.5624,8.45611,44.4167,13.3149,35.6452,21.6481,18.1374,25.1636,9.41639,21.8463,6.6303,16.886,6.41424,12.6727,4.51208,41.4825,2.00639,46.7565,0.962971,39.9195,0.670395,30.9959,0.67248,23.5866,0.893495,18.2594,1.43531,14.9737,2.54193,13.9223,4.40238,16.3557,5.95508,25.9239,4.40266,42.0007,1.94142,46.6391,0.942779,39.5757,0.666282,30.6764,0.676718,23.3444,0.907183,18.0964,1.46531,14.8891,2.59944,13.9372,4.48286,16.5584,5.96504,26.4857
31.3709,0.953082,0.0309682,7,127,0,-22.2928,1.07226,0.918601,0.0489095,0.0256095,0.416546,0.521862,0.0212699,0.14669,7.19146,6.87551,19.0654,19.5298,0.363417,0.377891,0.350114,0.334215,9.21996,14.9106,13.8818,12.4969,22.4683,12.0312,34.8362,14.5403,42.3989,22.324,31.4797,33.3102,16.1265,35.9818,9.08976,30.626,7.02695,23.8337,7.38521,18.2535,9.78238,14.3877,15.0025,12.2712,24.3365,12.1945,36.8673,15.4024,41.9452,24.186,28.5427,34.5623,14.4136,35.4341,8.50794,29.4783,6.94806,22.7944,7.63294,17.4898,8.63244,37.6037,5.59072,66.7671,2.30975,68.429,1.22981,51.7509,1.01142,35.9821,1.1731,24.9629,1.70517,18.1968,2.81622,14.9092,4.83779,15.3123,7.62555,22.6327,8.29428,45.7964,4.43978,70.7316,1.86578,64.5028,1.11943,47.0541,1.0231,32.5145,1.27562,22.744,1.93678,16.9773,3.26245,14.6008,5.56346,16.3451,8.2428,26.9633
26.8929,0.893187,0.0309682,7,127,0,-22.7773,0.924133,1.00211,0.0377702,0.0269532,0.484937,0.53496,0.0247664,0.147696,6.79174,7.88231,17.3194,17.8936,0.431232,0.377181,0.407599,0.342906,9.71937,13.02,15.6939,10.8953,26.3073,11.1636,40.6798,15.7374,45.2431,29.4066,26.8064,45.4034,11.8583,43.9213,6.85987,33.6636,5.84695,24.1398,6.79165,17.3196,9.71918,13.0202,15.6936,10.8953,26.3068,11.1635,40.6793,15.737,45.2436,29.4058,26.8073,45.4032,11.8587,43.9217,6.85995,33.6641,5.84693,24.1402,6.79155,17.3198,10.1882,42.6092,4.95272,80.7509,1.57205,72.4842,0.825781,49.9572,0.749589,32.7223,0.992569,21.7109,1.6553,15.3569,3.11682,12.6248,5.99215,14.1915,9.7921,26.9202,7.99762,66.177,2.62441,81.0352,1.03889,60.4094,0.740885,40.068,0.837139,26.2713,1.27064,17.8878,2.2857,13.491,4.41311,12.7286,8.08119,18.4626,10.1026,44.654
30.0509,0.997879,0.0309682,7,127,0,-20.9589,0.836638,0.709829,0.0349723,0.0238081,0.530353,0.630638,0.0253755,0.152688,7.87714,8.59505,17.6511,24.2171,0.383172,0.382946,0.358973,0.492423,10.7008,13.0823,16.3794,10.7742,26.1442,10.7693,39.3926,14.5168,46.0099,26.1471,31.4039,42.6691,15.0275,44.2382,8.63982,34.602,7.11583,24.709,7.91626,17.5214,10.7922,13.0072,16.5488,10.7471,26.4141,10.8022,39.681,14.6711,45.9233,26.5217,30.9439,42.9185,14.7915,44.0882,8.56877,34.3614,7.11198,24.5165,7.95637,17.393,7.62621,47.0884,4.05928,60.9576,2.12189,50.7152,1.55456,35.3619,1.57827,23.7776,2.00136,16.548,2.89005,12.7068,4.4203,11.708,6.65223,14.4082,8.65131,25.1172,7.45493,48.4112,3.90246,60.8835,2.06755,49.8836,1.5444,34.6284,1.59087,23.291,2.03563,16.2666,2.95358,12.5827,4.52273,11.7405,6.78199,14.7141,8.69777,26.0616
27.1143,0.99435,0.0309682,7,127,0,-19.4123,0.532132,0.621775,0.0221106,0.0186092,0.882415,0.689227,0.0507844,0.134348,6.97302,9.72859,14.4474,31.5926,0.247845,0.448644,0.361766,0.343343,9.23128,8.96044,13.3028,6.51303,19.7607,6.16965,28.7702,8.67776,36.8282,19.4575,30.3896,48.6145,14.1973,60.8261,7.59014,42.2271,6.2623,24.534,7.03606,14.134,9.3612,8.80869,13.5199,6.45867,20.0886,6.20298,29.1777,8.89319,36.9709,20.2776,29.6926,49.9339,13.7277,60.3885,7.46731,41.357,6.26126,23.9642,7.1017,13.8294,8.14235,54.9395,4.75739,65.1901,2.8763,53.5814,2.29834,37.7002,2.38911,25.7779,2.9673,18.4428,4.07762,14.7625,5.82453,14.305,8.08621,18.2309,9.71375,30.8689,8.26338,54.094,4.86445,65.2953,2.91777,54.1887,2.30567,38.2422,2.37669,26.1378,2.93661,18.6466,4.02491,14.8431,5.74715,14.2577,8.0001,17.9648,9.6941,30.1644
31.1396,0.895902,0.0309682,7,255,0,-14.8886,1.60857,0.668383,0.0839142,0.020575,0.277752,0.678774,0.0133313,0.0966599,7.2507,13.3562,17.0048,24.8128,0.417448,0.331498,0.389418,0.292821,9.76938,14.387,15.6994,12.8514,27.0342,12.8552,42.148,15.4563,45.4901,21.5408,28.6862,27.0494,14.312,26.9879,8.45949,23.6312,6.85386,19.7628,7.53714,16.4398,10.5694,14.0061,17.3697,12.7128,29.819,13.1023,44.3894,16.3544,43.3581,22.8603,25.2331,27.4675,12.695,26.4936,7.92916,22.8918,6.82679,19.0796,7.90326,15.9065,12.7439,46.6483,7.65507,64.0284,4.19402,56.203,3.04477,39.9445,3.00987,26.9749,3.69434,18.8132,5.14497,14.5277,7.56623,13.505,10.9266,16.6572,13.704,28.3088,11.8544,51.9155,6.67842,64.2018,3.81426,52.8698,2.96867,36.8291,3.0961,24.8948,3.92828,17.6304,5.56411,14.0453,8.20611,13.7418,11.6602,18.1593,13.8317,32.4557
34.1512,0.99451,0.0309682,7,127,0,-25.3398,1.09415,0.593301,0.0280656,0.0181102,0.40739,0.689035,0.01984,0.138252,6.90461,8.92704,34.426,31.8569,0.28339,0.348628,0.36575,0.39342,8.8125,26.6767,13.3887,22.0022,22.1691,20.6584,35.7907,24.2812,46.3587,37.2527,36.1324,58.3755,17.9702,65.6607,9.4636,56.5253,6.90848,43.9792,7.00597,33.4822,9.14055,26.0529,14.0699,21.6977,23.3744,20.753,37.3046,25.0903,46.4567,39.2806,34.0709,60.143,16.6442,65.2272,9.01175,55.2329,6.82131,42.7656,7.12793,32.5717,7.59561,51.8055,4.79123,61.0756,3.06085,51.9093,2.46144,37.8126,2.50173,26.6006,3.0016,19.4378,3.97042,15.7108,5.46528,15.0509,7.3682,18.307,8.84449,28.5969,8.08034,47.8714,5.30821,60.9719,3.29632,54.5678,2.51898,40.5098,2.45494,28.5069,2.86616,20.5704,3.73625,16.2097,5.12484,14.9228,6.97887,17.233,8.66669,25.764
34.7414,0.997442,0.0309682,7,127,0,-30.8771,1.01051,0.568222,0.0287242,0.0175711,0.441248,0.734405,0.0211999,0.140494,7.20158,9.76284,29.0657,36.2946,0.307714,0.325583,0.374763,0.367379,9.53865,22.237,14.7241,18.383,24.2933,17.72,38.3219,22.0346,47.0843,36.0288,33.8127,56.6742,16.266,60.932,8.88273,50.4398,6.86566,38.1192,7.31063,28.3958,9.83556,21.8155,15.3152,18.2006,25.2986,17.8417,39.4824,22.7309,46.9011,37.689,32.1152,57.871,15.3276,60.408,8.58276,49.4025,6.826,37.2143,7.43274,27.7468,7.34172,59.9928,4.19529,63.7006,2.72509,48.8162,2.35413,33.173,2.56989,22.3673,3.25476,16.0668,4.46344,13.1683,6.27237,13.3372,8.48176,18.0256,9.82257,32.0558,8.01317,56.1289,4.67851,65.0923,2.89807,52.128,2.37145,35.8559,2.49144,24.0662,3.08464,16.99,4.18452,13.4958,5.87743,13.0346,8.05935,16.5963,9.74967,28.3181
35.0025,0.892043,0.0309682,7,127,0,-25.2153,1.86429,0.624406,0.0795499,0.0189081,0.213295,0.765546,0.0111654,0.162005,6.81464,7.59098,20.2502,19.6563,0.268171,0.299592,0.289183,0.362578,9.69836,17.8983,15.9872,16.6218,27.4398,17.0264,41.1424,20.2332,41.8738,26.51,26.1168,31.4909,13.3672,31.466,7.86681,28.4794,6.09194,24.8171,6.26242,21.4491,8.20833,18.7514,12.8746,16.9859,22.0924,16.5967,35.9798,18.5017,44.2283,23.7282,33.222,30.0099,17.5439,32.012,9.48757,29.8768,6.52866,26.3142,5.99531,22.7614,8.62922,35.0645,6.61948,58.3891,3.78443,62.0511,2.49002,47.0639,2.22186,31.7571,2.52686,21.5549,3.32925,15.9963,4.70113,14.1407,6.63043,16.3727,8.42427,26.1113,7.94031,47.8977,4.96413,63.8981,2.92491,55.0028,2.26129,38.428,2.32199,25.7163,2.88553,18.1158,3.97781,14.5767,5.6671,14.6909,7.69813,20.1893,8.60456,36.338
34.3733,0.853163,0.0309682,7,127,0,-28.2841,1.77865,0.646496,0.0432652,0.0198845,0.228093,0.646336,0.0115775,0.112873,7.19878,10.9097,35.1564,36.053,0.313769,0.373933,0.331028,0.266208,10.2787,30.8861,16.9366,28.6551,28.8717,29.5818,42.5707,35.7562,42.1089,47.4839,25.636,56.2143,13.1428,55.536,7.91823,49.6907,6.33672,42.8585,6.73411,36.7376,9.07082,31.9761,14.457,29.0578,24.7573,28.8677,39.0642,33.2334,44.6289,43.7352,30.8553,54.5869,15.9423,56.5454,8.95906,51.6652,6.56522,44.866,6.43433,38.4406,8.16731,57.2373,4.62955,60.8648,2.95351,48.1507,2.50133,34.057,2.70484,23.818,3.44205,17.5632,4.79789,14.556,6.88936,14.6472,9.4788,19.3164,10.9753,32.8883,8.78162,54.5352,5.06258,61.819,3.11136,50.4885,2.52098,36.0385,2.63826,25.1327,3.29002,18.3078,4.54015,14.8295,6.51579,14.3983,9.0822,18.1458,10.9382,29.9942
35.3797,0.995966,0.0309682,7,127,0,-30.5595,1.57079,0.499623,0.0793381,0.0156171,0.278318,0.9089,0.0145445,0.231482,6.60258,6.41113,17.5911,23.0442,0.264377,0.251616,0.28916,0.348693,8.82441,14.8573,14.0508,13.2215,24.0745,13.1194,37.9123,15.5837,42.5012,21.6811,27.9859,27.7937,14.0257,28.2566,8.07827,24.9378,6.31402,20.8938,6.69631,17.349,9.09696,14.6905,14.6247,13.1513,25.062,13.1987,38.8529,15.9202,41.9483,22.244,26.6428,28.0471,13.3324,28.0859,7.83809,24.6303,6.27791,20.5982,6.80123,17.1121,6.42645,42.6531,4.55819,62.6577,2.8327,58.1722,2.14648,41.0325,2.09871,26.7828,2.45171,18.1494,3.16113,13.9067,4.23774,13.1034,5.58453,16.4197,6.6186,27.6379,6.00426,50.112,3.9272,64.034,2.53182,53.2957,2.08111,36.1372,2.16746,23.6217,2.62793,16.4692,3.44789,13.3123,4.62824,13.5739,5.97983,18.6985,6.66707,33.4547
36.1143,0.883702,0.0309682,7,127,0,-30.6085,1.65928,0.543727,0.0555089,0.0169481,0.249406,0.809106,0.0131171,0.250687,7.21367,5.49077,25.9756,23.7172,0.275985,0.277286,0.305115,0.36619,9.90991,22.5875,15.7783,20.7406,26.2515,21.1806,38.7366,25.3509,39.9606,33.7987,25.752,40.8358,13.6028,40.848,8.26253,36.5314,6.61146,31.2991,6.99285,26.615,9.32132,23.0252,14.5888,20.9038,24.3189,20.9115,37.0892,24.3906,41.0736,32.3447,28.2285,40.1769,14.9798,41.245,8.78029,37.3228,6.71535,32.0984,6.81712,27.2812,5.44825,43.249,3.75249,62.1764,2.26736,57.6883,1.68043,41.5087,1.62115,27.7327,1.89102,19.0591,2.46231,14.5492,3.36336,13.3507,4.54935,15.965,5.58473,25.6463,5.29116,46.5035,3.49923,63.0177,2.14315,55.7251,1.64864,39.3704,1.64012,26.2741,1.95004,18.2346,2.56408,14.2017,3.51022,13.4453,4.71606,16.7422,5.65377,27.8093
37.1321,0.87691,0.0309682,7,127,0,-31.5893,1.59777,0.969434,0.0610486,0.030338,0.269114,0.46694,0.0135835,0.128646,6.60911,8.58921,23.8885,28.0993,0.267195,0.26654,0.359836,0.302141,8.55983,20.1828,13.363,17.8224,22.8631,17.3052,37.1201,19.8185,45.0615,26.9708,32.4736,35.5723,16.5219,37.5793,9.06791,33.8843,6.62877,28.6979,6.59892,23.9364,8.52504,20.2173,13.2873,17.8399,22.7253,17.2974,36.9591,19.7667,45.0845,26.8677,32.6815,35.5035,16.6509,37.5977,9.11582,33.9394,6.64029,28.7553,6.58896,23.9844,6.94197,50.6081,3.19992,59.9909,1.55079,50.0386,1.09721,36.929,1.11337,26.5914,1.46823,19.6049,2.28685,15.5506,3.86156,14.3345,6.39747,17.2297,8.63432,29.0305,6.7394,51.6828,3.06488,59.7959,1.5089,49.3558,1.08933,36.3212,1.12299,26.1579,1.49678,19.3314,2.34571,15.4175,3.96791,14.3612,6.54288,17.5529,8.66693,30.0002
36.1044,0.993087,0.0309682,7,127,0,-31.3811,1.50439,0.710373,0.0499287,0.0223876,0.29024,0.655932,0.0145341,0.132107,6.61929,9.75251,26.2969,19.7323,0.293066,0.298042,0.292728,0.300106,8.98918,21.9718,14.5223,19.4026,25.2274,19.2346,40.3126,23.1469,45.5644,33.1768,29.438,43.482,14.2739,44.143,8.05776,38.534,6.263,31.8805,6.65963,26.1388,9.10457,21.8636,14.7668,19.3559,25.657,19.2822,40.7456,23.3631,45.3358,33.5612,28.8297,43.6626,13.9678,44.0264,7.95453,38.3262,6.24694,31.6834,6.70184,25.9822,10.4064,40.9116,6.20571,65.4747,2.94013,60.1844,1.89655,42.3333,1.77793,27.8211,2.17004,18.6416,3.09778,13.6073,4.77185,11.7613,7.38112,13.4859,10.2397,22.6218,9.83693,47.0781,5.29417,66.8665,2.60022,56.6961,1.82077,38.9107,1.81986,25.5312,2.31175,17.3134,3.37179,12.9827,5.23058,11.7717,8.00847,14.5214,10.5923,26.2343
32.6239,0.87019,0.0309682,7,255,0,-28.1915,1.14342,1.37011,0.0423813,0.0430891,0.351247,0.350334,0.0183621,0.138865,7.97939,6.17428,21.5131,26.5678,0.344034,0.289915,0.410524,0.375764,10.9148,17.9454,16.7287,16.1927,26.3419,16.8265,37.4598,21.3445,39.2664,31.1561,26.3508,40.5676,14.2121,40.988,8.75658,35.3312,7.09212,28.6486,7.48728,22.9894,9.72778,18.8911,14.5027,16.5301,22.8953,16.3001,34.2489,19.3596,40.5377,27.585,31.1925,38.3541,17.2627,41.8202,9.9345,37.4075,7.35291,30.7061,7.17384,24.6246,5.40049,44.0511,2.45047,53.0353,1.08538,46.9138,0.698065,37.1754,0.6693,28.7145,0.881819,22.4597,1.44822,18.499,2.67223,17.1767,4.80729,20.1555,6.42475,31.8473,4.32901,49.2598,1.80221,51.9985,0.889915,43.6005,0.660044,34.0544,0.713097,26.3196,1.02434,20.8427,1.77268,17.7086,3.30758,17.5535,5.60062,22.9001,6.13353,38.1527
37.0294,0.991972,0.0309682,7,127,0,-29.6881,1.33629,0.896278,0.0751115,0.0277569,0.320239,0.502383,0.0171237,0.162074,6.41106,6.67171,15.1387,23.9692,0.269157,0.272422,0.350206,0.30867,8.70614,12.47,13.8646,10.9256,23.5515,10.8458,37.0481,13.2138,42.3798,19.4405,28.244,26.3296,13.8758,27.0652,7.81779,23.4472,6.02981,19.0914,6.32448,15.3685,8.46496,12.6251,13.3663,10.9937,22.6877,10.7874,36.1228,12.9283,42.6921,18.8825,29.5407,26.004,14.5885,27.2135,8.06499,23.7574,6.07678,19.3886,6.24684,15.6033,6.49803,44.4436,3.50858,60.9352,1.66141,54.7126,1.07875,40.9145,1.0075,29.1828,1.23874,21.0993,1.81978,16.2647,2.93612,14.3418,4.76997,16.0497,6.77566,24.994,6.33278,46.1795,3.3145,61.1545,1.59077,53.789,1.0615,39.9664,1.01441,28.4871,1.26703,20.6539,1.87882,16.0314,3.04229,14.3234,4.92413,16.3768,6.86679,26.0921
35.8628,0.931962,0.0309682,7,127,0,-32.7194,2.03064,0.551572,0.0535119,0.017739,0.201636,0.757599,0.0105967,0.143488,7.48488,9.11576,35.2358,27.564,0.304228,0.352121,0.290322,0.309257,9.62078,31.4716,14.5894,29.1545,23.6989,29.075,35.402,32.5262,39.2599,40.0152,28.4602,47.241,16.1867,48.697,9.7993,45.4634,7.44507,40.6144,7.3515,35.8461,9.18194,31.9231,13.6727,29.3667,22.165,28.908,33.9015,31.7829,39.6933,38.8217,30.4257,46.5189,17.5509,48.8535,10.3887,46.0685,7.6146,41.3111,7.25393,36.4732,8.26437,46.5707,5.47874,58.7938,3.4956,51.5627,2.75552,37.4226,2.74598,25.8598,3.23489,18.5159,4.2018,14.711,5.68351,13.9302,7.56115,16.8497,9.06282,26.3897,8.43748,44.9643,5.69661,58.5878,3.60078,52.5934,2.7824,38.5119,2.72721,26.6223,3.17892,18.9597,4.10623,14.9015,5.54716,13.877,7.40832,16.4305,8.9957,25.2827
36.8916,0.958992,0.0309682,7,127,0,-29.6732,1.41528,0.754504,0.0703263,0.0225174,0.306485,0.611847,0.0162087,0.209071,6.35859,5.96968,17.3935,26.0753,0.278716,0.262294,0.336307,0.292479,8.61408,14.4104,13.8031,12.6548,23.7199,12.5312,37.6897,15.1538,43.0338,22.0256,28.3112,29.4181,13.803,30.077,7.77233,26.1431,6.0151,21.4389,6.35547,17.4024,8.60529,14.4165,13.7847,12.6575,23.6877,12.5287,37.6563,15.1421,43.0484,22.0038,28.3582,29.4067,13.8275,30.0833,7.78067,26.1551,6.0165,21.4502,6.35237,17.4114,5.52817,49.6994,3.0331,66.1215,1.56829,56.5739,1.12416,40.2099,1.12644,27.4392,1.42616,19.3317,2.07339,15.0086,3.20149,13.9944,4.83205,17.4664,6.14249,30.5187,4.98045,55.8736,2.54518,65.6427,1.39952,52.6188,1.09465,36.7082,1.17143,25.0999,1.54526,17.9841,2.29459,14.4589,3.55426,14.3126,5.2426,19.4159,6.155,35.8912
32.3095,0.965789,0.0309682,7,127,0,-27.0068,1.60842,0.242411,0.0455192,0.00737401,0.259363,1.73888,0.0128197,0.117448,7.53719,19.319,31.7737,27.5796,0.296472,0.496928,0.280245,0.282276,9.86241,27.3384,15.1987,24.6685,25.0827,24.5065,38.3219,28.3873,43.3615,37.6542,30.7185,47.3375,16.5315,49.0798,9.68113,44.4945,7.36191,38.1677,7.42277,32.3079,9.51133,27.718,14.4702,24.8432,23.8453,24.3714,37.0497,27.7467,43.7157,36.5233,32.4272,46.6408,17.6293,49.2829,10.1159,45.0998,7.47049,38.8126,7.32846,32.8555,18.8105,46.708,15.8082,63.7448,12.64,58.8206,11.1299,41.0265,11.1093,26.2992,12.0705,17.8877,13.6981,14.1975,15.7631,14.0308,17.9134,17.8483,19.3552,28.3493,18.7074,47.8432,15.6222,64.0979,12.5174,58.0301,11.0973,40.1167,11.1384,25.7176,12.1403,17.5968,13.7962,14.1065,15.8765,14.1176,18.0152,18.1941,19.3857,29.1464
32.5409,0.940066,0.0309682,7,127,0,-22.3861,1.00337,0.322004,0.0246856,0.0101889,0.442183,1.26391,0.0256493,0.166313,6.22247,10.7994,34.2904,30.8418,0.270094,0.398241,0.324049,0.251999,8.08511,26.3692,12.2441,21.8608,19.84,21.0202,30.8461,25.7698,37.9072,41.0058,28.1788,63.7135,14.1318,69.4517,7.82741,58.3176,6.01888,44.4925,6.3239,33.3756,8.36946,25.7897,12.8061,21.608,20.7819,21.1798,31.9203,26.6843,37.7796,43.1441,26.6258,65.3302,13.2073,68.842,7.51808,56.9579,5.97283,43.276,6.44069,32.494,9.89432,50.0725,7.62293,61.0731,5.83365,52.0302,5.1407,36.1237,5.24645,23.997,5.8973,17.0169,6.96993,13.944,8.36216,14.0512,9.83808,18.0665,10.7728,28.7446,10.127,47.4736,7.93207,60.8347,6.00519,53.9989,5.1792,38.1242,5.19723,25.2911,5.78466,17.6909,6.80636,14.165,8.16475,13.8468,9.65396,17.2299,10.717,26.8145
35.4016,0.828568,0.0309682,7,127,0,-22.3672,1.12403,0.443513,0.0389155,0.0138789,0.396766,0.925845,0.0203228,0.137995,6.442,10.8032,26.4555,31.6154,0.320898,0.394187,0.284931,0.280221,8.00259,20.5351,11.9877,16.8341,19.8267,15.5169,32.4809,17.6316,43.8135,26.1542,36.4372,41.3743,18.6032,48.3101,9.52632,42.5796,6.6654,33.5387,6.51923,25.7013,8.3004,20.0237,12.6242,16.5667,20.9834,15.5471,34.0319,18.1767,44.1887,27.6143,34.4447,42.8615,17.1359,48.1321,9.00637,41.6217,6.54814,32.5916,6.61818,24.9735,9.43093,52.2553,6.47714,62.0513,4.51523,51.5847,3.83957,35.9527,3.96371,24.2273,4.65303,17.291,5.8544,14.0622,7.53779,13.9669,9.47167,17.8973,10.7682,29.1239,9.79714,49.2859,6.8846,62.0894,4.70881,53.8099,3.879,38.075,3.90764,25.6179,4.52041,18.0456,5.64777,14.3361,7.2669,13.7737,9.19729,16.9765,10.6818,26.8618
36.8921,0.90892,0.0309682,7,127,0,-29.7393,1.33641,0.450229,0.0415632,0.0134215,0.340954,0.936734,0.0176926,0.146728,6.66211,10.056,28.7451,30.0527,0.263501,0.35312,0.280331,0.312331,8.65104,23.3296,13.4666,20.0684,22.7673,19.5107,36.2852,23.335,42.814,34.2739,29.3561,47.1891,14.5289,48.8298,8.24722,42.0595,6.48293,33.9269,6.98358,27.1004,9.60154,22.235,15.4432,19.6139,26.1382,19.9921,39.5638,25.493,40.9268,38.1655,24.5779,48.9318,12.158,47.4686,7.47899,39.8466,6.42802,31.9302,7.4497,25.5974,9.26475,50.1816,6.62708,63.5618,4.57884,55.7519,3.78102,39.8346,3.80842,27.028,4.40271,19.2265,5.49317,15.4809,7.0434,15.1432,8.83719,19.028,10.063,30.306,9.2323,50.5108,6.58563,63.594,4.55776,55.5211,3.77615,39.5982,3.81367,26.8696,4.41594,19.14,5.51396,15.4498,7.07051,15.1665,8.86393,19.1355,10.0696,30.562
36.589,0.975918,0.0309682,7,127,0,-33.134,1.70147,0.442129,0.0635327,0.0143203,0.258454,0.93596,0.0122317,0.15279,6.99777,9.88619,24.1812,28.4562,0.321127,0.269491,0.26711,0.294863,9.31409,20.5805,14.9474,18.3544,26.0797,18.0964,42.0176,21.1726,47.8911,28.9878,31.531,36.9019,15.5808,37.6241,8.80696,33.4909,6.77143,28.3608,7.11515,23.7941,9.67229,20.3077,15.7224,18.2327,27.4546,18.2136,43.377,21.7028,47.1408,29.8788,29.6502,37.3042,14.6176,37.3646,8.47398,33.0146,6.71729,27.8969,7.25099,23.4167,8.91458,48.5644,6.18899,60.6615,4.22518,51.7766,3.50519,36.194,3.5617,24.1701,4.14914,16.981,5.209,13.5323,6.72098,13.1338,8.50814,16.4756,9.83069,26.6136,9.1645,46.0913,6.50554,60.4224,4.38255,53.4966,3.54176,37.9226,3.52517,25.3153,4.05554,17.6082,5.06045,13.775,6.52298,13.0176,8.30013,15.8163,9.74652,24.9217
31.0564,0.800934,0.0309682,7,127,0,-26.4886,1.45552,0.450177,0.0322799,0.0136419,0.301996,0.848445,0.014219,0.215548,7.22859,6.43023,39.9082,36.3483,0.298726,0.320558,0.318222,0.444059,9.59187,33.1569,15.1764,29.0916,25.9411,28.6056,41.3015,34.0607,47.7727,48.611,32.1846,64.6148,15.9548,66.4863,9.01827,58.2102,6.96611,48.0396,7.34143,39.2262,9.92478,32.6899,15.8773,28.8869,27.1615,28.7937,42.547,34.9423,47.1975,50.2137,30.4346,65.4234,15.0355,66.0158,8.70329,57.3269,6.9169,47.1987,7.47011,38.5617,5.33127,56.7681,3.59438,63.2744,2.54252,51.6861,2.19046,36.4933,2.26944,25.1064,2.66169,18.19,3.34559,14.7995,4.31512,14.3963,5.46752,17.6692,6.3682,27.4014,6.09609,46.2816,4.47192,62.6873,2.98824,59.1295,2.30767,44.2232,2.18475,30.4882,2.41934,21.3178,2.95003,16.1927,3.77271,14.2311,4.85487,15.3808,5.97476,21.2286
25.3787,0.727722,0.0309682,7,127,0,-16.5098,1.93507,0.59318,0.0849327,0.0192495,0.214244,0.692262,0.0104311,0.196463,6.83133,6.85239,21.3141,34.2526,0.351415,0.242675,0.532437,0.27459,8.72324,18.6217,13.5083,16.8236,23.1314,16.3552,37.8309,18.0989,46.7085,23.0271,35.1255,28.9307,18.6128,30.7354,10.1771,28.6391,7.13491,25.2227,6.71248,21.8455,8.23435,19.0279,12.4057,17.0536,21.056,16.3102,35.2013,17.5889,46.5138,21.9757,38.1912,28.1079,20.9075,30.7795,11.1248,29.1507,7.42551,25.8282,6.64776,22.3939,5.09184,57.5102,2.80627,61.4561,1.76163,47.3151,1.49001,32.3187,1.6136,21.8243,2.04958,15.5701,2.84339,12.5182,4.07303,12.2661,5.66714,15.9313,6.8572,27.8297,5.87384,50.9112,3.40061,63.1235,1.97776,52.4401,1.52307,36.6258,1.54062,24.6238,1.87718,17.1524,2.54938,13.179,3.63616,12.02,5.14852,14.1763,6.62708,22.7776
29.6449,0.504191,0.0309682,7,127,0,-14.8797,0.962315,0.511187,0.0458702,0.0154833,0.490277,0.844404,0.0261102,0.205161,6.96575,6.61078,17.1486,25.1414,0.270028,0.367901,0.317896,0.383742,9.22346,12.9133,14.1662,10.6566,23.0362,10.5062,35.2071,13.7367,40.4777,23.4237,26.7623,35.576,12.9519,35.8284,7.70312,28.3529,6.57144,20.8036,7.58495,15.2639,10.7517,11.8121,17.0732,10.3166,27.5881,11.2183,39.1099,16.5594,36.9841,28.735,20.2747,37.2871,10.168,33.2762,6.94887,25.246,6.73717,18.4016,8.51616,13.6928,6.57528,43.1582,4.81872,60.7957,3.11513,58.0557,2.36239,43.1452,2.25651,29.5367,2.56572,20.6897,3.23471,16.0237,4.26724,14.7777,5.57987,17.3951,6.69223,26.6338,6.44848,45.576,4.59105,61.6146,2.98767,56.6667,2.3251,41.4413,2.27241,28.3194,2.62215,19.9861,3.33126,15.7231,4.4026,14.8514,5.72843,18.0142,6.75658,28.2618
31.6857,0.994397,0.0309682,7,127,0,-21.4257,1.15097,0.562749,0.0302139,0.0167888,0.363153,0.717682,0.0174164,0.141201,7.52103,8.77625,27.8478,32.3027,0.397923,0.283478,0.360416,0.270158,11.1535,22.6939,18.5552,20.3016,31.4999,21.6492,46.7912,29.9325,46.1167,48.647,25.6242,63.6165,12.0024,60.3357,7.21098,49.2062,6.10692,38.2997,6.95001,29.7678,9.83477,23.8759,15.9762,20.6645,27.2852,20.7665,43.019,26.5992,49.1628,42.6329,31.5447,61.2714,14.6443,62.6191,8.03563,52.5022,6.19139,41.1583,6.53364,31.8969,7.63163,51.7567,5.02658,61.7151,3.29794,53.3656,2.66111,39.2657,2.67661,27.7573,3.15517,20.336,4.08564,16.4505,5.50041,15.7024,7.27455,18.8429,8.67361,28.7047,8.11668,47.2762,5.59929,61.266,3.57987,56.2881,2.73696,42.4157,2.62923,30.0279,3.00692,21.6971,3.83044,17.0609,5.13479,15.5846,6.85929,17.6716,8.46306,25.6385
31.6161,0.913045,0.0309682,7,127,0,-23.3312,1.09536,0.514946,0.0335784,0.0153519,0.378885,0.928665,0.020535,0.128076,7.68657,11.6059,24.3002,20.1455,0.335314,0.342093,0.347546,0.337666,10.9831,20.0666,17.3849,18.2653,27.7777,19.755,38.7085,26.9703,37.1497,41.5841,22.0639,52.5918,11.4116,50.0525,7.32903,41.2183,6.39639,32.371,7.29188,25.4326,10.108,20.7372,15.7767,18.4087,25.3941,19.0993,36.9804,24.8793,39.0465,38.3159,25.1824,51.4784,12.9058,51.3828,7.82008,43.1247,6.42135,34.0319,6.97304,26.6572,12.5985,38.9043,9.37141,65.2956,5.50691,65.4581,3.88643,46.2279,3.67297,29.3273,4.27117,19.1266,5.56977,14.0826,7.61595,12.8395,10.2944,15.9047,12.5375,27.5795,11.4429,53.2614,7.16775,69.61,4.4493,56.3632,3.65663,36.8836,3.88632,23.4243,4.83502,16.0583,6.50416,13.0091,8.91425,13.6959,11.6216,20.2199,12.5915,39.0805
32.4462,0.943807,0.0309682,7,255,0,-22.1494,1.3377,0.688475,0.048841,0.0203418,0.293751,0.644566,0.0167868,0.130584,7.92167,10.0732,23.3535,24.3933,0.334847,0.295027,0.314808,0.36807,10.4635,20.2551,15.5095,18.7002,23.6212,19.2831,32.4789,23.0974,33.7569,30.5444,24.0816,37.3418,14.1566,38.1296,9.09089,34.3389,7.32142,29.2812,7.4987,24.662,9.38709,21.1288,13.5063,19.0169,20.6273,18.7954,29.8689,21.3998,34.7429,27.8085,27.9228,35.6146,16.9151,38.5588,10.3018,35.8681,7.65191,30.9608,7.25743,26.0919,9.72778,49.3612,5.45794,70.5449,2.73197,61.4365,1.88204,43.0373,1.82513,28.6082,2.2457,19.4907,3.1831,14.4883,4.83022,12.7178,7.33759,14.6443,10.0397,24.116,9.77953,48.8331,5.52798,70.4572,2.75846,61.7379,1.88816,43.3315,1.82187,28.8077,2.23455,19.6084,3.16176,14.5455,4.79485,12.7213,7.28865,14.5668,10.0053,23.8435
23.5846,0.997579,0.0309682,7,127,0,-17.0971,1.78252,1.08505,0.0658669,0.0330489,0.239067,0.43291,0.0130287,0.0579595,5.87423,20.0336,24.6255,24.0231,0.276049,0.674412,0.36304,0.300603,7.78098,21.1454,12.4615,18.921,21.8624,18.5157,35.9239,21.1977,42.6988,28.4067,29.4415,36.3596,14.624,37.8077,7.98152,34.2468,5.82608,29.4119,5.80689,24.9351,7.55622,21.3722,11.9631,19.0374,20.9359,18.4594,34.8438,20.84,42.9152,27.7208,30.8242,35.9341,15.4445,37.9333,8.28376,34.5982,5.90109,29.7811,5.74938,25.2502,17.9097,50.9885,6.89088,66.5422,2.62765,55.3346,1.61065,40.2873,1.54489,28.5501,2.05214,20.4921,3.37768,15.4748,6.2771,13.1414,11.9663,14.2313,19.7483,23.2215,18.4024,49.5217,7.26276,66.6141,2.7229,56.064,1.63027,40.936,1.53516,29.0162,2.01354,20.7986,3.28802,15.6506,6.0877,13.1876,11.6231,14.0641,19.4433,22.4648
28.7925,0.996666,0.0309682,7,191,0,-17.0397,0.928127,0.979147,0.0291311,0.0301703,0.463873,0.452373,0.024141,0.0967439,8.00593,8.90809,26.0604,23.1294,0.313474,0.283879,0.313095,0.44332,10.3665,20.3702,15.239,17.3447,23.4753,17.2792,34.1232,21.7661,39.1471,33.9973,28.8497,49.8903,15.6512,53.0407,9.41711,44.5831,7.57879,34.2175,8.04078,25.8827,10.4552,20.2608,15.4033,17.3035,23.7288,17.3256,34.3758,21.967,39.0795,34.4134,28.4655,50.1792,15.4092,52.9213,9.33005,44.3156,7.56629,33.9748,8.07684,25.7068,9.7333,37.4597,6.44097,53.2278,3.29631,53.329,2.02055,43.3805,1.71006,32.8839,1.91938,24.8405,2.63171,19.6014,4.05551,17.112,6.42789,17.935,9.20985,24.4094,9.50574,39.8078,5.9364,54.225,3.04859,52.3516,1.94298,41.968,1.71112,31.7076,1.97929,24.0223,2.76703,19.131,4.30188,17.0075,6.79005,18.3657,9.47237,25.8499
30.5014,0.88901,0.0309682,7,127,0,-22.4272,0.767002,0.944772,0.0193917,0.0305227,0.604181,0.528862,0.0313395,0.147517,7.54244,7.67576,31.2783,21.7597,0.279464,0.321475,0.344609,0.41717,9.73728,22.2913,14.3276,17.6321,22.2207,16.9215,33.2453,21.9525,40.6313,39.2986,30.6071,68.8527,15.3124,75.7894,8.76435,59.2491,7.17056,41.2346,7.93072,28.4088,10.6892,20.6676,16.0676,17.0399,24.9346,17.5355,36.1352,24.9644,39.9181,46.8592,25.9301,74.2065,12.8034,72.53,8.02446,54.1034,7.18279,37.2771,8.45527,25.9007,7.68372,42.3543,3.94216,59.2807,1.7838,51.7922,1.17537,37.5569,1.15521,26.1536,1.51326,18.6734,2.36326,14.5357,3.9952,13.5326,6.5374,17.1982,8.31809,31.3879,5.67988,54.748,2.47001,57.1768,1.34311,43.8598,1.1154,30.7854,1.30316,21.5874,1.90408,16.0187,3.1428,13.5624,5.3106,14.729,7.87757,23.1464,7.39253,44.8968
29.172,0.988651,0.0309682,7,127,0,-19.4429,1.55991,1.18497,0.130817,0.0358884,0.273406,0.404352,0.0152805,0.180246,6.87136,5.66861,10.4147,26.9699,0.37101,0.311639,0.460232,0.329829,9.27875,8.93817,14.5857,8.12244,24.0834,8.2569,35.6007,9.93685,37.1766,13.4777,24.184,16.5333,12.8184,16.5364,7.85568,14.6414,6.38823,12.382,6.88106,10.4022,9.30462,8.9298,14.6375,8.11954,24.1657,8.2625,35.6664,9.95605,37.1224,13.5059,24.0802,16.5446,12.7635,16.5272,7.83587,14.6254,6.38554,12.3666,6.89086,10.3897,4.81295,49.422,2.03383,60.1742,0.876322,51.1128,0.574683,38.622,0.568881,28.4874,0.76712,21.3729,1.26959,17.0346,2.33584,15.5609,4.22131,18.5367,5.864,31.562,4.06729,54.4996,1.60663,59.0287,0.757204,47.9692,0.553727,35.8459,0.597523,26.4623,0.855349,20.055,1.46663,16.3832,2.72373,15.7567,4.75898,20.4817,5.80096,37.0522
35.3806,0.995487,0.0309682,7,127,0,-20.91,0.923529,0.666003,0.0176172,0.0199872,0.47936,0.670007,0.0247766,0.163024,7.17623,7.75434,41.8896,28.4187,0.252677,0.295578,0.280621,0.339846,9.51412,31.7555,14.464,26.2895,23.2233,25.7334,35.4476,32.8538,42.3534,54.9127,30.305,86.6768,14.9748,92.4174,8.47436,75.4005,6.73468,56.0237,7.26426,41.1,9.73865,31.2748,14.8936,26.0975,23.9229,25.9045,36.2128,33.7146,42.1887,56.9245,29.1452,88.0999,14.3265,91.7385,8.2658,74.1128,6.71178,54.9248,7.35975,40.3311,6.94993,50.3996,4.1505,63.8181,2.41093,54.5972,1.84279,39.0872,1.86934,26.9046,2.31016,19.2484,3.20065,15.33,4.63959,14.7469,6.52993,18.7016,7.84584,31.5755,6.50222,54.3077,3.73234,63.5052,2.24878,51.8934,1.8139,36.6259,1.91729,25.2574,2.43059,18.3172,3.41041,14.9821,4.94827,15.0366,6.85549,20.1305,7.84586,35.1299
31.9112,0.976598,0.0309682,7,127,0,-20.9229,0.929983,0.650727,0.0190005,0.0206729,0.478528,0.675545,0.0259174,0.165953,7.11089,8.09962,40.0378,33.0351,0.255762,0.29744,0.286149,0.347512,9.28273,30.5497,13.9192,25.408,22.0599,24.8867,33.2278,31.4932,39.3207,51.3827,28.4915,79.2476,14.5377,84.4432,8.41407,69.4719,6.74621,52.0774,7.28157,38.5539,9.72278,29.6456,14.7543,25.0586,23.3933,25.2444,34.6139,33.1682,38.9108,55.07,26.3664,81.6646,13.3436,83.1696,8.02334,67.1261,6.71112,50.0688,7.48287,37.1481,6.09682,57.0019,3.25439,61.9012,1.98204,47.7223,1.66705,32.5931,1.83173,22.0532,2.38887,15.8378,3.41824,12.9524,5.03151,13.1777,7.05158,18.2617,8.0902,33.7002,6.0005,57.5631,3.19412,61.6423,1.96257,47.2288,1.6661,32.2073,1.84255,21.8106,2.41213,15.7073,3.45758,12.9118,5.08853,13.2424,7.10872,18.536,8.07743,34.3767
30.5036,0.99286,0.0309682,7,127,0,-22.5773,0.791743,0.805977,0.0232501,0.023893,0.561606,0.544179,0.0275517,0.152434,8.55895,8.10732,26.5209,40.5406,0.354319,0.356965,0.33464,0.323754,11.1116,19.7327,16.234,16.2889,24.7409,16.2005,35.8177,21.2491,41.5215,36.2187,30.4739,57.6906,16.0666,61.4521,9.66856,49.181,8.01056,35.5301,8.77385,25.4156,11.6217,19.0966,17.1484,16.0715,26.1211,16.4999,37.18,22.5306,41.0679,39.081,28.2582,59.6039,14.7964,60.3538,9.25759,47.2674,7.99364,33.9672,9.02374,24.3769,4.95088,65.7642,2.22538,64.0484,1.29971,47.9184,1.11301,33.2335,1.2832,23.0592,1.79615,16.8366,2.80621,13.7683,4.54978,13.8498,6.96566,19.2586,8.23453,37.0106,5.45066,63.6794,2.45072,65.631,1.36267,50.0878,1.11412,34.8874,1.2435,24.1352,1.70613,17.4532,2.63878,14.0012,4.27632,13.6211,6.64751,18.0646,8.27587,33.7318
28.6736,0.935264,0.0309682,7,191,0,-21.5552,0.627004,0.949211,0.0192995,0.0331459,0.709432,0.473257,0.042394,0.174261,7.64375,6.50866,24.8649,25.8041,0.38627,0.318352,0.350943,0.321787,9.57132,17.5168,13.3023,13.8944,19.2206,13.5089,26.9076,17.618,32.1551,31.0402,26.3099,55.2192,14.8334,64.3199,8.93377,51.2801,7.2934,35.2299,7.79441,23.72,9.92601,16.8885,13.908,13.6688,20.104,13.7171,27.8442,18.6261,32.1674,33.6502,24.8455,57.8338,13.7636,63.503,8.56435,49.1822,7.26075,33.5301,7.96905,22.647,5.09536,46.7699,2.29753,54.4731,1.11957,44.809,0.803264,32.7773,0.824688,23.4463,1.09504,17.1979,1.71001,13.5938,2.88797,12.5147,4.78865,15.0775,6.50347,25.6627,5.1208,46.608,2.31396,54.5056,1.12459,44.9127,0.804188,32.8682,0.823511,23.5107,1.09159,17.2384,1.70293,13.6137,2.87515,12.5117,4.77075,15.0324,6.49803,25.5222
21.999,0.956097,0.0309682,7,127,0,-16.3536,0.669928,1.27132,0.0491039,0.0387861,0.675819,0.413364,0.0392344,0.124572,8.65824,7.19496,10.5753,16.4779,0.362669,0.407125,0.394611,0.37767,10.8352,7.84047,14.9477,6.56904,21.2039,6.74708,28.4125,9.10691,31.0435,15.3171,23.2569,23.2688,13.685,24.0934,9.20714,18.9159,8.17364,13.4255,9.15379,9.54057,11.9049,7.2918,16.6934,6.45455,23.5166,7.1884,30.1497,10.5759,29.6273,18.033,19.8201,24.5394,11.7548,22.7759,8.60925,17.0634,8.29321,12.0116,9.82129,8.66913,10.3293,34.1848,5.25982,63.6487,1.51932,61.0741,0.680743,45.7215,0.538957,32.5143,0.660999,23.1174,1.09326,16.9821,2.17193,13.6327,4.63507,13.5142,8.87001,20.521,9.27902,46.5003,3.27777,66.324,1.04956,55.5095,0.587211,40.352,0.556957,28.5849,0.77512,20.4837,1.3901,15.4146,2.87682,13.1281,6.07363,14.8381,10.116,27.4206
25.2919,0.968239,0.0309682,7,255,0,-14.3053,1.02528,0.44324,0.0181665,0.0118034,0.392879,0.95951,0.0243724,0.136115,6.35839,11.6053,43.212,37.5612,0.323169,0.33699,0.294114,0.36257,8.76903,34.9442,13.5451,30.7819,21.6127,31.6716,31.6794,40.9858,34.7795,63.9821,23.5374,89.6715,12.097,92.1849,7.1133,77.8456,5.62687,61.1006,5.89317,47.3284,7.64574,37.5584,11.4202,31.8273,18.1984,30.6106,28.0383,36.1598,35.3288,53.7673,28.7635,81.8365,15.543,94.2072,8.39976,84.028,5.92606,67.1362,5.62721,52.0091,9.91758,64.6257,6.54342,75.6419,4.50209,60.2307,3.88816,40.3493,4.11125,26.4425,4.9337,18.6281,6.31645,15.248,8.23213,15.638,10.384,21.2948,11.605,37.2447,9.96065,64.2797,6.58374,75.7101,4.51868,60.5155,3.88999,40.5869,4.10395,26.5874,4.91872,18.7018,6.29381,15.2691,8.2031,15.6041,10.3567,21.1638,11.6041,36.9308
29.9051,0.997689,0.0309682,7,127,0,-19.526,0.994672,0.528089,0.0464012,0.0158543,0.431422,0.872421,0.0211793,0.117844,7.05683,12.9975,17.3547,20.7896,0.366563,0.550659,0.350077,0.320837,9.41917,13.3709,14.5231,11.1247,23.834,10.7538,37.4484,13.3063,46.3944,21.5418,34.2636,34.1174,16.7167,37.4538,8.97268,31.4755,6.7166,24.0004,6.91077,17.9505,9.0181,13.7522,13.7255,11.3014,22.4632,10.6789,35.7499,12.7728,46.2447,20.176,36.6234,32.8445,18.2782,37.7274,9.50788,32.3718,6.82809,24.8377,6.79053,18.573,13.5632,43.5912,9.02912,71.2834,4.93895,65.8425,3.49187,44.3804,3.38102,27.5614,4.03636,17.7132,5.40161,12.8144,7.59119,11.4161,10.6041,13.8489,13.5074,24.2622,12.9111,50.8708,7.85917,73.2495,4.43595,61.2772,3.38413,39.9716,3.46782,24.8158,4.27714,16.2595,5.81513,12.2212,8.20222,11.5644,11.3356,15.2139,13.8439,28.6364
30.0152,0.990533,0.0309682,7,127,0,-20.9099,0.898234,0.501844,0.0180874,0.014471,0.507188,0.886429,0.0265284,0.0948712,6.52289,15.5118,38.3527,26.4507,0.241181,0.423893,0.23949,0.341614,8.84207,28.1861,13.788,22.7505,22.7628,22.0165,35.8896,28.7047,44.0555,51.6107,30.4441,87.3331,13.8443,92.3645,7.5408,72.6521,6.03391,52.0563,6.68239,36.9619,9.2402,27.3601,14.56,22.4206,24.0582,22.2967,37.3791,30.2276,43.7122,55.528,28.1441,89.9945,12.7242,90.7851,7.21789,70.1778,6.01689,50.0832,6.8645,35.6395,15.1138,48.4761,10.4648,68.355,6.54606,61.8267,5.04072,43.4821,4.97909,28.5812,5.84315,19.5519,7.5463,15.1045,10.1201,14.2936,13.3347,17.8805,15.8124,29.8595,14.4042,53.7891,9.47032,69.1683,6.07756,58.3308,4.93807,40.0008,5.08565,26.3153,6.11824,18.3317,7.99579,14.6557,10.7367,14.593,13.975,19.4201,15.9457,33.8497
34.2652,0.902223,0.0309682,6,63,0,-23.9269,0.91865,0.498899,0.0186875,0.0156601,0.45605,0.856557,0.0240667,0.11232,7.14126,12.555,35.2021,26.4835,0.280527,0.453834,0.309877,0.374005,10.0428,27.3133,15.7599,23.4496,25.5201,24.2087,38.1337,33.0106,42.3132,57.1266,27.2327,85.7737,13.0245,86.4679,7.53741,69.3222,6.13733,51.5323,6.71184,37.9952,9.05441,28.9949,13.9045,24.0738,22.5212,23.4456,34.9012,29.523,43.1275,49.0844,32.1945,80.1106,15.7618,89.0376,8.42825,74.3298,6.27554,55.8764,6.40064,41.1063,11.8526,45.8759,8.26065,60.933,5.37267,54.6506,4.23593,39.2806,4.19197,26.5675,4.8736,18.6547,6.21062,14.6702,8.2113,13.9181,10.6797,17.0431,12.5983,27.1321,11.7361,46.8199,8.09816,61.0979,5.29099,54.0413,4.21549,38.6333,4.20774,26.1265,4.91806,18.4075,6.28398,14.5717,8.31216,13.9614,10.7871,17.3039,12.6361,27.802
34.2506,0.869649,0.0309682,7,127,0,-27.3675,0.825635,0.557052,0.0268221,0.0176954,0.538432,0.766605,0.0298622,0.180723,7.22622,7.13954,22.5149,26.762,0.421108,0.282271,0.331356,0.288702,9.79897,16.8585,14.8614,14.1145,23.3237,14.4379,34.1581,19.8797,38.1628,35.4619,25.3356,55.0657,12.5368,55.3514,7.58395,43.0112,6.47856,30.7814,7.3484,21.9916,10.0738,16.5624,15.3578,14.0245,24.0811,14.6182,34.8734,20.6101,37.7548,37.0435,24.1347,55.8795,11.9538,54.6546,7.41094,42.0309,6.48347,30.013,7.48021,21.4865,6.67669,44.816,4.57556,58.0474,2.9384,52.2991,2.293,38.5186,2.25884,26.8107,2.63812,19.2777,3.40541,15.3698,4.58096,14.6058,6.05113,17.7028,7.17004,27.5592,6.58586,45.9082,4.45682,58.2079,2.87966,51.6013,2.27798,37.7668,2.26986,26.2817,2.67048,18.9718,3.46018,15.245,4.65773,14.6615,6.13294,18.0359,7.19491,28.3881
34.3068,0.986675,0.0309682,7,127,0,-27.9526,0.763924,0.471241,0.027714,0.0135471,0.600094,0.911418,0.029295,0.205938,7.13612,7.51076,20.6755,29.2862,0.417446,0.316708,0.311768,0.284648,9.497,14.4023,14.3991,11.1315,23.0625,10.4611,35.9436,13.516,46.3751,25.4392,35.589,49.4043,16.3761,56.7047,8.56705,43.8335,6.67912,29.8264,7.26272,19.9819,9.81035,14.0072,14.9887,10.9671,24.0388,10.5436,37.1664,14.0855,46.5171,27.1943,33.6737,51.2328,15.2688,56.0287,8.24842,42.4945,6.65094,28.7863,7.40375,19.3182,6.91269,54.2219,4.57884,71.7133,2.91454,60.9846,2.33586,41.5058,2.3723,26.877,2.81504,18.3128,3.63343,14.2046,4.84108,13.5747,6.33514,17.2076,7.50919,29.2343,6.91776,54.1444,4.58524,71.7069,2.91743,61.0375,2.33645,41.5556,2.3716,26.9087,2.81329,18.3297,3.6306,14.2111,4.8372,13.5715,6.33093,17.1888,7.50761,29.1827
37.2316,0.996509,0.0309682,7,127,0,-30.6798,0.917022,0.61617,0.0335738,0.019991,0.45608,0.70323,0.022809,0.165677,7.92463,7.9632,20.7993,28.2635,0.329736,0.339476,0.316973,0.276148,10.7157,16.2349,16.2648,13.9077,25.6387,14.1035,37.7496,18.4112,42.8273,30.1259,29.9057,44.9649,15.3002,46.982,8.95758,38.7731,7.16402,29.3703,7.62361,21.956,9.99205,16.9434,14.917,14.1823,23.501,13.8215,35.4658,17.1049,43.1995,27.1995,33.315,42.7102,17.4396,47.7485,9.71138,40.6493,7.30085,31.0783,7.3917,23.2044,6.81683,49.6829,4.04091,60.2242,2.43515,49.9518,1.93202,35.1339,1.99762,23.9371,2.47148,17.0619,3.3849,13.6273,4.81873,13.2101,6.6653,16.887,7.97229,28.6907,6.75378,50.1941,3.98362,60.1678,2.41282,49.5867,1.92813,34.8078,2.00442,23.7217,2.48814,16.941,3.41335,13.5809,4.86013,13.2418,6.71034,17.0541,7.97971,29.1252
36.4836,0.978419,0.0309682,7,127,0,-31.9903,0.927397,0.612219,0.0323894,0.0189706,0.416868,0.709115,0.023003,0.159352,8.08844,8.12071,20.2929,27.0348,0.33457,0.329109,0.327153,0.270852,11.3043,16.6471,17.1844,15.1352,26.3244,16.3583,36.2085,22.2524,36.824,34.9994,24.0522,47.0754,12.8617,46.7957,8.04999,38.8653,6.66856,30.2084,7.13101,23.2654,9.22625,18.445,13.4906,15.7087,20.7981,15.2596,30.9548,18.1827,38.3779,27.0374,32.1438,41.3437,18.2812,48.4916,10.1505,43.7425,7.16079,34.9502,6.6782,26.9167,7.44741,47.9445,4.66628,62.2653,2.7743,54.3106,2.11277,38.9887,2.10575,26.6769,2.53768,18.8988,3.41636,14.849,4.81846,13.9805,6.67131,17.1241,8.16131,27.9203,7.32231,49.1893,4.52283,62.3437,2.7126,53.5072,2.09893,38.1988,2.11863,26.1379,2.57362,18.5888,3.47903,14.7196,4.91082,14.0312,6.77598,17.4674,8.1944,28.8442
31.3519,0.985723,0.0309682,6,127,0,-27.7831,0.876535,0.553274,0.037775,0.0161916,0.512842,0.700171,0.0241952,0.159522,7.02442,7.53311,17.5216,41.0502,0.280525,0.253634,0.420186,0.307173,9.59665,12.7702,15.0299,10.2265,24.9128,9.82305,39.6577,12.7597,49.8756,23.2931,35.2997,41.1295,15.7525,44.5479,8.28998,35.0451,6.46058,24.922,7.02958,17.501,9.60961,12.7579,15.0552,10.2213,24.956,9.82608,39.7114,12.7792,49.875,23.3485,35.2178,41.1775,15.7091,44.5278,8.27729,35.0077,6.45914,24.8916,7.03476,17.4804,5.72269,59.9301,3.60612,61.9405,2.52112,49.4716,2.21007,35.5527,2.36179,25.2889,2.88388,18.9859,3.79429,15.9704,5.11417,16.0541,6.66979,20.4026,7.66758,32.3203,6.75322,52.2536,4.47569,63.6399,2.89728,56.0381,2.28324,41.644,2.24407,29.4947,2.5975,21.4425,3.32372,16.9847,4.45782,15.5996,5.95331,17.7088,7.36582,25.6244
23.5468,0.941693,0.0309682,7,127,0,-17.4223,1.20105,0.42801,0.0459109,0.0130157,0.306091,1.08565,0.019914,0.177843,7.05254,9.39149,20.0445,19.736,0.341798,0.560718,0.256302,0.273181,9.972,17.4273,15.3431,16.4322,23.5258,17.7485,31.4002,22.7328,30.2487,31.5948,19.6559,38.4578,10.9879,38.086,7.0268,33.3486,5.74331,27.7985,5.97789,22.9528,7.57081,19.2935,10.994,17.0278,17.0579,16.4958,25.6816,18.5416,32.277,24.5818,28.1705,33.741,17.1287,39.0082,9.69267,37.1859,6.54383,32.0188,5.6802,26.5553,10.0168,38.7849,7.71026,65.9064,4.81017,66.4457,3.5283,46.062,3.36205,28.3683,3.84105,18.0313,4.83547,13.0727,6.33194,11.8298,8.22713,14.5263,9.88573,24.8878,9.49919,49.3608,6.50191,70.3401,4.16065,59.7014,3.37284,38.7056,3.47454,23.794,4.14769,15.7045,5.32747,12.2234,6.99643,12.2666,8.93099,17.0783,10.1033,32.1454
34.2215,0.972654,0.0309682,5,63,0,-15.5595,1.33113,0.404496,0.0527779,0.013031,0.346369,1.0854,0.0167411,0.173992,6.76726,9.23022,23.2722,23.7599,0.338856,0.484822,0.269771,0.287315,8.53451,18.65,13.1415,15.7351,22.4182,14.8679,37.0836,17.2129,47.2059,25.196,34.714,36.464,16.9492,39.2525,9.08865,34.1265,6.78625,27.435,7.06442,21.7258,9.54392,17.5955,15.3188,15.2335,26.3344,15.1404,41.5377,18.8918,45.9597,28.6987,28.5875,38.5097,13.6964,38.201,8.02652,32.1179,6.65102,25.5867,7.5477,20.3216,9.1606,40.9755,7.10295,58.0974,4.96741,55.2836,3.9861,40.0434,3.89104,26.5716,4.37641,18.2918,5.3253,14.2783,6.67709,13.631,8.24602,16.8592,9.38813,26.7886,8.83811,45.6487,6.54861,59.4399,4.64779,52.274,3.90237,36.6129,3.95564,24.2766,4.55074,17.0679,5.59612,13.8511,7.02224,13.9593,8.57666,18.3511,9.45746,30.3392
33.9415,0.889436,0.0309682,7,127,0,-25.3798,1.52692,0.648894,0.0449104,0.0199016,0.290991,0.63386,0.0127097,0.191225,6.84241,6.27305,29.2553,34.3771,0.264165,0.296319,0.326098,0.369351,9.55128,24.2004,16.0099,21.1686,29.037,20.8915,48.3661,25.4862,55.1748,37.9396,33.5657,50.6762,15.1174,50.8355,8.2338,43.72,6.38073,35.7472,6.90357,29.0135,9.72555,24.0348,16.3913,21.0953,29.7401,20.9618,49.1103,25.8296,54.7467,38.575,32.5487,50.9437,14.6615,50.6252,8.09104,43.3876,6.3621,35.4426,6.96834,28.7747,4.91681,54.9321,2.86605,60.7049,1.80402,49.5367,1.48296,35.6943,1.55852,25.2006,1.94025,18.5894,2.6649,15.2255,3.79924,14.8861,5.25067,18.7239,6.26672,30.4411,5.36421,50.9595,3.23708,61.3752,1.95188,52.5508,1.51146,38.46,1.51608,27.1082,1.83184,19.7125,2.47669,15.6984,3.52063,14.6777,4.93404,17.4065,6.16272,27.0183
34.7086,0.86835,0.0309682,7,255,0,-28.0609,1.00501,0.429,0.0361413,0.0132632,0.47046,1.03332,0.0226869,0.156943,7.33419,10.1709,26.0744,24.2349,0.359686,0.344853,0.261859,0.250171,8.86565,19.4944,12.9643,15.5096,20.9131,14.1054,33.4909,16.2142,44.6321,25.0068,37.0544,41.2786,19.0124,48.2669,10.0669,41.21,7.45086,31.1732,7.70373,23.0308,10.1895,17.5446,15.6912,14.5976,25.6162,14.4339,39.1289,18.7686,44.4594,31.3601,29.0805,46.355,14.1736,46.3604,8.50407,36.993,7.28681,27.4947,8.43883,20.4477,10.0734,43.7274,7.4928,63.0354,4.9971,58.7053,3.9407,41.4265,3.87056,26.9452,4.43038,18.2598,5.51338,14.084,7.08327,13.3873,8.95776,16.7537,10.3682,27.5846,9.66242,49.0815,6.82629,64.3132,4.64543,55.1755,3.85756,37.7009,3.94734,24.5315,4.62808,16.9897,5.8239,13.6383,7.48908,13.7203,9.36008,18.3374,10.4554,31.5565
35.6568,0.91878,0.0309682,7,127,0,-26.6974,1.0042,0.433461,0.0314645,0.0137985,0.41604,1.01059,0.0234272,0.157293,7.52735,10.2332,26.2744,24.6495,0.362949,0.354855,0.27539,0.249924,9.80411,21.1516,14.4509,18.4359,22.2322,18.5705,31.9693,23.1281,35.8786,34.5801,26.2556,48.243,14.5517,50.8052,8.86962,43.6318,7.09025,34.519,7.40629,26.8937,9.4941,21.5435,13.8739,18.5867,21.3427,18.402,31.0926,22.4181,36.0932,33.1816,27.551,47.2546,15.4196,51.1258,9.2034,44.5021,7.1557,35.3602,7.30116,27.5347,9.86184,45.2753,7.0383,63.2704,4.63074,56.4954,3.6955,38.9578,3.68933,25.1163,4.28114,16.9937,5.38627,13.1434,6.98344,12.5801,8.89928,15.948,10.3444,26.7939,9.57616,48.6139,6.6225,63.8241,4.42547,54.2277,3.65093,36.7118,3.73866,23.6893,4.40273,16.2468,5.57719,12.8785,7.23561,12.7671,9.15579,16.8692,10.4121,29.1815
34.8865,0.988508,0.0309682,7,127,0,-32.4021,0.946582,0.434007,0.0294126,0.0132348,0.470542,0.971441,0.0222256,0.158946,7.88873,9.33499,27.0456,27.4974,0.332571,0.404549,0.343999,0.285335,10.1669,20.5617,15.1996,16.9216,24.245,16.2468,37.1971,20.0068,45.677,32.1725,34.5337,50.8533,17.6099,55.9298,9.8572,46.7028,7.63906,35.2077,8.05187,26.0809,10.618,19.9608,16.0756,16.6658,25.6857,16.4169,38.8174,20.9555,45.4949,34.4103,32.1603,52.5859,16.1698,55.2729,9.37457,45.2409,7.57324,33.9179,8.24659,25.163,8.93827,45.8174,6.69597,60.8521,4.67064,56.027,3.78538,40.9685,3.72248,27.9241,4.21301,19.7324,5.16559,15.6471,6.53594,14.9366,8.14731,18.1503,9.35571,27.9694,8.88608,46.4976,6.61388,61.0262,4.62376,55.5968,3.77226,40.4686,3.73072,27.5758,4.23737,19.5375,5.20463,15.571,6.58723,14.972,8.1994,18.3483,9.37452,28.4524
36.1113,0.901018,0.0309682,7,191,0,-28.3274,1.39094,1.07383,0.0442629,0.0322803,0.308167,0.437505,0.0146522,0.183595,7.25424,6.239,26.0881,25.8634,0.275904,0.338342,0.302854,0.299682,10.1892,21.7122,16.65,19.3132,28.6203,19.6242,44.1984,24.6202,47.0615,36.3737,28.8193,47.1568,13.9461,46.7636,8.12059,40.0817,6.53694,32.6823,7.13307,26.4827,9.87417,21.9728,16.0047,19.412,27.5279,19.4749,43.181,24.0224,47.7507,35.3474,30.323,46.7222,14.6733,47.1061,8.36191,40.6418,6.56947,33.1997,7.0231,26.8866,5.33998,52.2796,2.12794,65.6579,0.868643,54.4506,0.558339,39.7938,0.549559,28.3559,0.737165,20.536,1.20992,15.7625,2.21526,13.7868,4.08852,15.6456,6.29069,26.5381,5.21976,53.2944,2.04917,65.5299,0.847699,53.9026,0.55425,39.3144,0.552819,28.0133,0.748281,20.3137,1.23496,15.6415,2.26617,13.7737,4.17298,15.8279,6.3377,27.2391
32.014,0.922011,0.0309682,7,127,0,-23.9466,1.30355,0.710604,0.0370244,0.0207791,0.294715,0.644174,0.0167295,0.152707,6.92706,7.63603,26.687,22.9902,0.360686,0.282052,0.351036,0.380571,10.2537,22.8672,16.818,21.2387,27.7412,22.829,39.2743,29.9848,37.4664,43.6372,22.0125,53.6778,11.0969,52.1229,6.7458,44.784,5.49332,36.8437,5.88435,30.1189,7.84019,25.0961,12.1507,21.9999,20.2364,21.3485,32.3389,24.5935,40.9319,34.3495,32.419,48.4485,17.1309,54.2816,8.99952,49.793,6.05734,41.8662,5.46954,34.2561,8.1144,41.8157,5.41029,63.3034,2.89237,61.2871,1.92372,45.8066,1.76391,31.6528,2.06908,22.1526,2.82759,16.7979,4.16374,14.919,6.13081,17.0764,8.05793,26.798,7.61459,48.8007,4.54794,65.3424,2.50308,57.4639,1.82255,41.4932,1.80601,28.5679,2.22897,20.3022,3.13195,15.942,4.649,15.0349,6.73224,18.744,8.29446,31.6805
31.2088,0.942139,0.0309682,7,127,0,-21.8795,0.944967,0.583263,0.0269837,0.0161992,0.447515,0.730487,0.0238581,0.187144,6.56554,6.92414,27.2727,29.9374,0.242596,0.36901,0.386835,0.353568,8.88127,20.8771,13.7257,17.367,22.4074,16.9328,34.912,21.3524,42.9206,35.4717,31.427,57.1947,15.2085,62.7352,8.15713,52.2004,6.12425,39.3284,6.30819,29.0596,8.20553,22.0053,12.4027,17.8848,20.1527,16.7158,32.0885,19.791,42.5073,31.3418,35.3422,53.0377,17.9176,63.4621,9.08973,55.002,6.32757,41.9514,6.12703,30.9987,6.44625,52.3656,4.2007,68.8508,2.55666,61.2272,1.9457,44.4039,1.91375,30.4854,2.26359,21.5871,2.98497,16.8873,4.12692,15.7173,5.63191,18.8004,6.91341,29.6777,6.47237,51.9803,4.23532,68.7882,2.57291,61.4644,1.94986,44.6555,1.91115,30.6613,2.25547,21.6899,2.97075,16.9325,4.10603,15.7076,5.60766,18.7074,6.90225,29.4211
32.6592,0.980241,0.0309682,7,127,0,-23.7335,1.51229,1.06651,0.0568998,0.0353064,0.261569,0.447051,0.0139644,0.133488,7.31864,6.98072,21.8331,21.3826,0.432935,0.293801,0.271543,0.330391,10.4631,18.9739,16.9097,17.5986,27.8947,18.4287,39.8984,22.8905,39.1605,31.3132,24.1961,37.7198,12.652,37.2125,7.75395,32.8485,6.2692,27.8151,6.65527,23.391,8.83192,20.0154,13.6988,17.9623,22.751,17.7364,35.4397,20.4714,41.8998,27.5137,30.9421,35.8247,16.517,38.1523,9.23024,34.8895,6.61796,29.895,6.2954,25.1349,7.40818,37.44,4.18864,52.7462,1.91183,49.5121,1.1696,38.4875,1.05077,28.4178,1.28325,21.1569,1.92707,16.6686,3.2339,14.9054,5.44111,16.8469,7.62443,26.1783,6.38775,44.9311,3.07076,53.4321,1.51435,45.533,1.07628,34.3667,1.09947,25.3162,1.46939,19.1367,2.32773,15.6599,3.96871,15.0884,6.41604,19.2048,7.71762,32.6902
28.5805,0.79295,0.0309682,7,127,0,-21.4393,1.37867,1.07409,0.0457923,0.0305733,0.287588,0.476731,0.0147974,0.205857,6.86286,5.82987,24.8228,21.4382,0.24219,0.287904,0.529296,0.415813,9.60485,20.9707,15.4372,18.8395,26.0113,19.0779,39.9027,23.3156,44.1658,33.3688,29.3115,43.7474,14.7112,44.9573,8.30586,39.6705,6.24419,33.0251,6.28213,27.1207,8.04,22.5634,12.2376,19.5885,20.4461,18.5991,33.5167,20.6966,44.6591,28.028,37.6553,39.7064,20.3708,45.6,10.4988,42.5261,6.86196,36.0894,6.05748,29.7129,6.11746,50.0126,2.40514,74.4102,0.83136,62.0745,0.486312,43.7299,0.468389,29.8491,0.639974,20.6972,1.09038,15.255,2.09032,12.9704,4.05736,14.8707,6.48617,27.7543,4.96267,62.1715,1.63715,72.8288,0.65636,55.8642,0.458141,38.6609,0.502245,26.4131,0.746477,18.5694,1.33538,14.1673,2.6046,12.9896,4.9085,17.1793,6.68191,37.0266
35.1154,0.998113,0.0309682,7,127,0,-23.7963,1.31671,1.12754,0.0332724,0.0362826,0.322869,0.4161,0.0167603,0.15236,6.93849,6.59407,34.4355,21.9335,0.352993,0.279057,0.263933,0.2956,9.15262,28.4461,14.1596,24.9183,23.4437,24.558,36.3653,29.3119,42.3846,41.9969,29.9952,56.9041,15.4624,59.6787,8.79939,52.4713,6.70086,43.0849,6.87085,34.8645,8.95486,28.7386,13.7546,25.0511,22.7517,24.4638,35.6132,28.8248,42.5484,41.0316,31.0277,56.2664,16.0966,59.8876,9.03294,53.0181,6.75145,43.6295,6.80973,35.3012,6.61808,42.2422,3.06514,58.4005,1.2224,51.9719,0.719592,39.4008,0.651267,28.7527,0.820627,21.1521,1.29441,16.3096,2.3236,14.0393,4.28451,15.1135,6.80541,23.3417,6.31778,44.7925,2.7669,58.5681,1.13332,50.7216,0.699183,38.1719,0.658069,27.8321,0.852572,20.5333,1.36864,15.9556,2.47648,13.9664,4.54417,15.5172,6.98455,24.9166
33.7133,0.999508,0.0309682,7,127,0,-29.4043,1.42822,1.24626,0.034273,0.03983,0.309735,0.37379,0.0162206,0.150247,6.68936,7.00642,38.3506,26.0744,0.300504,0.336151,0.296367,0.274552,8.45159,31.7214,12.8675,27.5402,21.4853,26.517,34.3637,30.5061,42.0942,42.4259,31.1773,57.6762,16.1648,61.5623,9.01299,54.8785,6.72368,45.5483,6.82663,37.2013,8.92009,30.9172,13.8648,27.1533,23.2385,26.7308,36.3068,31.7531,41.6635,44.8821,28.5635,59.2291,14.5937,60.9983,8.44405,53.4926,6.61298,44.1735,7.00767,36.1007,5.51855,49.5105,2.03389,58.5179,0.811569,48.8685,0.513439,36.9434,0.500663,27.3687,0.676589,20.5206,1.14316,16.1089,2.19693,14.1026,4.29826,15.5683,6.92313,25.1621,5.72738,48.2912,2.15449,58.7019,0.84278,49.5184,0.51991,37.5272,0.496763,27.8052,0.6616,20.8195,1.10734,16.2844,2.11881,14.1396,4.15715,15.3543,6.828,24.2987
35.5842,0.998386,0.0309682,7,127,0,-31.5897,1.70226,0.572329,0.0859844,0.0176067,0.237865,0.772853,0.0119513,0.186552,7.09507,7.21718,16.8622,22.6469,0.280768,0.241405,0.342403,0.385818,10.0867,14.6915,16.5929,13.5221,28.4287,13.8715,42.7234,16.7803,43.6125,22.6657,26.9402,27.4207,13.6276,27.2941,8.03685,24.354,6.31424,20.8649,6.61632,17.7387,8.81986,15.3009,13.9708,13.7692,23.9703,13.539,38.5339,15.4788,45.8822,20.5666,32.8906,26.3789,16.9306,27.7965,9.26809,25.444,6.60696,21.9832,6.3292,18.6884,7.35635,42.3838,5.01674,63.5249,2.8899,59.9855,2.05666,43.2524,1.94805,28.7836,2.27201,19.5812,2.99452,14.6786,4.17458,13.127,5.80052,15.2846,7.35904,24.3344,7.17716,45.5213,4.68673,64.5602,2.72895,58.1844,2.014,41.2196,1.96673,27.3822,2.33823,18.7763,3.11304,14.3179,4.35249,13.1631,6.01588,15.9133,7.47482,26.2247
29.9099,0.445625,0.0309682,7,255,0,-19.5899,0.792668,0.823232,0.0143927,0.0291708,0.547433,0.525482,0.0284785,0.162574,7.05766,7.04392,39.0978,33.7843,0.327259,0.338846,0.349352,0.325687,9.64907,28.5501,14.7731,23.2116,23.5735,22.9508,35.8655,30.811,43.4345,56.9382,30.9311,99.5166,14.5224,107.452,7.96911,84.0933,6.31857,59.2087,6.83998,41.1368,9.13919,29.7365,13.8268,23.6902,22.0324,22.6137,34.0185,28.8688,43.3529,51.5062,33.7646,94.2485,16.2364,109.185,8.50289,88.0108,6.39495,62.4498,6.65835,43.318,4.45226,52.293,2.12493,51.5176,1.27178,39.602,1.08509,28.2009,1.23272,20.0524,1.69618,14.9703,2.60498,12.4645,4.14574,12.638,6.19834,17.2919,7.15004,31.3685,4.82558,50.9022,2.30639,52.5336,1.32596,41.0982,1.08721,29.3857,1.20017,20.8427,1.62185,15.4289,2.46821,12.632,3.92796,12.4447,5.95996,16.373,7.19922,29.0821
31.6526,0.956557,0.0309682,7,127,0,-24.5939,1.06735,0.748075,0.0226504,0.0203265,0.379659,0.589018,0.0200586,0.173708,7.59197,6.26143,35.7584,28.0497,0.323125,0.319021,0.334429,0.381109,10.6367,29.2546,16.6277,26.1487,26.6279,27.4162,38.4084,36.1328,40.1082,56.0015,25.7073,75.1715,13.1774,74.8886,7.98394,62.7728,6.53097,49.4691,7.03992,38.6672,9.34904,31.0716,14.2093,26.78,22.8255,26.3732,34.7633,32.0728,41.6456,48.252,31.2978,70.4866,16.4207,77.0383,9.14924,67.32,6.7558,53.7363,6.68307,41.9402,6.22739,47.8018,4.03834,65.6156,2.26069,61.7764,1.5703,47.2546,1.46311,33.9198,1.71619,24.6869,2.33189,19.3561,3.40668,17.5496,4.95777,20.0271,6.40192,30.1522,6.00496,51.1152,3.71286,66.3987,2.10954,59.9716,1.52844,45.1646,1.47863,32.3574,1.77951,23.7105,2.45345,18.8871,3.60026,17.5979,5.19646,20.8737,6.50378,32.5094
36.9171,0.993474,0.0309682,5,63,0,-26.3572,1.04574,0.820385,0.0217551,0.0251274,0.415576,0.562933,0.0215783,0.188834,6.99633,6.49517,39.7035,25.7349,0.296874,0.331998,0.330835,0.34993,9.27871,31.1128,14.2369,26.3061,23.1961,25.7875,35.7669,32.067,42.5174,50.5882,30.3054,75.4466,15.1492,80.1283,8.53063,67.4266,6.63061,52.1291,6.99434,39.7198,9.27338,31.1232,14.2264,26.3105,23.1786,25.7841,35.7475,32.0492,42.521,50.5488,30.3334,75.4187,15.1656,80.1394,8.53619,67.4509,6.63151,52.1512,6.99236,39.7361,5.83855,49.9034,2.95021,64.8913,1.44699,54.5763,1.01973,38.8508,1.02613,26.7122,1.32489,18.9047,1.98803,14.619,3.19549,13.4456,5.04121,16.5284,6.6503,29.0171,5.35287,54.4611,2.55892,64.392,1.32106,51.7413,0.997556,36.3761,1.05749,25.0386,1.41137,17.914,2.1558,14.1816,3.47869,13.6053,5.4003,17.8105,6.70268,32.8333
32.4045,0.950081,0.0309682,7,127,0,-22.6523,1.62964,0.970999,0.064344,0.0301331,0.247904,0.464834,0.0117297,0.0915723,6.88647,12.3807,20.8807,29.4802,0.28806,0.315184,0.290876,0.34028,10.1348,17.9574,17.2778,16.3765,30.7246,16.8204,47.8205,20.8611,49.0911,29.5451,28.7198,36.6537,13.5618,36.2353,7.67167,31.8351,5.93495,26.8411,6.22796,22.4591,8.40498,19.0571,13.6033,16.8559,24.1427,16.3082,40.9214,18.5645,52.0718,25.4499,38.1446,34.4824,18.5588,37.195,9.43454,33.9093,6.36389,28.9292,5.89562,24.2162,9.45303,53.2962,4.151,61.135,2.0121,49.9579,1.45078,36.5356,1.50248,26.1853,2.01679,19.2518,3.1885,15.2518,5.45363,14.0864,9.13368,17.0941,12.3779,29.4273,9.46914,53.2389,4.16072,61.149,2.01499,49.9955,1.45128,36.5682,1.50174,26.2083,2.01467,19.2662,3.18412,15.2589,5.44562,14.085,9.1225,17.077,12.3751,29.3745
32.583,0.697331,0.0309682,7,127,0,-21.4981,1.85955,0.949661,0.0767396,0.0334937,0.217647,0.483807,0.0118186,0.124417,6.81735,7.51429,21.3115,19.3576,0.291855,0.372776,0.409311,0.320051,9.43835,18.8276,15.1935,17.4493,25.6011,17.7767,38.0994,20.89,39.3506,27.0583,25.392,32.1241,13.3851,32.2583,8.0138,29.299,6.26256,25.5816,6.46395,22.149,8.46694,19.4206,13.1868,17.6938,22.239,17.461,35.0201,19.6828,40.9646,25.1905,29.7473,31.1777,15.9481,32.6614,9.01737,30.2657,6.51513,26.609,6.24255,23.0411,8.29025,33.1336,5.29147,48.7176,2.58465,48.005,1.57324,37.8583,1.3612,27.8618,1.57697,20.5369,2.22841,15.9564,3.51652,13.9492,5.65145,15.0778,8.03628,21.9424,7.79236,37.8971,4.40309,50.2293,2.20114,45.7379,1.46663,35.0781,1.38008,25.6934,1.69808,19.1015,2.48938,15.1888,3.98514,13.8853,6.31272,16.1268,8.3793,25.2261
32.1163,0.973279,0.0309682,7,127,0,-25.2316,1.31074,0.840626,0.0715272,0.0295791,0.33373,0.536787,0.017209,0.195641,6.95046,5.77467,16.356,27.8716,0.2688,0.226904,0.419944,0.391922,8.955,13.3915,13.6912,11.5982,22.6434,11.2768,35.5213,13.2914,42.4694,19.0334,30.7966,26.1945,15.9122,27.7553,8.99847,24.392,6.84197,19.9339,7.04594,16.0458,9.24957,13.1802,14.3002,11.5018,23.6871,11.3426,36.6481,13.6388,42.1839,19.7204,29.2373,26.6281,14.985,27.5865,8.66557,23.9971,6.78,19.5501,7.15679,15.7439,4.46481,46.2757,2.307,51.7342,1.30653,42.335,1.02981,30.8749,1.0987,22.1285,1.44841,16.5153,2.16287,13.649,3.37695,13.5981,4.98113,17.9801,5.74418,31.0061,4.0313,48.7974,2.04266,50.7007,1.22012,40.1802,1.02139,29.0598,1.13994,20.8966,1.54625,15.8048,2.34155,13.4139,3.65108,13.9717,5.24485,19.5478,5.61511,34.3966
35.8918,0.998548,0.0309682,7,127,0,-29.3587,1.17336,0.975867,0.0335123,0.028323,0.361985,0.503725,0.0195466,0.166272,7.28435,7.1575,30.0695,21.8089,0.324124,0.337301,0.287218,0.289057,9.48451,24.5817,14.2725,21.4786,22.7405,21.3333,33.9183,25.8328,38.7712,37.435,28.0119,51.0832,15.081,53.6604,8.9299,46.7934,6.99053,37.8932,7.25453,30.2365,9.40181,24.6917,14.1107,21.5244,22.4791,21.2904,33.6538,25.6394,38.8445,37.063,28.3915,50.8403,15.3207,53.7482,9.01994,47.0138,7.00817,38.1087,7.22585,30.4048,7.44629,47.9927,3.35039,71.6339,1.28498,61.4083,0.774188,43.577,0.736127,29.7347,0.967019,20.6216,1.55562,15.2705,2.78349,13.0829,5.03246,14.9049,7.72361,26.3286,6.5349,56.867,2.55809,71.3496,1.07491,56.7468,0.735443,39.5548,0.769489,26.9886,1.07568,18.9316,1.79337,14.4129,3.2503,13.0724,5.76745,16.4837,8.02202,32.3899
34.3064,0.954779,0.0309682,7,127,0,-28.3681,1.41293,0.639887,0.0339985,0.019618,0.318053,0.704775,0.016117,0.166238,6.9695,8.61362,38.1841,27.9949,0.338988,0.321764,0.405468,0.285876,8.82158,31.4579,13.4609,27.2609,22.4884,26.3153,35.8172,30.5445,43.2551,42.9202,31.3435,58.2348,16.1278,61.4969,9.10419,54.32,6.94003,44.7868,7.2075,36.4225,9.59837,30.2447,15.0993,26.7095,25.3198,26.7259,38.7568,32.6165,42.1526,46.7806,27.2442,60.3486,13.8394,60.4071,8.30494,52.1257,6.82236,42.6875,7.5542,34.7801,7.33216,55.23,3.89477,68.7925,2.14582,54.7505,1.66822,36.752,1.75983,24.0091,2.2598,16.4776,3.23399,12.7602,4.82617,12.2082,7.00558,16.0479,8.67008,29.9156,7.02742,57.7328,3.6536,68.3103,2.06619,53.0181,1.65808,35.3526,1.78837,23.1336,2.32657,16.0013,3.35075,12.5793,5.00397,12.333,7.21056,16.7567,8.69599,31.988
35.0626,0.996823,0.0309682,7,127,0,-31.2997,1.37826,0.474429,0.0463142,0.0139768,0.316011,0.925341,0.0148734,0.167229,7.42209,9.73486,26.0274,28.9234,0.280912,0.349756,0.231899,0.281679,9.85952,21.5119,15.4873,18.8415,26.126,18.5851,41.0389,22.2997,47.2772,32.134,32.1548,43.0928,16.1256,44.4626,9.18362,38.7854,7.11647,31.7975,7.48502,25.7762,10.041,21.3416,15.8633,18.7678,26.7711,18.6531,41.7003,22.6175,47.0016,32.7245,31.2186,43.4103,15.6175,44.2948,9.00712,38.4554,7.0872,31.4828,7.55261,25.5286,8.72892,56.4166,5.4503,73.3932,3.38345,59.3463,2.7514,38.7449,2.86861,24.3793,3.48983,16.3374,4.59931,12.6463,6.23296,12.3112,8.2553,16.3509,9.76213,29.8306,8.60617,57.7271,5.32034,73.3135,3.33219,58.4078,2.74399,37.9622,2.88588,23.9095,3.52792,16.0968,4.6598,12.5629,6.31594,12.3782,8.34386,16.6857,9.78395,30.7717
35.0173,0.825137,0.0309682,7,127,0,-27.6118,1.48042,0.779147,0.0511049,0.0236133,0.276903,0.586668,0.0142526,0.176295,6.35282,7.32533,24.4922,25.4655,0.323188,0.267959,0.439991,0.32934,8.86679,20.6388,14.4847,18.3913,25.1801,18.3682,40.1369,22.1613,45.5789,31.7266,29.8275,41.8318,14.4242,42.9661,7.92476,37.8968,5.90167,31.6013,5.97732,26.0225,7.8034,21.7131,12.2307,18.9116,21.1069,18.0634,35.3562,20.3798,46.2611,28.0838,36.1186,39.3217,18.25,43.5944,9.31914,39.8205,6.262,33.5891,5.77296,27.6849,6.59989,51.5788,3.28119,68.2198,1.58406,56.6884,1.11281,39.5821,1.12061,26.6731,1.44467,18.5106,2.15763,14.0456,3.45153,12.6783,5.46271,15.3243,7.42173,26.9938,6.35277,53.9726,3.06601,68.0673,1.51539,55.2549,1.10009,38.3358,1.13528,25.8413,1.48631,18.0207,2.23845,13.8189,3.58937,12.7134,5.64945,15.824,7.49633,28.6493
34.6632,0.913994,0.0309682,7,127,0,-29.6752,1.45677,0.725496,0.0689928,0.0238367,0.293677,0.6458,0.0155119,0.14381,7.05136,9.17994,18.7329,25.533,0.283469,0.310949,0.365245,0.293866,9.25197,15.8028,14.2774,14.0754,23.5466,13.9852,35.9513,16.539,40.5222,22.7924,28.1698,29.3896,14.8731,30.3151,8.74163,26.9362,6.80182,22.5728,7.06437,18.6945,9.2899,15.7765,14.3549,14.0642,23.6759,13.9965,36.0773,16.5879,40.4687,22.8775,27.9907,29.4361,14.7684,30.2936,8.70275,26.8888,6.79431,22.5255,7.07761,18.6563,7.96463,48.6212,4.22144,60.8168,2.27705,49.6473,1.73626,34.3763,1.82419,23.1478,2.37273,16.3159,3.48026,12.9277,5.33588,12.6503,7.83874,17.0438,9.31441,31.7109,6.76703,55.4096,3.38139,58.8973,2.00909,44.6281,1.71201,30.3281,1.94581,20.5716,2.652,14.9166,3.97559,12.4857,6.08228,13.3634,8.57154,20.1705,8.97594,39.2136
32.6569,0.877335,0.0309682,7,127,0,-27.9142,1.28498,0.501734,0.0462917,0.0150207,0.333303,0.825579,0.01709,0.13244,6.55296,9.82833,23.6157,27.4658,0.298023,0.505879,0.366972,0.32903,8.84275,19.2404,14.0242,16.6738,23.8364,16.3843,37.9659,19.8608,44.8209,29.6242,30.6959,41.4114,14.9533,43.2524,8.23584,37.4093,6.23372,30.2077,6.45336,24.0626,8.55837,19.5425,13.4335,16.8133,22.7964,16.2945,36.7758,19.3555,45.0544,28.5567,32.3334,40.7003,15.8944,43.508,8.56232,38.0133,6.30077,30.7898,6.36652,24.5212,9.53022,44.5793,7.08816,59.4628,4.79285,56.4676,3.73594,42.9674,3.57511,30.3045,4.01356,21.8104,4.96646,17.2163,6.42043,15.9429,8.23911,18.396,9.78295,26.8331,9.60593,43.62,7.22521,59.1058,4.87628,56.9853,3.76345,43.6693,3.56763,30.8354,3.97976,22.1311,4.9076,17.3625,6.33799,15.9278,8.14743,18.1624,9.7333,26.2232
33.412,0.951783,0.0309682,7,127,0,-22.7153,1.10521,0.503914,0.0364977,0.01357,0.382566,0.897651,0.0198297,0.117243,6.79751,12.9486,24.858,25.5392,0.266744,0.380771,0.282347,0.257436,9.14869,19.79,14.2353,16.925,23.5117,16.6519,36.6233,20.5649,43.5895,31.8905,30.8768,46.7956,15.2917,49.7538,8.45386,42.4463,6.41087,33.386,6.61086,25.8353,8.6387,20.4307,13.2133,17.2165,21.7617,16.4826,34.5708,19.5628,43.6996,29.5944,33.72,44.9674,17.0909,50.2318,9.08959,43.8375,6.54853,34.7225,6.46579,26.8647,13.0859,49.9914,8.98927,76.1979,5.31919,70.1003,3.93651,48.3058,3.84208,30.782,4.52728,20.3505,5.9169,15.1891,8.07087,13.947,10.8848,17.195,13.3278,29.3997,12.4657,57.0284,7.98272,77.8223,4.85528,65.6186,3.83375,43.851,3.93199,27.9459,4.76931,18.8395,6.32062,14.6011,8.64269,14.1986,11.5212,18.8317,13.5451,34.107
31.6042,0.944756,0.0309682,7,255,0,-24.5342,1.27262,1.39686,0.0487029,0.0491496,0.341329,0.335407,0.0160073,0.150302,7.30789,5.75625,21.3458,25.3137,0.346072,0.295832,0.387423,0.473639,10.2266,17.3981,16.6209,15.2406,28.46,15.4134,44.2612,19.6185,48.1733,30.186,29.6915,40.638,14.1376,40.3894,8.16351,34.0189,6.59905,27.1138,7.2616,21.4788,10.1077,17.4842,16.3793,15.2731,28.0514,15.3662,43.8691,19.422,48.4254,29.8278,30.274,40.4826,14.4128,40.5157,8.25174,34.2169,6.60857,27.291,7.21689,21.613,4.55362,41.3142,1.9399,47.3739,0.867597,41.1789,0.572525,32.6403,0.560674,25.3505,0.750473,19.9475,1.24925,16.4901,2.33798,15.2897,4.28038,17.8047,5.85188,27.9841,4.00045,43.7505,1.63495,46.7823,0.777622,39.5851,0.554622,31.1514,0.579717,24.1986,0.813953,19.1542,1.39606,16.0752,2.63539,15.398,4.69307,18.9648,5.79714,30.9551
33.9145,0.982349,0.0309682,7,127,0,-25.1355,1.30686,1.22464,0.0487292,0.0352412,0.323341,0.39543,0.015815,0.163438,7.04264,6.60542,22.0697,26.853,0.367937,0.232896,0.379936,0.405648,9.82055,18.1912,15.8775,16.0429,27.0617,16.1808,42.0561,20.2312,46.408,30.3422,29.5437,40.6861,14.2981,41.0707,8.1471,35.1917,6.39622,28.4694,6.81229,22.8176,9.21481,18.6881,14.6408,16.2497,24.9391,15.9612,39.8484,19.2332,47.3192,28.4254,32.6995,39.63,15.9671,41.6142,8.71705,36.2501,6.5014,29.469,6.62795,23.603,5.65256,53.4359,2.11223,66.3116,0.815643,55.4015,0.507622,41.3071,0.495759,30.1128,0.676698,22.2516,1.15618,17.3085,2.23861,15.2091,4.37057,17.295,6.81989,29.5904,5.11393,57.1385,1.81411,65.626,0.741249,53.3853,0.493783,39.5557,0.508661,28.8371,0.72064,21.4035,1.26007,16.8412,2.46221,15.1847,4.74862,18.1506,6.94123,32.7318
32.7114,0.877588,0.0309682,7,127,0,-27.5281,1.40148,0.990296,0.0731624,0.031438,0.301035,0.450953,0.014922,0.153807,6.87235,6.06734,16.3896,29.5489,0.389442,0.228629,0.342486,0.332509,9.36026,13.6507,14.9601,12.0521,25.5146,11.9781,40.2087,14.4609,45.9257,20.863,30.6972,27.8328,15.1592,28.6594,8.5043,25.0916,6.47744,20.6899,6.6962,16.8546,8.86143,13.9699,13.9204,12.1975,23.692,11.868,38.208,13.8969,46.4705,19.7574,33.4369,27.1499,16.732,28.9146,9.06545,25.6961,6.60012,21.2878,6.55634,17.3385,5.0134,45.7125,2.75507,52.5863,1.5422,45.9429,1.14992,35.7508,1.16015,27.0934,1.47561,21.0502,2.17699,17.6535,3.42,17.162,5.1267,21.0471,6.08564,32.5378,4.54845,48.3732,2.41872,52.0279,1.41795,43.9465,1.12653,33.8433,1.19785,25.6799,1.57955,20.1654,2.37633,17.3026,3.73668,17.5033,5.44663,22.6189,5.98598,35.7852
31.8222,0.992094,0.0309682,7,255,0,-24.1004,0.938891,0.553445,0.0190398,0.0169565,0.460088,0.784048,0.0235692,0.194939,7.35315,7.84315,38.4202,31.3473,0.235272,0.371486,0.338078,0.334022,9.9081,29.5956,15.1741,24.9433,24.3538,24.8731,36.7568,32.2041,42.7031,53.4582,29.7066,81.6822,14.7365,85.5609,8.45449,70.0416,6.75445,52.5941,7.27292,39.0263,9.70964,29.9665,14.7969,25.0888,23.7432,24.7292,36.0982,31.5134,42.852,51.8871,30.7021,80.5709,15.3044,86.0564,8.64242,71.0341,6.78048,53.4612,7.19813,39.646,6.32709,60.0751,3.46235,70.2297,2.06977,53.6747,1.70853,35.0392,1.84114,22.47,2.33907,15.3268,3.24232,11.9683,4.63549,11.6777,6.44859,15.6461,7.81596,29.3453,6.58197,57.595,3.6658,70.7907,2.13935,55.4883,1.71655,36.4698,1.81432,23.3407,2.27962,15.7885,3.14328,12.1416,4.49097,11.5688,6.28255,15.0235,7.76625,27.4894
36.7673,0.832529,0.0309682,7,127,0,-27.0543,1.23357,0.546103,0.0505,0.0164614,0.35511,0.80963,0.0186307,0.157925,6.68357,9.25185,19.9388,25.4639,0.362622,0.323999,0.277555,0.303784,9.28708,16.1624,14.9609,14.1171,25.36,14.2915,39.0942,18.2783,42.4385,28.2994,26.3114,38.2429,12.661,37.9427,7.40382,31.7798,6.05799,25.1603,6.72491,19.8159,9.39221,16.084,15.1718,14.0889,25.7101,14.3379,39.4166,18.4639,42.2069,28.6307,25.8207,38.3772,12.4321,37.8193,7.33127,31.5944,6.05263,24.9971,6.76763,19.6942,8.78212,49.3759,5.53471,68.8556,3.21732,59.6388,2.43184,40.8747,2.43184,26.508,2.93332,17.9091,3.92671,13.6048,5.48724,12.633,7.55841,15.6787,9.34188,26.9142,8.57317,51.7614,5.26694,69.1059,3.10488,58.1017,2.40847,39.4315,2.45598,25.5802,2.99702,17.4023,4.03512,13.3993,5.64523,12.7069,7.74088,16.2129,9.4131,28.4778
33.886,0.98892,0.0309682,7,127,0,-27.8071,1.18082,0.58698,0.0239721,0.0187398,0.352928,0.716556,0.0167675,0.178996,8.5309,6.96979,39.9323,30.3934,0.375627,0.309021,0.305779,0.335823,11.6504,33.11,18.0125,29.6679,28.7773,30.666,41.4598,38.9513,43.3687,57.2417,28.4446,74.3556,15.0659,74.3597,9.3018,63.5682,7.66342,51.292,8.29399,41.0843,11.0734,33.8399,16.9185,29.9085,27.0852,30.195,39.9968,37.2629,44.2921,54.3775,30.7691,72.9381,16.3575,75.2601,9.76625,65.2376,7.73307,52.8565,8.09431,42.2902,5.98011,48.8617,3.85301,57.4333,2.5156,48.8094,2.05517,35.5395,2.10822,25.044,2.53733,18.4382,3.34697,15.1578,4.56351,14.9405,6.0311,18.8274,6.96589,29.9739,6.03112,48.4052,3.90274,57.4671,2.53749,49.1485,2.05959,35.8652,2.10185,25.2678,2.52142,18.5661,3.32056,15.2054,4.52693,14.9026,5.99397,18.6508,6.96057,29.5609
29.0097,0.972993,0.0309682,7,127,0,-23.5297,1.04994,0.406421,0.0182316,0.0133089,0.368822,0.975743,0.021158,0.171252,7.62994,8.60451,43.7381,31.3994,0.472357,0.26804,0.300516,0.26577,10.5492,36.5245,16.0572,33.2885,24.7996,35.2763,34.3995,45.8393,35.3442,68.0137,23.6412,88.8497,12.8897,89.4335,8.03343,76.5347,6.53373,61.4983,6.8606,48.8702,8.78796,39.7574,12.848,34.4094,19.9286,33.4582,29.7816,39.0483,36.6799,55.3792,30.5121,79.9825,17.6115,91.7249,9.93716,83.9606,7.01837,69.0705,6.50076,54.9386,7.59122,48.5777,5.5543,56.4913,4.10638,48.0132,3.56252,34.5177,3.64233,23.9371,4.16827,17.5095,5.07514,14.4878,6.30782,14.416,7.67159,18.0024,8.57333,27.6387,8.01586,44.2653,6.06895,56.2172,4.38342,51.1936,3.63184,37.8647,3.57485,26.2438,3.99526,18.8011,4.80798,14.979,5.96644,14.1408,7.3318,16.628,8.44087,24.4177
32.6607,0.878235,0.0309682,7,127,0,-22.0092,1.01686,0.439046,0.0221846,0.0138459,0.415042,0.916329,0.0214724,0.215212,7.65827,6.99765,34.7673,32.345,0.46189,0.298442,0.281479,0.304945,10.6426,27.8239,16.5892,24.4527,26.6195,25.4826,38.7473,34.0427,40.9245,54.6747,26.0231,75.2968,13.1379,74.4835,8.00172,61.0988,6.69373,47.0289,7.41452,36.0179,10.0771,28.582,15.5322,24.6937,24.9744,24.994,37.249,32.1896,41.8314,51.1744,28.4337,73.5371,14.3849,75.7395,8.41572,63.1697,6.73723,48.8405,7.20716,37.3386,5.97924,54.0425,4.00646,63.144,2.76982,51.4298,2.36271,35.333,2.45288,23.5621,2.89443,16.6577,3.65942,13.4095,4.73915,13.1725,6.01027,16.7398,6.94518,27.3919,6.4507,47.9332,4.53524,63.1146,3.01954,55.9094,2.41644,39.6061,2.38845,26.3599,2.73636,18.1921,3.40963,14.0162,4.4041,12.924,5.64943,15.2082,6.77268,23.3606
32.9634,0.985835,0.0309682,7,127,0,-24.7881,0.756227,0.611696,0.0288616,0.0190883,0.58924,0.708552,0.0309637,0.105917,7.02109,11.7416,19.4055,23.1901,0.336655,0.326712,0.339665,0.273745,9.33143,13.7969,13.9994,10.9036,22.0485,10.4643,33.5717,13.6508,42.069,25.1055,32.0723,46.3644,15.4025,52.5603,8.32545,41.2327,6.52118,28.5549,7.01383,19.4436,9.31381,13.8188,13.9668,10.9126,21.9957,10.4591,33.5074,13.6184,42.0617,25.0111,32.1708,46.2653,15.4645,52.5913,8.34458,41.3048,6.52354,28.6133,7.00662,19.4818,11.8899,41.4226,8.13476,60.0946,4.72391,57.3448,3.33729,42.6635,3.1148,29.3468,3.59352,20.4986,4.72087,15.5806,6.60282,13.8738,9.24046,15.7225,11.8406,23.8459,11.7738,42.6037,7.9113,60.5341,4.60905,56.714,3.30383,41.885,3.12396,28.7796,3.63525,20.1569,4.79845,15.4171,6.72209,13.8717,9.38921,15.9498,11.9327,24.5331
32.9715,0.877928,0.0309682,7,127,0,-25.6031,0.753003,0.652989,0.0241769,0.0201499,0.566382,0.71671,0.0303883,0.110257,7.1519,12.2632,21.6616,23.9156,0.337364,0.354628,0.354751,0.266289,9.71834,15.8084,14.6643,12.902,22.9563,12.8478,34.2858,17.3354,41.2591,31.9816,30.0542,56.2011,14.5312,61.4884,8.06116,48.2936,6.37726,33.8874,6.83249,23.4089,8.98348,16.8176,13.3271,13.3081,20.8191,12.5741,31.7281,15.7532,40.9427,27.5246,33.9016,51.4152,17.1261,62.6675,8.90729,51.6779,6.51928,36.7542,6.59129,25.3444,11.853,46.4933,7.08837,65.2718,3.84699,56.7172,2.80926,39.4429,2.81513,26.0846,3.49856,17.9333,4.91019,13.8183,7.23729,13.064,10.398,16.7905,12.746,30.0893,10.4103,55.5231,5.63911,64.8624,3.31718,50.7315,2.7253,34.2188,2.97674,22.7425,3.89366,16.1173,5.59997,13.1753,8.26152,13.6941,11.4731,19.8785,12.6088,38.1289
24.8671,0.972981,0.0309682,7,127,0,-19.9336,1.27731,1.3752,0.0615571,0.0447709,0.324466,0.358707,0.017092,0.0659629,8.29181,11.9268,18.0096,22.8552,0.32444,0.441196,0.40563,0.472675,10.7414,15.2709,15.8638,13.7953,24.4378,14.0045,34.5278,16.7947,37.1004,22.8269,26.6864,28.8174,15.383,29.6273,9.73428,26.3556,7.86782,22.0608,8.19724,18.2461,10.4906,15.4268,15.3904,13.8516,23.7228,13.9181,33.9125,16.4867,37.3979,22.3259,27.6279,28.5328,15.9963,29.7462,9.98231,26.6493,7.91823,22.36,8.11222,18.4876,12.6036,37.5541,6.65411,49.9852,2.88177,46.8463,1.70742,37.7588,1.51747,29.2368,1.88911,22.7821,2.98533,18.5944,5.38648,16.9609,9.65888,19.2772,13.3467,29.4148,9.70412,45.887,4.22015,49.8232,2.08426,42.2629,1.53098,33.0997,1.64066,25.5977,2.34199,20.3129,4.0221,17.3791,7.39341,17.4966,12.0965,23.2671,12.4373,38.2841
24.3184,0.847841,0.0309682,7,127,0,-13.4828,1.26988,0.588912,0.0343678,0.0199592,0.322753,0.61908,0.0183989,0.157808,6.24615,6.36606,32.5569,30.9794,0.327061,0.301772,0.375932,0.298672,8.06514,26.8174,12.2197,23.2996,19.976,22.543,31.3336,26.091,38.8252,36.66,30.2583,51.3727,16.1837,56.6329,8.87476,51.118,6.32853,42.3723,6.06054,34.2982,7.4348,28.0467,10.904,23.9474,17.6507,22.4146,28.3763,24.6621,38.1655,33.2971,33.7601,48.0751,19.1548,56.6107,10.1005,53.0419,6.69071,44.5668,5.97153,36.1554,5.46126,43.1666,3.86951,48.5054,2.74544,43.6072,2.26319,34.613,2.22524,26.4301,2.51824,20.607,3.12271,17.2442,4.04381,16.2784,5.19708,18.144,6.19176,24.1574,6.21118,35.2529,4.91691,46.2485,3.40291,47.739,2.51717,40.641,2.20833,31.5771,2.29104,24.1423,2.69047,19.1804,3.40461,16.6351,4.4249,16.5539,5.59131,19.6548
33.2127,0.846168,0.0309682,7,127,0,-15.2259,1.11581,1.26123,0.0300701,0.0405685,0.375082,0.36556,0.0188787,0.137221,7.12343,6.71863,28.456,30.8917,0.314485,0.294287,0.450301,0.35861,10.1077,22.9217,16.2763,20.08,27.2174,20.6339,41.3488,27.1177,44.7751,43.4688,27.8575,60.3401,13.3214,60.1421,7.69678,49.9129,6.19817,38.951,6.73579,30.1621,9.16562,24.0026,14.4271,20.4941,24.1377,20.1038,38.161,24.7937,46.0654,38.7277,32.6024,57.596,15.8001,61.6083,8.51894,52.6287,6.33565,41.4098,6.45104,32.0189,4.65636,48.7409,1.98789,52.271,0.981335,43.8617,0.716174,34.0292,0.753204,26.0437,1.04506,20.3727,1.74201,17.0084,3.15994,16.3488,5.42037,20.3093,6.67665,33.462,4.17795,50.4596,1.76035,51.4579,0.914623,42.3975,0.706636,32.7401,0.777941,25.0839,1.11468,19.7441,1.89307,16.7256,3.44236,16.5555,5.75315,21.5182,6.53296,36.1797
34.9241,0.988764,0.0309682,7,255,0,-28.3444,1.44808,0.898261,0.0453783,0.0290479,0.291766,0.511102,0.0160798,0.106223,6.56955,10.3012,27.3703,21.0571,0.294467,0.37041,0.27742,0.330567,8.9523,23.0928,14.2215,20.6799,23.8728,20.8466,36.3993,25.3061,39.5829,35.6803,25.8967,45.7001,13.1984,46.2427,7.74385,40.5742,6.10678,33.7636,6.45458,27.8365,8.64014,23.4084,13.5854,20.8077,22.8072,20.69,35.3801,24.6623,40.1078,34.573,27.3713,45.1405,14.0056,46.5491,8.03366,41.1831,6.16076,34.3576,6.3539,28.3151,10.6783,40.6541,5.82951,59.5275,2.61305,54.3664,1.61806,40.3576,1.47676,28.3961,1.80599,20.1967,2.66799,15.2765,4.36224,13.1896,7.23989,14.4915,10.6291,22.6106,10.2734,43.6616,5.2774,60.0831,2.41691,52.8163,1.57071,38.7561,1.49267,27.2317,1.8763,19.4556,2.8175,14.8837,4.63718,13.1377,7.65479,14.9799,10.9051,24.3715
31.9837,0.851364,0.0309682,7,255,0,-20.6537,1.0288,0.920957,0.0316362,0.0280827,0.435966,0.47641,0.0218257,0.213712,7.62625,5.43103,26.2062,29.8985,0.373012,0.255591,0.401986,0.35196,10.2633,20.511,15.8482,17.5204,25.662,17.6723,38.432,23.0077,42.5301,37.2137,27.8423,53.0207,13.9096,53.1464,8.37466,43.3398,7.03635,32.9945,7.91939,25.0286,10.9804,19.8005,17.2119,17.2938,27.7962,18.127,40.2935,24.7529,41.0948,40.4126,24.8008,54.3006,12.4725,51.8016,7.93512,41.4513,7.04849,31.4253,8.27498,23.9331,4.17863,54.9286,1.85278,63.6791,0.897062,52.0081,0.641557,37.8091,0.655579,26.8765,0.864572,19.5608,1.34007,15.2825,2.25293,13.7982,3.7621,16.1277,5.32255,26.8271,4.57806,51.0115,2.13314,64.2066,0.983625,54.3667,0.659361,39.9182,0.64043,28.3779,0.816144,20.5176,1.23953,15.7845,2.06778,13.8315,3.48311,15.3738,5.14942,24.1891
31.9861,0.983563,0.0309682,7,127,0,-25.432,1.11641,1.1338,0.0248038,0.0345554,0.383628,0.44709,0.0200109,0.200477,6.44417,5.22892,35.3772,18.4244,0.314493,0.28728,0.254367,0.311231,9.02495,28.0355,14.5526,24.0341,24.7275,24.0447,38.9482,30.9245,44.7185,50.3102,28.7603,73.2934,13.3508,74.7291,7.39566,61.9741,5.79818,47.9761,6.23297,36.7688,8.48574,28.9276,13.4677,24.4104,22.8544,23.7138,36.8373,29.2313,45.2888,46.5441,31.8193,70.8849,14.9475,75.8704,7.91038,64.159,5.88394,49.938,6.06089,38.2372,6.30429,40.2233,2.87732,66.4067,0.944509,59.7317,0.492831,43.627,0.430743,30.4963,0.551479,21.4553,0.90818,15.799,1.72943,13.0197,3.4305,13.7118,5.9302,22.4104,5.57123,50.0464,2.03934,67.2085,0.737612,55.0628,0.451756,39.3745,0.447747,27.472,0.624364,19.4952,1.0836,14.6995,2.11282,12.7822,4.13159,15.0028,6.40447,28.2345
31.6062,0.78696,0.0309682,7,127,0,-25.1224,0.928069,0.967834,0.0425307,0.0311227,0.446791,0.451997,0.0239819,0.121593,8.04445,7.65516,17.0134,28.8152,0.285583,0.299025,0.469531,0.396693,10.6856,13.5666,15.8415,11.8577,24.239,12.1851,34.3592,15.7661,37.5957,24.5526,26.5795,34.6192,14.499,35.7902,8.94753,29.9954,7.32171,23.1976,7.80426,17.7271,10.1167,14.0021,14.8103,12.0093,22.6824,11.9616,32.8709,14.8846,38.0721,22.8053,28.8853,33.4307,15.9722,36.2617,9.49503,31.0991,7.41626,24.2223,7.60927,18.4861,6.43903,44.726,3.59925,52.1475,2.01112,45.9956,1.47888,35.9321,1.4655,27.2391,1.83065,21.0961,2.65902,17.5396,4.13811,16.7479,6.23667,19.9551,7.69242,30.2056,6.16386,46.1238,3.3763,52.0045,1.92464,45.0473,1.45937,34.9832,1.48445,26.5216,1.88862,20.6346,2.77204,17.3316,4.32239,16.8504,6.4459,20.5882,7.6963,31.6708
32.7659,0.990307,0.0309682,7,127,0,-27.9819,0.827805,0.925118,0.0442634,0.0319205,0.546783,0.486045,0.0273542,0.13129,7.3076,7.60393,14.0003,22.4201,0.350617,0.406375,0.345203,0.353334,9.86175,10.1976,15.0997,8.24256,24.2512,8.08971,37.0903,10.7892,44.5521,19.7405,30.9936,33.5627,14.5494,35.3577,8.18723,27.4577,6.69543,19.3511,7.46537,13.5361,10.2375,9.93003,15.8025,8.14304,25.3856,8.1948,38.34,11.3132,44.2257,21.073,29.0039,34.4734,13.5534,34.7998,7.89752,26.5939,6.68647,18.6748,7.64153,13.0932,7.39817,38.5775,4.25635,51.3981,2.14831,47.1692,1.42532,36.3227,1.32521,26.6366,1.60567,19.7786,2.31661,15.6493,3.65907,14.1318,5.77022,16.0213,7.82173,24.3634,6.99786,41.4779,3.79832,51.7412,1.96816,45.589,1.37951,34.6337,1.34528,25.363,1.6853,18.9541,2.48002,15.2323,3.9428,14.1603,6.14761,16.7873,7.96212,26.574
34.917,0.955256,0.0309682,7,127,0,-27.1749,1.23771,0.807785,0.0254045,0.0241659,0.343036,0.537608,0.0178964,0.18689,7.04323,5.84443,39.5662,26.4965,0.271709,0.223721,0.328923,0.323128,9.78331,32.5237,15.5974,28.7971,25.9627,29.4226,39.0884,37.4351,41.7847,56.4351,26.434,74.7773,13.1581,74.583,7.79436,63.2977,6.32708,50.7759,6.88761,40.4478,9.39221,33.0914,14.8246,29.0038,24.699,29.0971,37.9104,36.1504,42.4939,54.1401,28.2216,73.6841,14.0739,75.3355,8.10456,64.5935,6.37016,51.9652,6.75092,41.3599,5.50963,46.7609,3.18931,61.9405,1.66889,55.803,1.14676,41.9764,1.08497,30.0555,1.30915,21.8646,1.84626,17.0552,2.81908,15.2853,4.3082,17.2544,5.82731,26.2454,5.53982,46.3643,3.22733,61.8745,1.68457,56.0188,1.1509,42.2103,1.08349,30.2293,1.30289,21.9754,1.83375,17.1122,2.79789,15.2887,4.27924,17.1759,5.80963,25.9982
34.0245,0.712981,0.0309682,7,127,0,-28.8597,1.17613,0.600339,0.0737133,0.0172127,0.357741,0.739253,0.0182382,0.156,7.10246,8.72182,14.0523,26.0139,0.332835,0.401578,0.322078,0.302439,9.08401,11.3532,13.6377,9.71948,22.0912,9.34941,34.4675,10.912,42.8463,15.7303,33.5322,22.691,17.8748,25.1594,9.84926,22.3968,7.14849,18.1912,6.99941,14.4294,8.74437,11.6122,12.9393,9.85001,20.879,9.31273,32.9724,10.5923,42.6268,14.9815,35.4081,21.9913,19.338,25.2135,10.4249,22.8489,7.30082,18.6726,6.92043,14.8194,8.45072,49.6787,5.30135,70.3093,2.97895,62.4911,2.17156,43.9775,2.12704,29.1559,2.55941,19.9485,3.46786,15.139,4.95055,13.8267,6.99375,16.6692,8.84665,27.7645,8.20991,52.637,4.97585,70.7616,2.84095,60.6776,2.14017,42.1867,2.15106,27.9612,2.62975,19.2718,3.5925,14.8472,5.13881,13.8948,7.21949,17.3166,8.94403,29.6863
32.4979,0.969294,0.0309682,7,127,0,-23.4357,1.0976,0.832125,0.017039,0.0244427,0.383378,0.541286,0.0191063,0.0954451,7.58276,11.9713,49.2945,25.4857,0.311571,0.37737,0.314518,0.317496,10.7035,39.8502,17.05,35.1804,28.0206,36.5936,41.4795,48.5817,43.5421,77.1734,26.8939,104.571,13.2375,102.893,7.93193,85.0527,6.57182,66.3148,7.26917,51.4389,9.96172,41.179,15.6265,35.6262,25.7403,35.7646,39.3566,45.36,44.8325,71.137,30.2151,101.628,14.9081,105,8.48314,88.521,6.63976,69.3911,7.0151,53.7278,11.5014,47.9533,6.27913,65.6209,3.06196,58.1852,2.04917,42.7581,1.95276,29.9735,2.41505,21.3941,3.51931,16.4272,5.57042,14.6205,8.81532,16.7561,12.1722,26.8682,11.1413,50.243,5.87231,65.8392,2.9136,56.9106,2.01448,41.4932,1.97151,29.0702,2.48195,20.8327,3.65386,16.147,5.80378,14.6223,9.13887,17.2193,12.3389,28.3688
37.0997,0.972353,0.0309682,7,127,0,-26.6035,1.32532,0.694682,0.0585115,0.0222173,0.33056,0.639534,0.0168537,0.224181,6.43747,5.50435,20.161,24.5223,0.278035,0.26617,0.344242,0.321473,8.37814,16.3635,13.0616,14.0166,22.2333,13.4571,36.2563,15.7629,45.1432,22.9882,32.8489,32.7496,16.179,35.1567,8.68501,30.8149,6.38479,25.0262,6.47539,19.9875,8.50029,16.2438,13.3223,13.9576,22.7037,13.4823,36.823,15.9391,45.0885,23.3766,32.0907,33.0274,15.7255,35.0722,8.52693,30.5929,6.35184,24.8094,6.51609,19.816,5.19014,44.9436,3.09839,60.488,1.69647,53.3964,1.22266,38.6179,1.19682,26.5596,1.45962,18.773,2.03103,14.5508,3.00017,13.3808,4.37402,16.0418,5.5862,26.2491,4.99898,47.5644,2.87892,60.6942,1.60824,51.8006,1.20274,37.0505,1.21267,25.4766,1.50721,18.1347,2.11859,14.2675,3.13729,13.4539,4.54026,16.7052,5.64359,28.1473
36.4197,0.944408,0.0309682,7,127,0,-31.3605,1.52209,0.955526,0.0514695,0.0324696,0.278097,0.484064,0.0135886,0.119405,7.52729,9.49527,25.9109,24.813,0.303795,0.304556,0.328586,0.331884,10.0991,22.0547,15.8721,19.8321,26.4765,19.9036,40.2731,23.7407,44.0904,32.6031,29.5077,41.2147,15.3661,41.9354,9.07009,37.228,7.11573,31.3646,7.45231,26.1634,9.88883,22.228,15.4419,19.9035,25.7584,19.8197,39.5943,23.3977,44.4341,32.0282,30.484,40.9221,15.9169,42.087,9.27296,37.5437,7.15509,31.6786,7.38339,26.4198,7.95092,46.0314,3.681,56.0457,1.75523,46.7498,1.2317,34.1689,1.25041,24.3262,1.6554,17.7578,2.58826,14.0061,4.37902,12.9477,7.24207,15.8256,9.65222,27.4155,7.27323,49.0866,3.23467,55.4407,1.61999,44.7945,1.20846,32.4657,1.28588,23.1337,1.75613,17.0211,2.79404,13.6656,4.74648,13.0665,7.72325,16.8353,9.67952,30.3422
33.2502,0.974728,0.0309682,7,255,0,-29.4003,1.67979,0.760507,0.0860738,0.0273576,0.257831,0.600578,0.0134944,0.222063,6.58362,4.98505,17.9267,21.172,0.302211,0.260077,0.402584,0.328999,8.50326,15.2995,13.2357,13.6346,22.518,13.3296,36.0237,15.2632,42.5394,20.423,30.1222,26.1886,15.5552,27.3136,8.76804,24.6882,6.555,21.0845,6.63248,17.7715,8.66598,15.1879,13.5873,13.5807,23.143,13.3642,36.6951,15.4475,42.3372,20.7573,29.2307,26.3819,15.0285,27.2412,8.57246,24.5096,6.51216,20.9008,6.68627,17.6183,4.94247,36.371,3.15774,49.7053,1.75969,46.16,1.23787,34.9025,1.17702,24.8783,1.40933,18.0913,1.94783,14.3141,2.87478,13.3067,4.16901,15.8854,5.19577,25.0863,4.47513,41.9527,2.59887,50.2918,1.52123,42.7941,1.18171,31.3953,1.22094,22.3628,1.5441,16.5841,2.19701,13.6852,3.25755,13.6481,4.58718,17.8842,5.21137,29.9729
31.6495,0.65368,0.0309682,7,127,0,-26.8917,1.82794,0.656396,0.0950812,0.0186204,0.219477,0.657947,0.0105841,0.182793,7.43686,6.6531,16.2975,25.3538,0.2988,0.276353,0.424938,0.299101,10.8298,14.3772,18.1524,13.3975,31.3129,13.9027,46.1404,16.8978,44.6986,22.429,26.4674,26.336,13.3623,25.8852,8.0057,23.1616,6.39581,20.0264,6.80074,17.2163,9.19207,15.0132,14.7619,13.6338,25.616,13.4806,41.2316,15.3992,48.2142,20.2022,33.6984,25.3708,17.1965,26.4707,9.42487,24.3133,6.72415,21.203,6.43927,18.2231,6.7102,46.4006,4.36373,67.3819,2.40023,63.3733,1.6512,46.89,1.5342,32.2764,1.78867,22.5327,2.40001,17.0117,3.45423,14.9317,4.99897,16.6341,6.63176,25.1121,6.73374,45.9468,4.4088,67.2152,2.42206,63.6108,1.65745,47.1779,1.53278,32.4869,1.78143,22.6617,2.38604,17.0764,3.4318,14.9391,4.96916,16.5617,6.60999,24.8744
32.8446,0.616014,0.0309682,7,255,0,-22.6148,0.982719,0.954928,0.0237267,0.0307321,0.445876,0.487591,0.0233368,0.111683,6.49039,9.37729,29.8143,24.6123,0.314818,0.380069,0.287685,0.401711,9.34824,22.8608,15.2394,19.3549,25.8295,19.8038,40.2377,27.3806,44.7321,49.3471,26.5947,74.4457,11.7739,72.7646,6.68918,57.0999,5.55359,41.9792,6.31062,30.7696,8.92691,23.4336,14.4177,19.5617,24.4489,19.5096,38.7698,26.0284,45.4578,46.2613,28.8512,72.8717,12.7636,74.0119,6.97468,58.8668,5.57146,43.4145,6.15097,31.7689,8.71434,43.6901,4.60551,56.4855,2.25995,49.8005,1.53654,37.4614,1.49208,27.124,1.89372,20.0382,2.85166,15.9378,4.66163,14.749,7.46297,17.697,9.73849,29.0447,7.61136,49.3136,3.69191,56.0657,1.9481,46.3402,1.47423,34.2087,1.56052,24.786,2.09874,18.5853,3.26407,15.2873,5.36948,15.0525,8.3151,19.7916,9.68732,34.4537
28.2881,0.990504,0.0309682,6,63,0,-22.3977,0.921527,1.1594,0.0298478,0.0357352,0.457445,0.433727,0.0233234,0.103749,6.34647,9.8544,22.2614,19.8487,0.247807,0.351896,0.253636,0.307161,8.96761,16.7745,14.3587,13.8406,24.1493,13.5869,38.6095,17.7755,47.8505,31.8346,33.0447,54.1046,14.5927,58.3053,7.50329,46.9876,5.62187,34.4594,5.87746,24.86,7.80223,18.3894,12.0608,14.5887,20.1209,13.3159,33.2517,15.5572,46.6506,25.3469,40.6587,46.9611,19.6091,59.5833,9.0961,51.5609,5.9618,38.5844,5.60422,27.8461,11.1993,41.1565,5.11877,63.2478,1.80583,56.6412,0.988859,42.0037,0.882236,29.8911,1.13563,21.4428,1.86544,16.1491,3.51996,13.6882,6.83024,14.9208,11.1561,24.7968,9.4857,51.2014,3.51507,63.4411,1.38931,51.7178,0.905836,37.5059,0.92809,26.6526,1.31359,19.3333,2.28657,14.998,4.41714,13.5787,8.34945,16.8038,11.7376,32.0633
29.4399,0.994002,0.0309682,7,127,0,-22.789,1.20891,1.33183,0.0370809,0.0450043,0.360229,0.359988,0.0200549,0.0792817,7.21298,12.4113,28.9201,22.8427,0.403675,0.383196,0.378581,0.377053,9.16765,23.6928,13.5932,20.6596,21.4983,20.358,32.0119,24.2703,36.8086,34.4768,27.0662,46.5419,14.8708,48.9929,8.9236,42.9766,7.04323,35.0197,7.35456,28.1345,9.57743,23.1736,14.3971,20.4491,22.7793,20.5782,33.2364,25.206,36.3343,36.1738,25.2638,47.5368,13.7672,48.5336,8.51339,41.9638,6.97876,34.0444,7.52649,27.3812,10.9596,43.3965,4.20015,54.2247,1.59278,46.5382,0.951247,35.6958,0.89259,26.7278,1.18662,20.1987,2.01041,15.9197,3.9283,13.9138,7.85448,15.2466,12.7562,24.3713,10.2385,45.5665,3.75503,53.9778,1.47788,45.4258,0.927251,34.6761,0.905945,25.9559,1.24016,19.6649,2.14152,15.6069,4.22049,13.8614,8.37816,15.6913,13.0145,26.0655
27.1626,0.91821,0.0309682,7,127,0,-18.2219,1.35492,0.992985,0.0306877,0.0298361,0.30333,0.445442,0.0146293,0.10338,7.27816,9.35881,38.1624,26.4308,0.429257,0.248423,0.298013,0.40511,9.70051,31.8134,15.1196,28.0357,25.2129,27.6216,39.4617,32.6749,46.6247,46.243,33.5045,62.6099,17.2524,66.3758,9.59924,59.1125,7.06934,49.1086,7.00408,40.097,8.87422,33.1669,13.4037,28.7056,22.1977,27.3277,35.8745,30.7221,46.6149,42.0711,38.1002,59.2669,20.4848,66.8402,10.8556,61.4202,7.41087,51.5801,6.84395,42.1629,8.83083,45.392,4.78952,58.9702,2.33279,53.5073,1.52363,41.469,1.40923,30.7859,1.71567,23.0943,2.5143,18.3134,4.07613,16.3589,6.6585,18.0953,9.41701,26.8691,8.72876,46.054,4.67573,59.0512,2.28948,53.1623,1.51228,41.0959,1.4127,30.4984,1.73224,22.9018,2.54984,18.2083,4.14112,16.3483,6.75322,18.2363,9.47164,27.3196
27.5064,0.995335,0.0309682,7,127,0,-19.9838,1.16682,0.950444,0.074831,0.0329861,0.387831,0.429472,0.0193218,0.139316,7.01587,6.51389,12.9802,35.9001,0.241459,0.444094,0.430493,0.305148,9.50265,10.2918,15.0576,8.79819,25.3582,8.7446,39.5638,11.0975,44.6948,17.5616,28.6883,24.7412,13.7599,24.8669,7.97877,20.5995,6.53964,16.0112,7.31192,12.3809,10.2722,9.91484,16.5971,8.66205,27.9044,8.95663,41.915,11.971,42.9753,19.163,25.0786,25.3639,12.118,24.2236,7.48024,19.6888,6.537,15.2371,7.68319,11.8237,4.00748,49.3009,2.00781,47.9443,1.23461,38.726,1.04292,29.4092,1.15855,22.2438,1.5674,17.4369,2.39467,14.8671,3.8278,14.8097,5.77642,18.7785,6.83036,30.1865,4.97254,46.1001,2.52379,49.888,1.40831,42.142,1.0677,32.4085,1.08859,24.4321,1.38851,18.8312,2.05157,15.4953,3.25932,14.4913,5.09395,16.7776,6.73977,25.2494
32.6153,0.972038,0.0309682,7,127,0,-20.8956,1.24576,0.852035,0.0475275,0.0262159,0.353585,0.537914,0.017108,0.110787,6.89341,10.0154,22.1497,21.4248,0.46739,0.295182,0.312791,0.336795,9.33494,17.8083,14.8869,15.2961,25.4353,15.0378,40.6178,18.5336,47.512,28.469,31.5337,40.2433,15.0197,41.4341,8.34589,35.1647,6.49638,27.9155,6.95134,21.9309,9.49507,17.6641,15.2176,15.2341,26.0107,15.0928,41.2373,18.8068,47.271,29.0241,30.6485,40.5476,14.5702,41.2587,8.19981,34.8512,6.47603,27.6309,7.01282,21.7151,10.657,41.385,6.1354,62.6294,2.80555,58.34,1.73145,43.2454,1.56479,30.1526,1.88714,21.2287,2.73786,15.924,4.38333,13.6724,7.12996,14.9492,10.3746,23.1574,10.2734,44.9118,5.52136,63.5191,2.5746,56.5277,1.67416,41.3054,1.58135,28.7458,1.96487,20.3424,2.90106,15.4588,4.67757,13.6075,7.56728,15.5013,10.6779,25.1516
33.0333,0.978359,0.0309682,7,127,0,-24.0054,0.681435,0.688267,0.0239418,0.0219017,0.648795,0.631361,0.0350631,0.107292,7.16185,11.699,17.7672,26.455,0.285821,0.414908,0.329559,0.251478,9.92422,12.4582,15.067,10.008,23.5273,10.1803,34.9533,14.7744,41.4479,30.6666,28.2797,57.4674,12.8556,59.8476,7.29159,43.6412,6.12601,28.6436,6.93438,18.7343,9.44259,12.9772,14.2177,10.1886,22.1996,9.97722,33.4181,13.7403,41.5303,27.5687,30.8574,54.5989,14.2281,61.242,7.67728,45.9249,6.14571,30.3306,6.73544,19.7737,10.4135,48.3415,5.93534,61.7827,3.28099,52.7022,2.43127,37.6825,2.43218,25.8726,3.00469,18.3285,4.20878,14.2626,6.23694,13.1768,9.1121,15.8751,11.6742,26.1452,10.4857,47.8957,6.01046,61.7717,3.31023,52.9799,2.43771,37.9474,2.42668,26.0547,2.98849,18.4363,4.17899,14.3116,6.18994,13.168,9.05339,15.7724,11.6479,25.8404
30.9636,0.934752,0.0309682,7,127,0,-24.2013,0.912757,0.416713,0.016131,0.0125444,0.461129,1.0574,0.0246199,0.119856,7.53338,13.7818,37.4202,27.4822,0.366907,0.401229,0.294322,0.357678,11.0088,29.4963,17.6082,26.2478,28.3981,28.9108,40.5152,42.879,39.6412,75.9038,22.2757,103.452,10.7086,95.8487,6.745,74.1929,5.99091,54.4914,7.00604,40.1873,9.88868,31.0584,15.57,26.6034,25.291,27.4908,37.8984,37.7386,42.0361,66.1008,26.7892,99.8096,12.6821,100.164,7.32971,79.7983,5.99397,58.9874,6.59392,43.2851,13.0328,49.4254,9.34416,66.461,6.34987,57.9602,5.22384,39.6673,5.29597,25.646,6.15974,17.5751,7.69912,13.9164,9.85415,13.765,12.3176,18.0627,13.917,30.8043,12.4724,54.041,8.63146,66.7043,6.01175,54.5858,5.16393,36.5338,5.40461,23.7045,6.40022,16.5906,8.06276,13.6221,10.3149,14.1641,12.7453,19.6477,13.9355,34.5893
29.0218,0.992698,0.0309682,7,255,0,-19.6804,1.06675,1.07827,0.0636463,0.0350346,0.411355,0.450955,0.0201655,0.178227,6.22833,5.98806,14.1164,22.6793,0.272313,0.335657,0.510843,0.284791,8.25378,10.7889,12.9472,8.80401,22.0645,8.22929,36.6989,9.78783,48.8861,15.708,37.647,26.0747,17.4809,29.672,8.67425,25.1857,6.14149,19.2644,6.15804,14.4078,8.03646,10.9808,12.4905,8.90182,21.2254,8.21456,35.5373,9.56896,48.5833,15.0803,39.2144,25.4069,18.5409,29.7744,9.02113,25.6079,6.21729,19.6626,6.0967,14.7067,5.69245,43.7616,2.60486,58.1609,1.10316,50.2272,0.702089,37.2595,0.679224,26.7443,0.895854,19.53,1.44398,15.2276,2.57879,13.7277,4.55329,16.3145,6.38333,28.235,4.67289,51.2988,1.89861,57.1356,0.901556,45.8467,0.666017,33.3824,0.723804,23.9871,1.03239,17.7908,1.74057,14.3969,3.14371,13.9932,5.31894,18.8244,6.31127,35.5198
30.2566,0.985353,0.0309682,7,255,0,-19.6512,1.09539,0.382573,0.0289703,0.0123562,0.351583,1.06335,0.0190046,0.110212,8.25501,14.0848,30.2784,31.1973,0.376916,0.350966,0.28087,0.391537,11.0634,25.5092,16.4444,23.1976,25.023,24.0863,34.7122,29.9858,36.833,42.517,26.2966,55.2331,15.0092,57.0674,9.37689,50.2213,7.45051,41.2912,7.5812,33.4219,9.42174,27.5584,13.4307,23.9939,20.4377,23.1679,30.2071,26.3114,37.4589,35.644,32.5082,49.8687,19.873,57.7004,11.5096,54.1737,8.07148,45.6491,7.30556,37.0548,12.6562,48.2147,9.5326,56.7082,7.20006,48.5607,6.3063,34.8892,6.4492,24.1423,7.33086,17.7069,8.81987,14.8122,10.7897,15.0186,12.873,19.1444,14.0746,29.6285,12.9298,46.4812,9.85825,56.6776,7.37385,49.9142,6.34436,36.2651,6.3959,25.0659,7.20749,18.2041,8.63686,14.9717,10.5663,14.8398,12.6703,18.461,14.0364,28.1467
32.4285,0.996371,0.0309682,7,127,0,-21.422,1.21469,0.30238,0.0553156,0.00937954,0.372461,1.45478,0.0182326,0.131248,5.93729,15.0486,19.3064,24.426,0.342463,0.406345,0.311089,0.287435,7.79789,15.0293,12.4033,12.3826,21.7678,11.5447,37.3169,13.5244,49.9044,21.1105,36.9678,33.4836,16.6858,37.013,8.26964,31.5621,5.90582,24.6181,6.02228,18.8575,8.07549,14.7267,13.0091,12.2278,22.915,11.5806,38.8674,13.919,49.9867,22.1505,34.8473,34.3383,15.4996,36.7522,7.89873,30.9339,5.83707,24.0414,6.12185,18.4218,15.0118,42.1511,12.4212,60.8635,9.40616,58.8369,7.90435,42.0171,7.76962,27.1105,8.53412,18.3013,9.94204,14.2756,11.822,13.8458,13.8656,17.4629,15.268,27.9765,14.5664,47.6969,11.5753,62.7393,8.86799,55.1336,7.76298,37.7068,7.89146,24.3288,8.8365,16.8973,10.3811,13.8435,12.3436,14.3126,14.3307,19.3047,15.348,32.2054
26.4693,0.859311,0.0309682,7,255,0,-19.7594,0.451076,1.04638,0.00748644,0.0323541,0.934775,0.442086,0.0500537,0.196946,9.73323,5.44759,25.9053,28.8699,0.316032,0.360451,0.36312,0.28962,13.0249,17.8579,18.1231,15.1638,25.2747,17.4944,33.556,29.9912,36.9795,71.9901,25.6884,143.593,12.9919,143.191,8.37452,93.6427,7.64382,54.3604,8.76349,31.9831,11.3567,20.6494,15.6054,15.801,21.8411,15.7003,29.9168,22.3973,36.8237,47.6795,32.3811,113.683,17.544,155.062,9.71621,116.264,7.67942,69.544,8.07983,40.2213,4.28466,51.1932,1.90115,59.4171,0.909223,49.4145,0.644811,36.7676,0.662517,26.7852,0.892446,19.9857,1.42929,16.0398,2.4849,14.9971,4.18958,18.4375,5.50153,31.6634,3.89609,53.9648,1.67726,58.6449,0.842997,47.5199,0.634022,35.1204,0.681897,25.6092,0.947344,19.2437,1.54411,15.696,2.69461,15.1449,4.46041,19.5656,5.47992,34.7438
31.5552,0.936182,0.0309682,7,127,0,-20.182,0.609499,0.47316,0.0126127,0.01522,0.762972,0.905298,0.0419344,0.143016,6.95266,9.70999,28.373,26.3327,0.423114,0.336457,0.293528,0.362125,9.57755,18.5905,14.3935,14.1994,22.2555,14.1066,33.1946,20.8864,40.9568,47.9062,28.9354,104.587,12.5433,111.704,6.98447,76.4292,6.00094,46.3721,6.97244,28.2231,9.61808,18.5153,14.4634,14.1741,22.3638,14.134,33.3237,21.0354,40.9577,48.4234,28.7043,105.112,12.4312,111.404,6.95687,76.0257,6.00271,46.1062,6.99242,28.0742,9.28848,42.6308,6.9362,55.6491,4.82635,51.4852,3.89943,38.3685,3.83173,26.7536,4.35434,19.3071,5.38231,15.5735,6.87113,15.0533,8.60129,18.407,9.78743,28.1291,9.04857,45.0324,6.59162,56.1157,4.6358,49.9198,3.84863,36.5926,3.87098,25.5043,4.46419,18.6047,5.55798,15.3172,7.09972,15.2446,8.82045,19.2722,9.82758,30.0822
29.1666,0.986995,0.0309682,7,127,0,-25.3161,0.516649,0.425109,0.00828629,0.0121344,0.863394,1.06041,0.0438741,0.150672,8.34234,11.0701,27.1277,23.3942,0.362804,0.421466,0.371452,0.36704,11.6765,17.6267,17.234,13.8842,25.7425,14.8544,37.0007,24.6663,44.3677,64.8023,30.2702,153.289,12.8139,158.055,7.32547,100.818,6.48345,57.0248,7.58078,32.5534,10.2769,20.1857,14.9647,14.6852,22.357,13.8865,32.8538,19.4619,43.2777,44.3809,37.8621,122.356,17.3194,170.215,8.44605,121.192,6.50154,70.0144,7.01408,39.4691,11.3297,45.5066,8.38315,71.6988,5.30684,68.1749,4.0297,46.7808,3.91857,29.1731,4.50703,18.917,5.671,14.0037,7.39559,12.8901,9.54794,15.9506,11.3822,27.0987,10.8924,52.5148,7.53096,74.0359,4.86341,63.6492,3.92497,42.0192,4.00105,26.1892,4.72718,17.3778,6.02267,13.4304,7.8696,13.1605,10.054,17.5721,11.5674,31.6675
33.0298,0.993803,0.0309682,7,127,0,-22.8565,0.843903,0.636745,0.0262557,0.0195383,0.535404,0.677137,0.0280919,0.20746,6.99864,6.22492,24.7597,30.9716,0.331827,0.328456,0.228678,0.22559,9.33591,18.1455,14.2006,14.6789,22.7442,14.2981,34.8005,18.7022,42.1312,33.2985,30.0329,56.1146,14.3663,59.9817,8.05523,47.3048,6.50371,33.7495,7.16309,23.8379,9.73867,17.6063,14.9586,14.472,23.9712,14.4939,36.1605,19.7008,41.8331,35.8088,27.8993,57.9032,13.2486,58.9903,7.72045,45.6598,6.48553,32.4327,7.35092,22.9632,5.17773,53.5538,3.00179,63.1216,1.81041,51.814,1.44822,36.5561,1.51039,25.1009,1.88538,18.04,2.60662,14.5088,3.7449,14.1393,5.21342,18.1495,6.22372,30.8598,5.19019,53.4284,3.01236,63.1414,1.81442,51.906,1.44889,36.6373,1.5091,25.1548,1.88223,18.0704,2.60121,14.5205,3.73695,14.131,5.20476,18.1064,6.22245,30.7485
34.2498,0.780582,0.0309682,7,127,0,-26.133,1.15619,0.503705,0.0408594,0.0153612,0.357165,0.867467,0.0179828,0.151721,7.67232,8.99813,22.2043,27.5277,0.31646,0.247719,0.376792,0.371477,10.734,18.2636,16.9599,16.2953,27.6481,16.9085,40.5477,21.9068,42.5171,33.3278,26.9887,44.1398,13.6855,43.9126,8.23217,37.0966,6.71881,29.5753,7.27571,23.4045,9.77861,19.025,15.1234,16.5632,24.7134,16.462,37.795,20.1789,43.9519,30.1652,31.2079,42.4441,15.9897,44.8674,9.04074,38.9109,6.85744,31.2649,6.98337,24.7056,8.58477,45.2575,6.24335,59.2112,4.22879,54.2199,3.38484,40.0587,3.34407,27.8097,3.85346,20.0382,4.84981,16.1886,6.30724,15.7673,8.00817,19.6213,9.10926,30.7042,8.18147,49.3865,5.71474,59.7131,3.95753,51.4109,3.32093,37.0783,3.41133,25.7622,4.02713,18.9072,5.12692,15.8068,6.66837,16.1685,8.34272,21.263,9.11874,34.3161
32.7015,0.975083,0.0309682,7,127,0,-27.8432,1.07369,0.877264,0.030143,0.0271291,0.395129,0.531495,0.0206599,0.228956,6.65491,4.76527,28.0621,25.3601,0.257962,0.323521,0.252925,0.294619,9.19381,22.1809,14.5671,18.9801,24.2993,18.9381,37.806,24.1829,43.8586,39.0507,29.3371,57.5387,14.0035,59.6191,7.7854,49.7133,6.05298,38.4505,6.41591,29.3741,8.58124,23.0208,13.3511,19.34,22.2276,18.6567,35.4406,22.6944,44.2591,35.6647,32.7432,55.104,15.9417,60.5302,8.43372,51.7426,6.17445,40.31,6.22999,30.7711,4.49259,45.1824,2.49461,59.3247,1.27236,52.4944,0.88307,39.0929,0.862496,27.9184,1.08524,20.411,1.59901,16.2036,2.53224,15.1411,3.9098,18.4944,4.95569,30.7035,3.88643,52.0081,1.96475,58.8697,1.0846,48.1732,0.846999,35.0533,0.908558,25.0731,1.21565,18.6966,1.85091,15.4924,2.94373,15.6151,4.37067,21.1943,4.88598,37.3565
30.141,0.923578,0.0309682,7,255,0,-21.2613,0.810774,1.40229,0.0227578,0.0400339,0.491513,0.368434,0.0267866,0.115848,7.90056,8.13017,23.4397,21.7524,0.327804,0.296829,0.462307,0.37346,11.103,18.4051,16.9274,16.2744,26.113,17.5854,36.7578,25.0607,38.7007,43.679,24.9558,63.9797,12.6323,63.5274,7.70668,50.4183,6.43811,37.0791,7.02852,27.0695,9.25738,20.5115,13.6708,16.9574,21.1711,16.413,31.7206,20.299,39.8011,32.9852,32.8766,55.6247,17.6203,66.4422,9.46212,57.4118,6.77128,43.3128,6.54269,31.5415,9.34662,44.9021,3.68949,66.4447,1.1538,58.8079,0.592449,44.6531,0.51595,32.8557,0.674918,24.2967,1.17242,18.6219,2.42091,15.6971,5.24551,16.6014,9.38288,26.9455,7.65956,55.1578,2.43624,66.0353,0.869538,54.1133,0.536838,40.4071,0.542329,29.6925,0.788956,22.127,1.46835,17.3413,3.1303,15.4471,6.61604,18.4279,9.95148,34.6166
29.6635,0.928914,0.0309682,7,127,0,-21.225,0.897026,1.50127,0.0340088,0.043149,0.459523,0.333144,0.0248353,0.113575,7.51812,7.65347,19.1191,22.3337,0.405639,0.367162,0.38154,0.340152,10.3824,15.0143,15.8947,13.055,24.9876,13.5933,36.173,18.378,39.4344,30.6763,26.229,44.7977,13.2976,45.4354,7.95513,36.9226,6.52081,27.7677,7.06286,20.6889,9.34761,15.9562,14.0018,13.3876,22.0391,13.1248,33.1588,16.4,40.2438,26.3777,30.8909,41.7375,16.0838,46.689,8.92162,39.6377,6.68546,30.1937,6.74235,22.4487,8.80081,43.9275,3.51217,63.6695,1.0919,57.4332,0.539724,44.8154,0.447549,33.8915,0.560906,25.6718,0.948354,19.9725,1.9461,16.7274,4.30417,16.8003,8.28026,24.4698,8.13253,48.5783,2.8747,63.959,0.940545,55.4688,0.507072,42.8994,0.452668,32.3996,0.599491,24.5996,1.05277,19.2844,2.20596,16.4686,4.86391,17.3092,8.81293,27.0955
32.2265,0.995374,0.0309682,7,127,0,-23.5634,0.924324,1.48393,0.0321645,0.0473207,0.455348,0.359695,0.0220322,0.137996,7.82816,5.78473,20.4151,16.391,0.354607,0.3047,0.36657,0.357512,11.0776,15.8735,17.4645,13.6894,28.334,14.2522,42.1489,19.6695,45.911,34.1946,28.8074,50.5396,13.7324,50.1615,8.05212,39.9643,6.65892,29.6602,7.37961,21.8849,10.058,16.7506,15.5559,13.997,25.2715,13.7962,38.9701,17.6921,47.0729,29.786,33.7801,47.7653,16.3217,51.7033,8.8775,42.6486,6.76591,31.9468,7.0408,23.5096,8.67584,32.6716,4.14769,58.5736,1.10703,55.9806,0.467201,43.0607,0.35527,31.717,0.430857,23.324,0.729048,17.5717,1.53045,14.2078,3.53259,13.7889,7.30507,20.05,7.70982,43.7424,2.51126,60.5965,0.748372,51.3318,0.396225,38.5243,0.364072,28.2743,0.506859,20.9077,0.941185,16.0458,2.07874,13.6265,4.76633,14.9015,8.46681,26.3365
29.6469,0.986777,0.0309682,7,127,0,-24.2038,1.12117,1.68891,0.0491399,0.053571,0.362668,0.340257,0.0173291,0.130949,8.32842,7.26706,17.9893,18.2534,0.327067,0.258106,0.337781,0.40758,11.4867,14.8076,17.8318,13.2086,28.5735,13.6495,41.5534,17.4808,44.3155,26.3093,29.323,35.174,15.265,35.5673,9.18242,30.3169,7.38761,24.2528,7.83648,19.2025,10.2919,15.5832,15.5586,13.4976,24.963,13.2527,38.0214,15.8812,45.581,23.2709,34.5849,33.2597,18.452,36.3216,10.3614,32.0882,7.6346,25.9639,7.51021,20.5401,8.82333,41.8121,2.53379,61.3483,0.627301,51.8202,0.300925,38.958,0.269363,28.728,0.386259,21.3,0.772014,16.2778,1.89832,13.6206,4.93114,14.7221,9.44589,27.407,5.2196,57.1245,1.13383,57.7665,0.390772,44.8097,0.265168,33.1968,0.310004,24.4922,0.538063,18.3718,1.21842,14.5524,3.16056,13.5055,7.54347,18.8814,8.54338,43.6426
26.5056,0.992363,0.0309682,7,127,0,-21.7988,1.22973,1.40585,0.0602622,0.0483714,0.354484,0.351157,0.0179275,0.112235,8.24057,6.18726,18.5565,20.9278,0.399748,0.277392,0.323534,0.41919,10.2212,15.3103,14.8328,13.3823,23.0609,13.1084,34.0152,15.3281,39.4667,21.1662,30.1168,28.244,17.1782,30.0666,10.4371,26.7749,8.18502,22.092,8.42232,17.9306,10.7828,14.8904,15.9352,13.207,24.8015,13.2725,35.6766,16.0372,38.9169,22.4375,27.7158,29.029,15.6072,29.762,9.82593,26.0114,8.07808,21.3341,8.66115,17.3368,7.19379,32.2989,4.41808,44.5397,2.00837,44.1562,1.14619,36.7453,0.957978,28.9912,1.12359,22.8641,1.68918,18.757,2.93456,16.974,5.1514,18.6463,7.24736,26.7496,5.78161,40.7296,2.74584,45.7396,1.37529,40.0117,0.984534,31.9777,1.01689,25.1064,1.3993,20.1615,2.32429,17.3734,4.14603,17.4114,6.62715,22.4622,6.88914,35.1513
32.0095,0.986159,0.0309682,7,127,0,-19.3766,1.56701,0.680153,0.0356412,0.0182693,0.273761,0.653432,0.0127278,0.185879,6.39925,7.0823,36.9591,29.5896,0.259137,0.337872,0.381369,0.290747,9.2038,30.9553,15.7099,27.4417,28.6835,27.4563,47.3034,33.8383,52.2433,50.0241,30.8531,65.4033,13.8363,65.1495,7.52904,56.3418,5.78529,46.502,6.17463,38.0898,8.58183,31.7383,14.3486,27.7966,26.1506,27.1379,44.5186,32.2416,53.5753,47.0033,34.6146,63.9683,15.5995,66.0343,8.09829,57.8909,5.8909,47.9672,5.99619,39.2707,6.45506,57.1818,3.60102,75.8754,1.91625,64.2785,1.39796,44.9884,1.40142,30.1854,1.74765,20.9339,2.47594,16.0175,3.71295,14.6811,5.49491,17.8525,7.12435,30.4917,6.34632,58.5797,3.4883,75.8939,1.87474,63.4128,1.38952,44.1965,1.40987,29.6571,1.77145,20.6285,2.51966,15.8817,3.78242,14.7097,5.58251,18.1574,7.16118,31.4318
26.607,0.632837,0.0309682,7,127,0,-17.4846,1.47706,0.472614,0.115479,0.0145167,0.277172,0.965726,0.0167893,0.110399,7.51029,14.214,11.2558,24.2421,0.378197,0.383666,0.348973,0.342465,9.7878,9.83674,14.4726,9.10337,22.1004,9.34352,30.3344,11.0367,31.1555,14.2485,22.0264,17.0074,13.0529,17.2009,8.54385,15.5425,7.04017,13.385,7.38795,11.4249,9.47186,9.94878,13.8835,9.1384,21.2448,9.26447,29.6968,10.794,31.6122,13.9037,23.0819,16.8391,13.7282,17.2895,8.82429,15.744,7.0961,13.5946,7.28174,11.5987,13.9496,45.5068,9.77167,65.4122,6.17962,58.7465,4.82489,40.3847,4.81945,25.9423,5.67665,17.5036,7.30207,13.5442,9.69571,13.0888,12.5871,17.0281,14.5988,29.6656,12.878,53.7726,8.35799,66.1153,5.54114,52.9888,4.71115,35.0523,5.01024,22.6371,6.11488,15.8148,7.99043,13.0219,10.6034,13.7546,13.4505,19.822,14.5694,36.5446
32.6737,0.966856,0.0309682,7,127,0,-20.5226,1.54482,0.586942,0.0389913,0.0183253,0.284219,0.744218,0.0150544,0.0951978,6.90585,13.7728,35.9617,28.9772,0.331083,0.499813,0.354828,0.317649,8.93124,30.4072,13.772,27.0288,22.9402,26.6517,35.5604,31.1374,40.5412,42.4303,28.1842,54.3881,14.7871,56.0553,8.65697,49.9534,6.74842,42.0692,7.06698,35.0483,9.42109,29.7754,14.7899,26.7609,24.6501,26.9361,37.1683,32.3384,39.6855,44.4277,25.8732,55.3547,13.5072,55.4829,8.19557,48.8361,6.67692,40.9763,7.26823,34.1714,12.188,49.2036,7.76182,60.4815,4.89653,51.5216,3.92427,36.8409,4.01869,25.3784,4.8736,18.3041,6.50121,14.8473,8.97122,14.6368,11.9782,18.8387,13.8374,31.2427,11.655,51.8089,7.24739,60.2417,4.68196,49.5972,3.88723,35.0741,4.08968,24.2064,5.04203,17.6581,6.77882,14.6291,9.35381,14.8859,12.3509,19.8961,13.8232,33.6962
31.5544,0.826924,0.0309682,7,127,0,-24.6894,1.48662,0.797717,0.0716834,0.0223513,0.297703,0.609425,0.014138,0.183004,6.95272,6.34368,17.738,22.8277,0.317092,0.23979,0.293011,0.319427,9.65668,14.7661,15.8837,13.0627,27.8524,13.1108,44.1261,16.2004,47.7438,23.731,29.0078,30.6897,13.7934,30.4204,7.9532,26.1428,6.4117,21.4175,7.0811,17.4543,10.0039,14.5769,16.6133,12.9907,29.108,13.223,45.2495,16.6462,46.8201,24.457,27.3541,30.9417,13.0473,30.1546,7.71566,25.7488,6.39305,21.0601,7.22363,17.1778,6.90684,43.7644,4.25452,67.9951,2.05527,64.0063,1.31974,46.6989,1.22957,31.8523,1.50713,22.1267,2.18304,16.7418,3.42156,15.0487,5.30975,18.0386,7.0096,30.8786,5.85614,57.7884,2.94825,69.4412,1.57701,55.8088,1.22307,38.838,1.32131,26.5071,1.77818,19.0233,2.70399,15.4532,4.272,15.739,6.29569,22.5041,6.93795,43.0201
26.6211,0.992361,0.0309682,7,127,0,-21.5579,1.24428,0.551468,0.0371705,0.0159742,0.353748,0.762778,0.0157278,0.227571,7.88659,5.35125,27.2131,33.1282,0.376109,0.326996,0.324779,0.277368,11.0255,22.087,17.8584,19.3406,30.3686,19.6766,46.6704,25.3526,49.863,39.3335,30.2966,52.5999,14.5314,51.7017,8.57569,43.1507,7.10312,34.141,7.97822,26.9127,11.2559,21.8967,18.3201,19.2758,31.1296,19.8008,47.3383,25.8308,49.3031,40.1544,29.2625,52.8929,14.066,51.3797,8.43094,42.693,7.09712,33.7427,8.07523,26.6176,4.78352,50.2298,3.38208,59.4702,2.35902,52.6146,1.95734,39.707,1.9756,28.7833,2.30263,21.7223,2.91759,18.2484,3.80357,18.2028,4.80039,22.6266,5.35614,34.0769,4.70739,51.2269,3.29958,59.4608,2.318,51.868,1.94807,38.9312,1.9874,28.2324,2.33236,21.4078,2.96512,18.1431,3.86527,18.3271,4.85611,23.1027,5.35592,35.054
31.2692,0.922229,0.0309682,7,127,0,-19.6055,1.12589,0.469996,0.040902,0.0140459,0.397808,0.990769,0.0192408,0.180728,7.35079,7.97315,22.1594,22.5409,0.378031,0.345133,0.274675,0.358356,10.1349,17.5429,16.1571,15.078,27.0953,15.2214,41.6567,19.8165,45.7411,31.9726,28.4914,44.7179,13.6274,44.2435,8.02834,36.2342,6.69512,27.9245,7.57368,21.4519,10.6893,17.1062,17.2486,14.9314,28.8726,15.4967,43.2467,20.9055,44.4621,33.9517,25.9941,45.4437,12.5149,43.4239,7.69416,35.1116,6.69775,26.9823,7.83148,20.7793,8.44769,37.9026,6.85883,57.7263,4.66315,60.1219,3.51271,45.9347,3.28578,31.1875,3.65349,21.5138,4.49551,16.568,5.769,15.4605,7.30719,18.6917,8.44341,29.2453,7.85236,49.0021,5.62745,62.0048,3.91978,53.5874,3.30537,37.7037,3.41501,25.4723,4.03686,18.4147,5.11147,15.5256,6.56406,16.4853,8.02711,23.0065,8.42159,38.8223
31.6854,0.98819,0.0309682,7,127,0,-25.9086,1.45001,0.778899,0.0448547,0.0241843,0.274927,0.513732,0.0154346,0.151369,6.8308,7.15838,28.5426,32.6634,0.256852,0.301332,0.365076,0.299566,8.92752,24.4228,13.5395,21.9763,21.8414,21.8202,32.9305,25.2843,38.0136,33.7715,28.2895,43.4609,15.6751,46.0611,9.12057,42.0587,6.74391,35.9782,6.53726,30.2134,8.00868,25.6189,11.6602,22.5727,18.6438,21.5551,29.2791,23.6219,37.8744,30.4486,32.7315,40.7225,19.2519,46.1582,10.678,43.8019,7.22815,38.0267,6.41974,32.0156,5.53023,52.9019,2.96239,59.4984,1.69059,49.8358,1.2906,37.0983,1.30576,26.9061,1.62362,20.0139,2.30059,16.0289,3.47523,14.7406,5.21047,16.9154,6.9154,25.5882,6.58698,44.2524,3.96415,59.3189,2.09641,55.1003,1.39808,42.5114,1.26053,30.9522,1.44637,22.6436,1.95233,17.4409,2.8907,14.9574,4.39316,15.4149,6.27088,20.6708
23.5337,0.465615,0.0309682,6,127,0,-14.4093,0.821042,0.612947,0.0353605,0.0179112,0.595453,0.695674,0.0272783,0.185906,7.44955,6.29327,16.3,32.777,0.372234,0.454658,0.34913,0.406596,10.4617,11.4073,16.6794,9.02414,27.7806,9.00695,43.517,13.0697,50.4577,27.3689,29.7596,47.0013,12.5873,44.4772,7.41989,31.7001,6.71049,21.0626,8.26356,14.175,12.2828,10.273,20.0884,8.71403,33.2341,9.81637,48.5669,16.6639,45.3572,35.6411,21.5429,48.7447,9.83723,39.9619,6.84142,27.3652,7.03587,18.1382,9.39737,12.447,5.52554,50.4519,3.71325,59.4278,2.48268,51.9861,2.02737,39.0585,2.0582,28.3067,2.44893,21.3495,3.19663,17.8924,4.30835,17.8343,5.59696,22.3566,6.30067,34.3307,5.36371,52.0331,3.5537,59.3102,2.4094,50.7791,2.01244,37.8584,2.08111,27.4618,2.50565,20.8658,3.28953,17.7313,4.43261,18.0385,5.71021,23.1446,6.29059,35.9572
24.7525,0.924656,0.0309682,7,255,0,-13.1176,0.92824,1.19808,0.0223395,0.0432123,0.446544,0.375595,0.0216987,0.145994,7.42368,6.84055,32.9838,21.9707,0.322071,0.246321,0.365035,0.335417,9.85325,25.3572,14.9276,21.1048,23.931,20.417,36.8915,25.1611,46.0043,40.4631,35.704,65.2668,18.1488,74.0247,9.72834,63.1128,7.11404,48.1656,7.09135,35.8279,8.93573,27.1817,13.1352,21.9831,20.8901,20.1903,32.9849,23.0165,44.8185,34.657,40.6775,58.4818,22.3673,74.2071,11.3132,67.1939,7.51876,52.3017,6.90482,38.9799,5.96627,41.101,2.4654,51.5014,0.992143,44.5423,0.601763,34.146,0.554854,25.4531,0.707635,19.123,1.13124,14.957,2.07108,12.8686,3.93103,13.5163,6.52443,19.9433,6.47245,37.7153,2.9087,51.3704,1.1217,46.1613,0.632773,35.7535,0.548481,26.6923,0.668488,19.9899,1.03691,15.4902,1.8687,13.0529,3.55601,13.1499,6.143,18.2531
25.5993,0.997393,0.0309682,7,127,0,-11.7665,0.964926,0.755024,0.0471826,0.0272386,0.498579,0.562084,0.0222704,0.151553,7.36646,7.61073,16.0114,28.1014,0.426206,0.395093,0.472852,0.381948,10.1262,11.76,16.214,9.50304,27.568,9.29085,44.1333,12.481,51.9746,23.0834,32.0571,37.0602,13.9716,36.5212,7.95766,27.9187,6.81928,19.8823,8.08496,14.199,11.8839,10.7111,19.6674,9.15878,33.2919,9.91743,49.547,15.2611,47.2257,28.9284,23.613,38.7016,10.8341,33.6249,7.19024,24.7247,7.03272,17.5171,9.13291,12.6827,5.86978,46.2217,3.15077,51.5184,1.84059,42.1558,1.45875,30.6224,1.53135,21.7954,1.95733,16.1078,2.81368,13.0975,4.24286,12.6433,6.19342,15.8345,7.59675,26.2125,6.21024,44.337,3.40311,51.9189,1.93216,43.5503,1.47534,31.8727,1.50461,22.6646,1.88733,16.6298,2.68572,13.3237,4.04189,12.546,5.95536,15.1798,7.53871,24.4665
26.7106,0.956034,0.0309682,7,127,0,-18.1994,0.947563,0.835816,0.0398876,0.028826,0.457415,0.537389,0.0265836,0.108663,6.77868,10.1777,16.887,24.0639,0.243442,0.377932,0.333301,0.301922,9.65382,13.233,15.2849,11.5802,24.703,12.3636,35.8051,17.5715,36.4253,30.2952,21.4347,41.9209,10.4315,39.7056,6.51386,31.1562,5.72925,23.0996,6.66788,17.1787,9.40992,13.3999,14.8362,11.6209,24.0185,12.22,35.2439,17.0534,36.9707,29.3455,22.402,41.5997,10.8531,40.1338,6.6375,31.7021,5.72309,23.5369,6.56364,17.4785,9.17838,42.1717,5.08911,53.4806,2.68965,46.7169,1.91891,34.7328,1.89025,24.8385,2.36255,18.2013,3.42512,14.4724,5.31776,13.4806,8.08963,16.224,10.3532,26.3241,8.59678,45.0727,4.56189,53.3682,2.49486,44.8987,1.87765,32.9939,1.93109,23.6,2.48358,17.4436,3.65767,14.1336,5.69816,13.6085,8.54728,17.1729,10.4194,28.8561
27.0386,0.99698,0.0309682,7,127,0,-16.8193,0.870097,0.707947,0.0343309,0.0218076,0.448162,0.567676,0.0261473,0.129084,7.07676,7.89643,19.0057,39.3388,0.372136,0.362998,0.453367,0.278565,9.47477,15.0145,14.0679,12.974,21.6134,13.1237,31.3165,16.7345,36.3412,26.5055,27.4604,40.1127,14.8461,44.0846,8.55661,37.7499,6.48267,29.1788,6.4653,22.0017,7.96051,16.9146,11.2728,13.8292,17.1613,12.7285,26.0364,14.2215,34.9585,20.3321,33.8988,33.051,21.0356,43.6942,11.197,41.8829,7.25438,33.7414,6.27843,25.6135,5.67112,54.4423,3.39752,54.7411,2.32032,44.3762,2.03033,33.1059,2.21028,24.5661,2.80048,19.153,3.86884,16.6027,5.47218,17.1047,7.31676,22.1731,8.10671,34.7767,6.38449,51.5009,3.87966,56.1892,2.50727,47.4845,2.05394,35.8733,2.12373,26.5063,2.60238,20.2934,3.53528,17.0025,5.00197,16.6242,6.85624,20.2309,8.1159,30.63
29.5952,0.985258,0.0309682,7,127,0,-19.6115,1.05328,0.582014,0.0227672,0.0193121,0.385151,0.680015,0.0224483,0.12562,6.54539,9.43484,35.617,41.0338,0.34293,0.403796,0.376674,0.324151,9.07308,28.7662,14.1585,25.2518,22.9041,25.8513,34.0624,33.3596,37.6893,52.2774,25.2571,73.5725,12.7307,75.5781,7.3814,63.7791,5.80393,50.0878,6.08332,38.8307,7.94193,30.8213,11.9875,26.0935,19.3543,25.0549,30.2041,29.6027,38.2698,44.2244,30.7711,67.4716,16.26,77.2498,8.67104,68.6081,6.09867,54.7668,5.81207,42.4578,6.40386,57.0198,3.81179,53.9379,2.72405,40.6848,2.5146,28.4539,2.83427,20.0725,3.62687,15.1799,4.96044,13.1076,6.87633,13.888,9.0329,19.1536,9.95167,32.8016,7.79899,52.255,4.67598,57.3718,3.03041,46.4177,2.52587,33.058,2.64647,23.0551,3.24037,16.8223,4.34035,13.641,6.02335,13.1676,8.17534,16.2326,9.87949,25.9288
30.9416,0.9281,0.0309682,7,127,0,-18.8029,0.923744,0.58416,0.0210321,0.0161719,0.478423,0.761492,0.0241924,0.124391,6.86062,10.9887,35.4677,25.729,0.217511,0.312075,0.347615,0.329305,9.0687,26.5409,13.8636,21.5682,22.5905,20.5829,35.5128,25.6148,44.7516,43.0018,33.6075,71.8558,16.2026,79.9904,8.64421,65.8472,6.55253,48.7235,6.86962,35.3863,9.09313,26.4905,13.9116,21.5456,22.6721,20.5933,35.6133,25.6868,44.7573,43.1933,33.4621,72.032,16.1124,79.939,8.615,65.7168,6.5477,48.609,6.87872,35.3051,10.9712,49.2209,7.15354,72.374,4.03626,66.1626,2.89796,46.8487,2.79387,30.9351,3.31692,21,4.44235,15.7823,6.27973,14.244,8.8171,16.9149,11.1958,27.7601,10.6507,52.8809,6.65026,73.2394,3.81065,63.9751,2.84332,44.5779,2.82712,29.4088,3.42103,20.1349,4.62726,15.4041,6.55825,14.3086,9.15324,17.6713,11.358,30.0366
35.3617,0.997334,0.0309682,7,127,0,-25.3361,0.893161,0.610507,0.0308572,0.0193467,0.497112,0.698143,0.0230125,0.183171,7.01918,6.69605,21.5479,26.6313,0.362664,0.332361,0.279831,0.336716,9.70604,15.8184,15.3571,12.7469,25.6838,12.3017,41.1457,16.036,51.6766,29.3134,36.0626,51.4404,15.8643,55.4436,8.26429,43.748,6.38414,31.3016,6.90328,22.1051,9.41631,16.1541,14.7888,12.8928,24.7012,12.2249,39.8977,15.5156,51.6299,27.8162,37.9506,50.077,16.8886,55.9518,8.56549,44.7658,6.42567,32.1422,6.79828,22.6811,6.23818,44.8789,4.12467,58.1178,2.54407,52.3422,1.93667,38.8083,1.89402,27.244,2.22927,19.6669,2.93323,15.6054,4.05207,14.6249,5.51444,17.4225,6.70839,26.9132,6.20581,45.2747,4.08269,58.1797,2.52393,52.0993,1.93137,38.5439,1.89724,27.0545,2.23954,19.5542,2.95132,15.5561,4.07854,14.6384,5.54438,17.5318,6.72,27.1992
37.4254,0.987202,0.0309682,7,127,0,-33.1954,1.07687,0.713221,0.0406665,0.0218762,0.377403,0.619436,0.0203123,0.180636,6.94301,6.47141,19.9945,26.1053,0.312912,0.335459,0.344927,0.330956,9.82633,16.1922,15.6266,14.2887,25.6535,14.7851,38.277,19.4353,41.3405,30.8844,26.3817,42.8729,12.9377,43.1397,7.51189,36.0507,5.98609,28.2319,6.3811,21.8882,8.4802,17.3955,13.0288,14.7621,21.3808,14.2473,33.7313,17.0226,42.4978,25.8242,33.0288,39.4039,16.846,44.3996,8.88555,39.017,6.27768,31.0309,6.0476,24.0424,6.11769,45.6672,3.77218,60.5282,2.12438,54.3904,1.5368,40.2936,1.49084,28.3406,1.79731,20.4249,2.47499,16.0695,3.62122,14.8853,5.22139,17.7225,6.57577,28.1177,5.86509,48.5645,3.4766,60.8095,1.99919,52.6343,1.50682,38.4918,1.51224,27.0603,1.8641,19.6567,2.59802,15.729,3.81188,14.9879,5.44556,18.5505,6.64078,30.3472
33.9811,0.955905,0.0309682,7,127,0,-28.9129,0.944719,0.94083,0.0442186,0.0297512,0.482194,0.498185,0.0235783,0.142435,6.53332,7.52811,16.1249,22.6616,0.262267,0.28741,0.443396,0.321552,9.10979,11.9189,14.639,9.66514,24.907,9.40691,40.2159,12.4409,49.156,22.877,32.0211,38.4118,13.7798,39.588,7.37768,30.8855,5.91345,22.1807,6.62486,15.82,9.33677,11.7361,15.0892,9.59107,25.6855,9.46979,41.1344,12.792,48.907,23.795,30.6197,38.9906,13.1531,39.2092,7.20376,30.3312,5.90434,21.7413,6.72289,15.523,7.54095,42.5561,4.01797,59.455,1.84094,53.4281,1.17711,39.8269,1.10376,28.3375,1.3802,20.4664,2.07667,15.8103,3.43627,14.0888,5.67976,16.2228,7.94505,26.4162,6.7873,48.6019,3.25209,59.7224,1.58184,50.0858,1.12032,36.5918,1.1415,26.012,1.50954,19.0058,2.34569,15.0921,3.92025,14.1781,6.34304,17.7603,8.12212,31.1322
32.0403,0.989532,0.0309682,7,127,0,-26.4462,0.969478,0.636314,0.0460704,0.0201804,0.443527,0.742454,0.0241408,0.201342,6.68169,6.15772,16.1142,17.8712,0.267606,0.352195,0.415273,0.379534,9.18161,12.4714,14.3359,10.5608,23.4225,10.5963,35.7604,13.8693,41.2004,23.2878,27.6235,35.3158,13.2829,36.4418,7.54234,29.6882,6.02729,22.3267,6.52762,16.6173,8.80426,12.7807,13.6101,10.6829,22.2269,10.4739,34.4522,13.276,41.5221,21.9293,29.5934,34.3842,14.3587,36.8786,7.89091,30.5265,6.07695,23.0569,6.39347,17.1425,7.10549,33.4128,5.30346,58.0436,2.84984,61.4935,1.80327,45.8223,1.59139,30.4131,1.81893,20.2766,2.4307,14.7012,3.50558,12.6094,5.0938,14.1535,6.76541,22.4177,6.72019,43.5888,4.17028,63.1789,2.27944,56.0393,1.65067,39.045,1.63816,25.6876,2.01673,17.5531,2.80286,13.4688,4.08961,12.7153,5.821,16.3428,7.09875,29.2543
32.4811,0.954472,0.0309682,7,127,0,-24.6135,1.55624,0.730103,0.0438869,0.0208261,0.243914,0.597078,0.0125029,0.158385,8.50423,7.46652,29.9841,27.4929,0.392753,0.284278,0.290676,0.331097,11.7161,26.5904,18.0463,24.998,28.2393,26.0652,38.7795,31.1887,38.6081,40.31,26.0295,47.5887,14.8318,47.8383,9.40513,43.3998,7.51803,37.7022,7.67403,32.426,9.65376,28.2549,14.1271,25.6063,22.2319,25.0776,33.5171,27.8046,40.6926,35.0314,33.6278,44.3409,20.1957,48.5482,11.7718,46.1576,8.23552,40.8341,7.37271,35.2015,7.04416,50.0101,4.1429,67.2295,2.21501,59.8839,1.55813,43.9467,1.49868,30.6436,1.81441,21.8231,2.53245,16.8452,3.7873,15.1713,5.64256,17.502,7.46807,27.5141,7.04127,50.0443,4.13925,67.2348,2.2135,59.8645,1.55775,43.9264,1.49886,30.6291,1.81507,21.8142,2.53371,16.8409,3.78936,15.1713,5.64527,17.5088,7.46961,27.5353
29.9049,0.855451,0.0309682,7,127,0,-22.2866,0.720973,0.961356,0.0265408,0.026094,0.641367,0.51486,0.0344458,0.132087,6.23041,9.21731,19.0449,22.2979,0.313909,0.371563,0.3968,0.329909,8.45886,12.8467,12.9699,9.70636,20.9119,9.05483,32.9155,11.9308,43.3915,24.014,33.3971,51.2538,14.504,59.8154,7.31639,44.686,5.7023,29.1904,6.27183,18.8006,8.55727,12.7118,13.1536,9.65019,21.2184,9.07794,33.3188,12.1127,43.4906,24.6442,32.7462,52.0328,14.1296,59.5474,7.21554,44.1597,5.6939,28.7994,6.31475,18.5603,9.82809,50.8291,4.38255,78.4471,1.62702,67.0742,0.964682,47.0484,0.914441,31.7005,1.20382,21.7047,1.94361,15.8649,3.49427,13.4181,6.37266,15.1316,9.98375,26.8804,8.69834,60.6419,3.34729,78.3028,1.36062,61.9915,0.916076,42.7119,0.954422,28.7738,1.33521,19.9172,2.23219,14.9518,4.06579,13.3633,7.29771,16.6528,10.4457,33.0764
30.0026,0.973399,0.0309682,7,127,0,-22.7387,1.13496,0.63084,0.0272894,0.0210437,0.352552,0.697228,0.0176188,0.144795,8.72562,9.48638,31.3647,29.4664,0.316099,0.345668,0.279874,0.406032,12.4091,26.4532,19.4145,24.4676,30.463,26.5476,41.4776,35.4458,39.4275,52.264,24.1249,64.6306,12.9223,62.2115,8.36325,52.3786,7.19154,42.0789,7.99642,33.7221,10.7985,27.8763,16.4861,24.7894,26.1754,25.2163,38.2912,31.3086,42.3658,45.8512,29.7705,61.9208,15.9409,64.4358,9.44748,56.1312,7.34566,45.5494,7.50761,36.3936,7.52835,52.7169,4.10777,60.1213,2.45475,47.1538,2.01417,32.1455,2.16961,21.5472,2.7859,15.2725,3.93758,12.284,5.74897,12.2318,8.06754,16.5275,9.48752,30.1615,7.40331,53.4189,4.01926,59.8961,2.42484,46.5981,2.01133,31.6991,2.18314,21.2653,2.81592,15.1197,3.98851,12.2318,5.82332,12.2912,8.14582,16.8012,9.48381,30.8728
33.3435,0.945026,0.0309682,7,127,0,-23.0078,1.17411,0.665606,0.0262459,0.0199162,0.337426,0.694107,0.0181958,0.13275,7.9281,10.123,34.471,24.6617,0.399399,0.414666,0.282589,0.359894,11.1947,29.1655,17.4887,26.8697,27.5849,28.7414,38.1224,37.5262,37.2738,54.6022,23.4057,68.1482,12.5318,66.6833,7.94404,56.9272,6.65245,46.2348,7.22421,37.3396,9.59376,30.9545,14.5316,27.3799,23.1363,27.3583,34.4626,32.9549,39.7459,47.1409,29.4039,64.3745,15.9785,68.8442,9.23544,61.2224,6.90463,50.374,6.7984,40.6128,9.7264,48.5483,5.67035,68.0768,3.00777,58.8708,2.17006,40.9293,2.16517,27.0846,2.69489,18.5726,3.80649,14.1796,5.67274,13.166,8.29258,16.5195,10.463,29.2546,8.84963,55.6817,4.75807,68.013,2.67587,54.3183,2.11114,36.8909,2.25054,24.4684,2.91529,17.1184,4.2006,13.6058,6.27796,13.4985,8.98683,18.5271,10.5375,34.9528
34.4623,0.947148,0.0309682,7,127,0,-28.019,1.08809,0.872675,0.0370748,0.0269951,0.381302,0.519685,0.0196085,0.119372,7.39379,9.66538,23.7837,25.6916,0.314992,0.501296,0.27115,0.353442,9.95935,19.1867,15.3066,16.6936,24.6752,16.7517,37.0428,20.9439,42.2116,31.9284,29.5669,45.074,15.2435,47.1697,8.81178,40.3559,6.8546,31.9868,7.11918,24.9801,9.24502,19.9627,13.918,17.0225,22.3944,16.4793,34.5655,19.6082,42.5822,29.1026,33.0703,42.9694,17.5014,47.7629,9.64405,42.0527,7.03738,33.6381,6.91969,26.2617,8.698,48.4395,4.38011,62.6349,2.1143,53.5926,1.452,39.0691,1.42825,27.4711,1.82194,19.7506,2.73451,15.3198,4.44518,13.8514,7.16362,16.3212,9.79956,27.1571,8.35646,50.5704,4.08155,62.5546,2.01496,52.3424,1.43128,37.9137,1.44588,26.6575,1.87725,19.2473,2.84592,15.0748,4.64069,13.8783,7.43168,16.824,9.90031,28.7411
36.6911,0.916443,0.0309682,7,127,0,-24.5667,1.24069,0.547322,0.0508969,0.016722,0.329501,0.778897,0.0175496,0.154768,6.74968,8.65315,19.7401,27.1014,0.340005,0.272912,0.401998,0.278015,9.38553,16.3046,14.9495,14.4409,24.9325,14.6342,38.0273,18.2971,42.1177,27.3205,27.7488,36.9016,13.8075,37.7333,7.88849,32.5424,6.10245,26.3634,6.34019,21.0993,8.32124,17.2105,12.8177,14.833,21.316,14.2951,34.0815,16.6523,42.956,23.9845,33.2472,34.6209,17.1547,38.431,9.10797,34.4196,6.3891,28.2249,6.09105,22.5924,8.12276,47.276,5.45323,62.6271,3.40796,55.9982,2.62679,40.4787,2.58665,27.6089,3.03531,19.4625,3.94454,15.2338,5.35248,14.2616,7.16183,17.1874,8.65785,27.1899,8.11124,47.4074,5.4374,62.6503,3.40028,55.9163,2.62483,40.3912,2.58795,27.5482,3.03924,19.4276,3.95125,15.219,5.3621,14.2658,7.17264,17.2205,8.66247,27.2788
31.6236,0.695299,0.0309682,7,127,0,-25.4042,0.983502,1.0025,0.0258936,0.030895,0.413014,0.470031,0.0194535,0.204448,8.27498,5.5977,27.3638,24.6944,0.40896,0.345478,0.251179,0.347885,11.7632,21.9088,18.5585,19.3407,29.9646,20.3555,43.8297,27.6829,46.4308,45.6303,29.1662,64.0851,14.3346,63.6227,8.49877,52.0255,6.94697,39.8275,7.54618,30.252,10.1008,23.6793,15.4426,19.9742,24.9859,19.4297,38.7242,23.795,48.0652,37.4325,36.9505,58.6333,18.779,65.9639,10.0267,56.9496,7.23441,44.3044,7.09937,33.5926,5.03356,49.138,2.21727,63.7486,0.951687,53.6741,0.621452,39.0747,0.610762,27.598,0.806721,19.8631,1.28694,15.281,2.26311,13.5803,3.96922,15.8475,5.7605,27.2565,4.63734,52.9168,1.933,63.3273,0.870765,51.5433,0.606078,37.2002,0.62579,26.2776,0.85431,19.0302,1.3894,14.8583,2.45927,13.6043,4.26267,16.7095,5.85658,30.1991
21.2985,0.695277,0.0309682,7,127,0,-9.42431,1.03388,0.616464,0.0122446,0.0202315,0.387105,0.661374,0.0184576,0.22481,9.19118,5.18659,54.7337,28.7301,0.366166,0.316448,0.292355,0.298362,14.0501,45.8238,23.0425,43.4848,36.8215,51.0101,48.3983,77.3071,40.0696,123.329,20.6981,145.75,10.4957,130.013,7.07269,103.158,6.54926,79.1837,7.84533,61.2372,11.274,49.4079,18.0467,43.693,29.6443,45.7081,44.1022,61.42,47.2193,100.237,29.5437,140.67,14.241,140.662,8.22234,116.341,6.55392,90.1638,6.99112,69.1891,4.5451,45.6555,2.96137,54.8272,1.89843,48.1403,1.49975,36.0622,1.49252,25.9068,1.76204,19.183,2.30786,15.5587,3.16128,14.7637,4.25662,17.5019,5.1308,26.2773,4.77555,42.6032,3.23269,54.4901,2.03091,50.0725,1.53625,38.1877,1.4722,27.4727,1.69444,20.1425,2.18837,15.9992,2.98619,14.6862,4.05524,16.6683,5.03336,24.1086
26.4132,0.982074,0.0309682,7,127,0,-9.73125,1.21938,0.439448,0.0244859,0.0144148,0.348837,0.918331,0.0172847,0.130613,8.17772,10.9391,40.8685,29.8691,0.492518,0.382471,0.499675,0.278786,11.1481,33.9506,17.2844,30.4542,27.7173,31.5019,39.8636,40.0054,41.1221,58.3931,26.5389,74.7393,14.0647,74.0127,8.80152,63.1299,7.38208,51.0322,8.13869,41.0567,11.0532,34.0686,17.1045,30.4889,27.4435,31.413,39.6497,39.7073,41.3086,57.9257,26.8982,74.5529,14.2509,74.1833,8.86591,63.4042,7.38749,51.2823,8.10067,41.2463,9.75347,47.349,7.00466,56.6137,5.00742,48.798,4.24168,35.2402,4.3042,24.4036,4.95323,17.7286,6.11577,14.5021,7.74272,14.2472,9.5998,17.6556,10.8826,27.2213,10.1544,44.1498,7.50229,56.3168,5.27101,51.058,4.3087,37.64,4.24489,26.0654,4.79523,18.6665,5.86613,14.8673,7.41627,14.062,9.26811,16.6703,10.7552,24.8632
25.8649,0.884794,0.0309682,7,127,0,-16.2761,0.871952,0.44146,0.0285235,0.0125045,0.49351,0.994626,0.0262159,0.121926,6.66719,13.2695,22.3872,24.7824,0.311629,0.536273,0.189995,0.319161,9.188,16.7487,14.2978,13.8136,23.283,13.668,35.9587,18.0657,43.3011,32.1979,30.126,53.6231,14.0276,57.1317,7.64267,45.6032,5.98392,33.0817,6.42242,23.6755,8.59592,17.5244,13.1686,14.1383,21.3996,13.4514,33.688,16.7955,43.2785,28.7945,33.5238,50.5376,16.0444,58.1339,8.2813,47.9191,6.0885,35.0669,6.22779,25.0631,13.2892,48.1751,9.4865,73.2215,5.91618,67.7175,4.49851,46.4174,4.3927,29.2373,5.08096,19.1317,6.44303,14.1883,8.48569,12.9491,11.0865,15.7357,13.416,26.2258,13.0792,50.8936,9.08741,74.129,5.71079,66.0058,4.44747,44.5874,4.42556,28.0652,5.1756,18.5094,6.59807,13.937,8.70043,13.0108,11.3287,16.2684,13.5413,27.7945
33.3381,0.926616,0.0309682,6,63,0,-22.4306,0.915449,0.444712,0.0304509,0.0142973,0.50672,0.980056,0.0272616,0.136788,6.73673,11.3897,25.6292,24.1114,0.328359,0.528031,0.252282,0.278126,8.60443,18.9463,12.8706,15.1956,20.6743,14.3275,32.1973,17.646,40.4511,29.3562,30.6908,48.7431,15.1739,53.983,8.36643,44.0733,6.56097,32.3188,7.08062,23.3504,9.55924,17.5624,14.7307,14.6241,23.7432,14.7434,35.6136,19.9402,39.7399,34.8868,25.5177,52.5815,12.3682,51.9232,7.50514,40.4794,6.51717,29.3584,7.58514,21.3461,11.08,43.6365,7.99414,61.4132,5.2499,55.9411,4.13994,39.2814,4.08736,25.6442,4.71354,17.4506,5.92019,13.4647,7.68708,12.7385,9.83384,15.8191,11.514,25.9397,10.8074,46.5414,7.56929,62.0608,5.03118,54.0428,4.08738,37.291,4.13213,24.3434,4.83259,16.7537,6.11056,13.2035,7.94169,12.8801,10.0984,16.5925,11.5999,27.9566
25.2323,0.943125,0.0309682,7,127,0,-19.5843,0.570651,0.766524,0.00871274,0.0243106,0.753517,0.566507,0.041049,0.06755,7.63157,16.4291,31.1478,29.3989,0.299785,0.377306,0.306042,0.424071,10.8021,21.2671,16.2185,17.2733,24.6559,18.6026,35.7024,30.1055,41.8159,72.8562,27.5509,152.253,11.9063,154.262,6.80043,104.152,5.88112,63.0888,6.7594,38.3005,9.14198,24.8471,13.4503,18.4516,20.4486,17.2324,30.5946,22.9002,40.7819,47.3793,36.3692,118.068,17.3428,165.966,8.27861,127.389,6.00819,79.3995,6.18378,47.7287,13.8372,48.167,7.97886,56.8306,4.66618,48.6038,3.58964,36.1439,3.65214,26.0664,4.55216,19.423,6.4177,15.867,9.51814,15.3101,13.6591,18.9556,16.4689,30.3859,13.4916,49.2195,7.68753,56.7017,4.55274,47.8578,3.56717,35.4392,3.68302,25.5676,4.63514,19.1236,6.56815,15.7445,9.74785,15.3884,13.9102,19.3793,16.4844,31.4096
30.742,0.979583,0.0309682,7,127,0,-18.9515,0.781932,0.569189,0.0188551,0.0167875,0.559518,0.842532,0.0298535,0.135147,8.02207,10.7999,31.6352,19.338,0.336386,0.448293,0.31673,0.39613,10.4759,23.7092,15.2882,19.7683,23.1578,19.8944,33.1791,26.3454,37.9406,44.8422,27.6527,70.5218,14.7046,74.6286,8.93533,59.7816,7.42428,43.3128,8.10912,31.0699,10.6781,23.3845,15.6471,19.6593,23.6949,20.0524,33.7069,27.0077,37.7749,46.3138,26.7943,71.5392,14.1976,74.0895,8.76713,58.7913,7.41296,42.4923,8.20199,30.5193,11.885,40.3216,8.15556,70.2864,4.28264,68.0321,2.88118,46.572,2.72737,29.0257,3.25935,18.6031,4.42938,13.3644,6.3651,11.8231,9.09324,14.3648,11.7042,25.5853,10.862,53.8482,6.24064,74.031,3.4822,59.6124,2.7171,38.4706,2.87183,23.9839,3.65634,15.9424,5.12215,12.3191,7.4021,12.2486,10.3037,17.4089,12.0201,35.0725
28.549,0.972103,0.0309682,7,127,0,-23.513,0.667404,0.568504,0.0132704,0.0196055,0.720249,0.738247,0.0351217,0.103128,7.39077,12.0625,35.9482,26.9982,0.300137,0.425495,0.289662,0.456292,9.7924,23.513,14.6314,17.4219,22.9395,16.208,35.1438,21.6722,45.4924,44.6949,35.1654,97.0439,15.785,112.128,8.39486,81.1607,6.87989,51.1523,7.80959,32.0347,10.756,21.4585,16.3686,16.6577,25.712,16.7664,38.4958,25.0701,45.5212,55.9366,29.4617,107.839,12.9371,106.077,7.67612,72.5971,6.92939,45.301,8.35389,28.6699,10.7552,43.1571,7.25372,52.3356,4.79825,45.8607,3.87421,33.9261,3.89675,24.0522,4.59422,17.7138,5.94325,14.4928,7.96606,14.1131,10.4067,17.3855,12.0587,26.8906,10.7787,43.0305,7.27998,52.331,4.81083,45.9487,3.8772,34.017,3.89379,24.1162,4.58622,17.7509,5.92993,14.5072,7.94772,14.1039,10.388,17.3397,12.0546,26.7836
28.4362,0.907437,0.0309682,7,127,0,-18.6298,0.864403,0.496608,0.0212611,0.0146082,0.478899,0.884225,0.0263199,0.0864908,7.78017,18.2061,29.9861,26.2701,0.265126,0.41579,0.402617,0.388099,10.5196,23.527,15.7384,20.4579,24.1687,21.2739,34.318,28.5093,37.376,46.784,25.7048,68.0106,13.5823,69.5711,8.32164,56.8098,6.88043,42.7492,7.43814,31.8551,9.74504,24.6363,14.3502,20.8307,22.0702,20.6855,32.2665,26.1526,38.0056,41.8404,28.9404,64.5566,15.5764,71.0344,9.03119,59.987,6.99234,45.5886,7.17558,33.8989,17.1192,52.5484,10.817,73.4647,6.40413,62.2119,4.95103,41.3618,5.01469,26.0801,6.04404,17.2662,7.99773,12.9972,10.9834,12.1056,14.8752,15.2318,18.2598,26.7644,16.9919,53.391,10.6502,73.552,6.33417,61.6563,4.93721,40.8566,5.03063,25.7663,6.08412,17.0999,8.06413,12.9311,11.0782,12.1284,14.9849,15.3996,18.3099,27.2715
30.5999,0.917096,0.0309682,7,255,0,-21.1416,0.970333,1.09792,0.0477592,0.0360059,0.450973,0.385011,0.0230433,0.103231,7.39123,9.21954,17.3878,31.8876,0.402667,0.377906,0.306108,0.30852,9.41807,13.3898,13.9417,11.0992,22.0786,10.6227,33.7554,12.8245,41.7557,19.9262,32.5956,30.9608,17.1526,34.6178,9.58717,29.5792,7.26623,22.7336,7.45757,17.0943,9.61212,13.2024,14.3218,11.0149,22.7078,10.6648,34.485,13.0887,41.7651,20.5558,31.578,31.5087,16.4578,34.4837,9.33829,29.1631,7.21949,22.3442,7.53085,16.8074,6.24033,49.9272,2.77084,53.0334,1.42051,44.2155,1.0453,34.006,1.07642,25.748,1.42927,19.8775,2.25018,16.2697,3.8693,15.0523,6.56132,17.3988,9.11186,27.0205,7.48871,45.3989,3.53639,53.9953,1.66847,47.2473,1.10102,36.8546,1.03545,27.9187,1.28762,21.3575,1.94475,17.0958,3.28813,15.1248,5.67565,16.1879,8.5977,23.1206
32.0704,0.993892,0.0309682,7,255,0,-26.3687,0.912653,1.32241,0.0283989,0.0394595,0.492128,0.374571,0.0255582,0.131085,7.83735,8.80666,26.1144,24.8933,0.335869,0.368463,0.334724,0.349765,10.2129,20.0137,15.1824,16.8144,23.681,16.7543,34.7563,21.6004,39.5938,35.1832,27.968,52.461,14.6181,54.397,8.85735,44.3033,7.37922,33.1299,8.15741,24.5996,10.9991,19.1152,16.633,16.5173,25.8931,17.2523,36.7756,23.5807,38.4478,39.0873,24.6544,54.4592,12.8774,52.8227,8.30403,41.8615,7.3805,31.1061,8.56332,23.2174,7.22883,54.5561,2.17701,66.6625,0.732378,54.1594,0.432425,39.989,0.420596,29.0194,0.590826,21.2725,1.06666,16.2276,2.23712,13.703,4.87025,14.7045,8.80266,24.867,7.23697,54.514,2.18084,66.6708,0.733176,54.1799,0.432568,40.0062,0.420488,29.032,0.590432,21.281,1.06566,16.2327,2.23473,13.7044,4.86532,14.6991,8.7986,24.8405
34.1774,0.997891,0.0309682,8,255,0,-25.955,1.77321,0.531636,0.0715987,0.0159604,0.236768,0.780946,0.0106178,0.123057,7.05325,11.1118,21.3169,30.8476,0.310146,0.456897,0.32133,0.286338,10.0941,18.3797,17.094,16.6791,30.7499,16.854,49.0624,20.343,51.9116,28.1614,30.9875,34.8008,14.6665,34.6149,8.26006,30.6685,6.38321,26.0938,6.74149,22.0415,9.22761,18.8911,15.2104,16.9038,27.3359,16.6101,45.6159,19.2656,53.836,26.3477,35.6868,33.979,17.0041,35.1066,9.06621,31.5904,6.55179,27.006,6.514,22.8041,9.75161,52.9303,6.27297,65.0128,4.01364,55.0294,3.23192,38.9206,3.28633,26.4441,3.92135,18.7641,5.12364,14.9009,6.93951,14.2453,9.22202,17.5947,11.0191,28.4083,10.1572,49.6987,6.73856,64.835,4.22622,57.2103,3.28113,41.0759,3.24099,27.9049,3.79797,19.5959,4.91658,15.2498,6.64575,14.1351,8.89161,16.7823,10.8702,26.2174
31.4964,0.95667,0.0309682,6,63,0,-25.4099,1.978,0.545226,0.102615,0.0179894,0.212129,0.78512,0.011458,0.102584,6.6037,12.5944,17.356,26.3871,0.27387,0.276005,0.360294,0.255146,8.9824,15.3157,14.4673,14.1154,24.7823,14.2239,37.8813,16.5019,40.0361,21.252,25.8836,25.2639,13.4682,25.4137,7.97864,23.1262,6.22875,20.2437,6.48873,17.5829,8.64998,15.4777,13.764,14.183,23.5845,14.1367,36.8131,16.1679,40.7139,20.7533,27.406,25.042,14.3052,25.5418,8.29345,23.3882,6.29588,20.5147,6.39,17.8148,11.7061,43.2043,8.1547,54.9875,5.38075,49.4327,4.27624,36.5671,4.23978,25.6289,4.9408,18.6096,6.32677,15.0371,8.40544,14.5185,10.9176,17.8262,12.6644,27.6835,11.4376,44.8673,7.82032,55.1642,5.21453,48.3228,4.2355,35.3893,4.27643,24.8041,5.04146,18.1383,6.49313,14.8579,8.63183,14.64,11.1448,18.4159,12.706,29.0593
31.5001,0.846526,0.0309682,7,255,0,-18.5984,1.1851,0.894333,0.0300964,0.0259395,0.36502,0.499947,0.0194857,0.231663,7.3576,4.76625,33.2499,29.3798,0.358638,0.345793,0.302664,0.406654,9.75865,27.1722,14.921,23.8582,23.9922,24.033,35.5398,29.827,39.0773,43.9638,26.6136,58.8736,14.0198,59.9998,8.48028,51.3887,6.89413,41.2605,7.43749,32.8363,9.9661,26.9074,15.3224,23.7633,24.6251,24.1813,36.1059,30.3952,38.7402,44.9543,25.7325,59.3592,13.5391,59.6725,8.31248,50.8056,6.87516,40.7244,7.52349,32.431,4.09618,52.3792,2.0797,64.5015,1.04934,55.067,0.74205,40.7633,0.738201,29.2266,0.942968,21.4492,1.41035,16.9818,2.27562,15.6425,3.61322,18.6257,4.80097,30.5015,3.97614,53.8022,1.98246,64.3844,1.01609,54.1897,0.735114,39.9459,0.744767,28.6417,0.963082,21.0835,1.45053,16.8064,2.34507,15.6764,3.70472,19.0288,4.82706,31.6799
36.2576,0.997575,0.0309682,7,127,0,-27.1177,1.07817,0.752877,0.0539636,0.0234876,0.394543,0.593921,0.0194571,0.193589,7.23748,6.64481,16.1637,29.2246,0.274428,0.331589,0.287675,0.296405,9.79975,12.8106,15.2749,10.9546,25.1613,10.8532,38.8909,13.6125,45.5605,21.4553,31.5866,31.4672,15.5518,33.0468,8.70983,27.8743,6.73279,21.7257,7.06376,16.6957,9.34162,13.1534,14.3676,11.1032,23.6292,10.7437,37.1577,13.0294,45.8161,20.1504,34.0598,30.5084,17.026,33.3747,9.21798,28.6635,6.83076,22.4611,6.9199,17.2519,5.33379,54.3754,2.65425,64.0742,1.422,51.3589,1.09011,35.8524,1.15012,24.4718,1.50483,17.3841,2.23143,13.6826,3.48458,13.0111,5.28171,16.6821,6.65929,30.0041,5.22668,55.2661,2.57983,63.8623,1.39814,50.7374,1.08667,35.335,1.15809,24.1302,1.52476,17.1869,2.26834,13.6007,3.54414,13.0538,5.35389,16.9599,6.66909,30.8071
36.3486,0.937053,0.0309682,7,127,0,-31.757,1.08469,0.656791,0.0347182,0.0202115,0.387115,0.688517,0.019874,0.159274,7.04673,7.64884,24.5668,22.886,0.31862,0.232402,0.353428,0.255295,9.74251,19.6355,15.364,17.0072,25.36,17.1693,38.7046,22.0234,43.6832,34.9585,28.9441,49.9648,14.145,51.2403,8.06447,42.9199,6.35339,33.4807,6.75745,25.8225,9.01492,20.4379,13.9374,17.3367,22.9788,16.8541,36.1156,20.5115,44.3146,31.7116,32.7113,47.7676,16.2984,52.1187,8.80194,44.8426,6.49213,35.2592,6.5387,27.1698,7.87782,41.1579,5.31345,60.4329,2.994,57.6224,2.08416,42.7535,1.95248,29.4042,2.2891,20.5889,3.07601,15.7526,4.40527,14.2459,6.26882,16.6545,7.96494,26.3303,7.42533,47.0706,4.5877,61.9601,2.6566,54.2462,1.99724,39.0074,1.99711,26.7582,2.44206,19.0322,3.35586,15.0665,4.83263,14.4145,6.77024,18.1896,8.13308,30.5935
36.2871,0.840335,0.0309682,7,127,0,-28.606,1.08427,0.603444,0.0377835,0.0200496,0.422522,0.69966,0.0201834,0.160932,6.53985,7.75206,23.13,28.9231,0.325179,0.288098,0.299138,0.266601,9.01831,17.666,14.607,14.5968,25.3325,14.1672,41.4989,18.1322,50.1921,31.0716,32.2789,48.4559,14.1422,49.5655,7.62074,39.9358,6.05891,29.902,6.74772,22.2301,9.56458,17.1039,15.7275,14.3645,27.3055,14.3801,43.7168,19.2574,49.2467,33.6618,29.0235,49.7795,12.7215,48.5413,7.2159,38.4644,6.04016,28.6913,6.99394,21.3787,6.62402,47.2834,4.16813,55.8335,2.66152,47.2475,2.15318,34.2392,2.20968,24.0183,2.67818,17.5857,3.57239,14.3575,4.9382,14.0577,6.62415,17.6868,7.74536,28.4447,6.69284,46.7506,4.23424,55.8735,2.68987,47.6365,2.15888,34.6092,2.20166,24.2719,2.6579,17.7312,3.53827,14.4134,4.88998,14.0187,6.57373,17.4926,7.73643,27.9753
36.8239,0.856929,0.0309682,7,127,0,-28.842,1.06181,0.603158,0.0383836,0.0181663,0.42968,0.701935,0.0206693,0.161457,6.50613,7.81854,23.5505,28.9333,0.323816,0.276233,0.295119,0.268617,8.56779,17.8408,13.4208,14.4826,22.8488,13.578,37.7706,16.4103,49.1565,26.8941,36.1636,44.1948,16.5525,48.6814,8.50114,40.3985,6.33444,30.4648,6.66916,22.5993,9.04861,17.2308,14.4203,14.1964,24.6439,13.6947,40.0395,17.2964,49.0587,29.2022,32.9155,45.9947,14.8068,47.9621,7.96813,38.9522,6.26076,29.2098,6.87048,21.6981,7.0728,49.5507,4.51288,62.8183,2.76227,54.9921,2.13025,40.0107,2.11788,27.7674,2.52626,19.9151,3.35602,15.7734,4.66819,14.842,6.38657,17.8998,7.79119,28.2646,7.15884,48.6316,4.61559,62.7263,2.80908,55.5761,2.14181,40.6137,2.10948,28.1901,2.50108,20.1637,3.31194,15.8818,4.60338,14.8131,6.31206,17.6591,7.76005,27.6168
35.2396,0.987973,0.0309682,7,127,0,-31.319,1.60146,0.748993,0.0418558,0.0249142,0.253018,0.603884,0.0134095,0.108898,6.69581,10.7403,32.2794,23.4398,0.286032,0.43665,0.298036,0.3527,9.49221,27.8609,15.5503,25.468,26.5802,26.0726,40.1967,31.7582,41.7367,43.7397,26.0181,53.9363,13.0744,53.8917,7.64416,47.7876,5.97511,40.5418,6.24156,34.1034,8.2915,29.1224,13.0735,25.9921,22.3492,25.4394,36.0542,29.153,43.6605,39.3236,31.8376,51.5916,16.3556,54.9109,8.86136,50.0952,6.26706,42.8989,5.97334,36.0878,10.2383,42.0258,6.10823,56.4063,3.30567,50.3726,2.35092,37.049,2.28679,25.9222,2.79859,18.5975,3.93957,14.5779,5.90917,13.5108,8.71208,16.2869,11.0379,26.572,9.48693,46.5112,5.29918,56.6037,2.98669,47.6143,2.28117,34.3492,2.3501,24.0351,2.98495,17.4765,4.28598,14.096,6.4539,13.7124,9.34593,17.6715,11.1382,30.2661
24.7663,0.68666,0.0309682,7,127,0,-17.6739,1.86009,0.80092,0.0985804,0.0248194,0.242091,0.615351,0.0114998,0.0836215,7.1638,12.7483,18.2195,20.0399,0.398534,0.313293,0.418928,0.47413,8.72423,15.6356,13.1917,13.8728,22.4804,13.2936,37.1722,14.6569,46.7487,18.9271,35.2674,24.2519,18.502,25.7667,10.2053,23.6796,7.41441,20.4993,7.35422,17.4814,9.54771,15.0866,15.0553,13.5867,25.907,13.418,41.0059,15.4724,45.7971,20.4215,30.3513,25.1213,15.5533,25.4538,9.11098,22.8832,7.18666,19.6712,7.69,16.7864,14.6793,35.3081,10.3239,56.3289,5.3344,57.3471,3.35233,43.8447,2.98461,30.656,3.50635,21.6129,4.90397,16.4887,7.46172,14.8076,11.273,17.3965,14.5959,28.2424,12.4756,49.7934,6.77128,59.7371,3.81165,49.1987,2.99853,35.0114,3.22439,24.4044,4.28055,17.9396,6.37914,15.0128,9.78231,15.8037,13.7252,22.9382,14.0823,41.5198
30.6352,0.987774,0.0309682,7,127,0,-19.4761,1.61131,0.857156,0.0393609,0.0263239,0.268297,0.55349,0.0127999,0.217425,6.73533,5.63801,35.8527,26.4533,0.232249,0.318036,0.243478,0.26819,9.23996,30.2862,15.1328,26.9406,26.7028,26.734,43.1512,31.9393,48.6261,45.08,30.9947,58.2036,14.8586,58.9858,8.28927,51.9234,6.35953,43.4726,6.69256,36.0658,9.11576,30.435,14.8648,27.0075,26.221,26.6728,42.6494,31.6491,48.8684,44.5618,31.682,57.9529,15.207,59.1315,8.40804,52.1966,6.38124,43.7373,6.65186,36.2808,4.90022,50.9259,2.38162,63.9978,1.1715,52.8316,0.844933,37.4754,0.873747,25.8505,1.15901,18.4462,1.78261,14.4923,2.91907,13.7403,4.61015,17.7871,5.7814,32.6937,4.10273,58.0306,1.8605,62.1626,1.01492,47.954,0.825688,33.4447,0.932434,23.1747,1.30674,16.9023,2.06681,13.9026,3.38962,14.3029,5.134,20.7673,5.60405,40.3749
33.6474,0.993994,0.0309682,7,255,0,-21.1272,1.27108,0.534214,0.0206783,0.0165153,0.328214,0.767603,0.0168562,0.198589,6.51213,7.02091,50.3015,30.6334,0.248728,0.31428,0.338407,0.30635,9.07376,41.1807,14.6661,36.0303,25.0965,35.9963,39.6425,44.6814,45.3514,67.7582,29.7209,93.7509,14.205,96.383,7.83983,82.8008,5.96676,66.7337,6.19536,53.1233,8.22055,43.079,12.9082,36.8956,22.0005,35.3953,36.0712,41.3886,45.9863,60.7307,34.6359,88.9249,17.0504,97.9577,8.82972,86.7337,6.18883,70.5587,5.98281,56.165,5.99566,53.9043,3.68859,65.2416,2.30827,53.8393,1.85917,37.3869,1.90754,25.064,2.30216,17.5729,3.04505,13.7846,4.18092,13.0236,5.65052,15.9902,6.90236,26.155,6.48432,47.7456,4.23927,64.9347,2.55032,57.9354,1.91503,41.3505,1.85989,27.7247,2.16946,19.0933,2.8189,14.4563,3.85167,12.9253,5.25819,14.7485,6.67068,22.5342
31.5875,0.954662,0.0309682,7,255,0,-24.1922,1.52257,0.760246,0.0314375,0.0232318,0.281595,0.559783,0.014274,0.148219,6.67267,7.43903,43.2364,34.7787,0.235546,0.327536,0.446606,0.245397,8.81109,36.3404,13.8819,32.0987,23.704,31.4631,37.929,36.7897,44.6883,51.1501,31.1067,67.5169,15.6646,70.4275,8.72388,62.7308,6.52709,52.5892,6.63866,43.4959,8.7051,36.5233,13.6557,32.1863,23.3013,31.4088,37.4807,36.4881,44.7978,50.5676,31.7054,67.1569,16.0168,70.553,8.85196,63.0458,6.55555,52.9076,6.60656,43.7576,5.63042,54.0094,3.13434,58.3492,1.92595,47.7948,1.57716,35.1495,1.68018,25.4488,2.15242,19.223,3.07258,16.0739,4.55587,16.0471,6.43682,20.6891,7.45195,33.9199,5.75775,53.3083,3.22172,58.5879,1.95783,48.3961,1.58169,35.6798,1.6675,25.816,2.12185,19.4389,3.01855,16.1542,4.47524,15.9665,6.35336,20.3233,7.45811,33.0802
29.9155,0.810524,0.0309682,6,127,0,-16.6931,1.52639,0.735992,0.0333025,0.0247354,0.287247,0.515275,0.0142659,0.120943,6.75107,8.5339,40.7348,34.8041,0.23981,0.345376,0.424651,0.302378,8.99357,34.1019,14.33,30.0759,24.7093,29.6037,39.5704,35.0838,45.6052,49.5076,30.4377,64.9872,15.0146,66.6719,8.45737,58.6695,6.5059,48.8098,6.83721,40.189,9.2502,33.7242,14.8759,29.908,25.6698,29.7553,40.5535,35.7979,45.1434,50.7877,29.0702,65.6222,14.3001,66.3035,8.21172,57.9737,6.46546,48.1408,6.93328,39.6542,6.04951,51.3653,3.3348,53.3733,2.0731,43.6683,1.69118,32.5588,1.76724,23.8832,2.20803,18.0738,3.08482,14.7935,4.53853,13.9218,6.58089,16.2173,8.45813,24.3037,8.01282,40.6845,5.04167,53.9669,2.79222,50.9368,1.88465,39.9754,1.67475,29.47,1.86729,21.7301,2.43436,16.7672,3.47989,14.2422,5.13793,14.233,7.27586,17.9788
30.3434,0.986332,0.0309682,7,127,0,-22.603,1.4804,0.561092,0.087717,0.0174326,0.272714,0.859585,0.0145106,0.145892,7.02505,9.55808,14.1173,22.2667,0.341584,0.325201,0.296664,0.373614,9.83217,12.1108,15.7718,11.0493,26.2808,11.3468,38.96,13.9066,40.5452,19.2973,25.9385,24.0186,13.3831,24.0844,7.96372,21.2689,6.28464,17.9022,6.57256,14.9315,8.66017,12.6643,13.4176,11.2701,22.3808,11.0591,35.2265,12.7638,42.229,17.3505,31.2926,22.9434,16.5186,24.5286,9.15002,22.3138,6.56656,18.9679,6.29879,15.8195,9.87383,40.4071,7.05132,60.327,4.28328,57.1978,3.17705,41.0357,3.09544,27.2017,3.66219,18.7182,4.8268,14.6087,6.61965,14.1482,8.81214,18.4489,10.1349,31.8952,8.38335,54.3579,5.15434,61.2272,3.44892,47.5544,3.03961,31.9555,3.3716,21.4335,4.29897,15.7626,5.84879,13.881,7.9553,16.0079,9.87593,25.1897,9.47084,45.6556
28.8327,0.998319,0.0309682,7,127,0,-21.9106,1.80491,0.788318,0.0363277,0.0272623,0.238141,0.48602,0.01252,0.133646,6.71325,7.74429,45.5311,32.6488,0.240742,0.318251,0.427275,0.340413,8.771,39.4431,13.743,35.6504,23.3498,35.2425,36.6868,40.4278,41.6592,53.0085,28.6777,65.6968,14.974,67.52,8.65153,61.3062,6.59122,52.996,6.74542,45.3152,8.87313,39.2878,13.9617,35.5792,23.7305,35.3041,37.0641,40.7079,41.4933,53.4729,28.1632,65.9361,14.6782,67.4106,8.54062,61.0596,6.5677,52.7417,6.77937,45.1009,5.46021,49.8577,2.85047,52.6255,1.67605,43.2262,1.32123,32.2938,1.36377,23.6838,1.71368,17.8291,2.44183,14.4041,3.70369,13.2671,5.58287,15.0859,7.49442,22.4171,7.31591,38.5048,4.50008,52.7442,2.34701,50.3519,1.50533,39.6534,1.30044,29.2813,1.43972,21.5571,1.89571,16.5049,2.77325,13.7914,4.23336,13.4505,6.24795,16.6032
31.534,0.561631,0.0309682,7,127,0,-19.655,1.08105,1.09564,0.0526753,0.0377706,0.429288,0.421322,0.0212746,0.125542,7.18897,8.70067,17.5578,23.749,0.387456,0.330909,0.321677,0.401097,9.40392,13.5806,14.4946,11.3275,23.9634,11.0019,37.5016,13.7297,44.3775,22.0122,30.3874,32.6966,14.7858,33.821,8.47892,27.8491,6.89026,21.2371,7.65909,16.0809,10.6701,12.6631,17.0069,10.9845,28.0885,11.4505,41.4449,15.6869,41.8978,25.8181,24.308,34.3381,11.9376,32.2537,7.62831,25.6145,6.91709,19.3811,8.35477,14.7872,7.21754,45.3727,2.96687,55.3503,1.26371,46.3325,0.825897,34.4323,0.812222,24.9653,1.08053,18.3894,1.75502,14.337,3.17659,12.6895,5.7776,14.4148,8.70792,23.8159,7.19883,45.4649,2.9545,55.3389,1.26024,46.2815,0.825181,34.3865,0.812736,24.9319,1.08234,18.3673,1.75909,14.3249,3.18479,12.6882,5.79095,14.4332,8.71506,23.883
30.3195,0.951803,0.0309682,7,127,0,-22.2162,0.911544,1.13264,0.0400912,0.037055,0.487113,0.415508,0.0245335,0.14011,7.30733,7.55672,18.2188,31.4365,0.413172,0.295602,0.342846,0.443978,9.65439,13.7221,14.6482,11.2842,23.5171,10.9729,36.0463,13.9455,43.6065,23.42,31.6397,37.6233,15.5907,40.5465,8.73411,33.0631,6.89152,24.4509,7.40443,17.8325,9.9046,13.487,15.1279,11.1884,24.3026,11.0494,36.9246,14.3489,43.4643,24.3908,30.3159,38.3477,14.8383,40.2249,8.49254,32.4318,6.86368,23.9129,7.51082,17.4574,4.90796,51.9895,1.9911,54.1426,1.00024,43.4316,0.768329,32.2881,0.851224,23.7986,1.22574,18.0932,2.07919,14.9415,3.76795,14.677,6.34603,19.5721,7.4057,35.4781,4.18398,54.2234,1.69514,52.5373,0.920776,41.1673,0.764037,30.4472,0.896985,22.5064,1.34233,17.2987,2.32414,14.639,4.20943,15.0818,6.81191,21.5556,7.04658,39.7668
29.0247,0.934793,0.0309682,7,127,0,-20.5505,0.946715,1.25506,0.0259929,0.0350894,0.447102,0.410246,0.0240993,0.127633,8.23298,8.60637,29.0805,22.3439,0.469406,0.384614,0.339662,0.376311,10.8095,23.2938,15.8863,20.4277,24.104,21.0185,33.7704,27.0637,36.3975,41.393,25.6636,56.9648,14.289,58.252,9.0558,48.8411,7.57289,37.9643,8.1966,29.2511,10.7236,23.3966,15.7322,20.4595,23.878,20.9539,33.5758,26.8332,36.5034,40.9759,25.9855,56.7309,14.4812,58.3895,9.1254,49.1033,7.58056,38.2007,8.16124,29.4232,9.04776,50.4612,3.25184,72.5805,1.03958,61.1864,0.573065,44.6544,0.533061,31.7107,0.727051,22.7402,1.27994,17.0582,2.61182,14.3373,5.50353,15.6371,9.55396,27.3519,7.51821,60.1299,2.30598,71.4322,0.835874,56.5748,0.536877,40.7573,0.561274,28.936,0.829377,20.9149,1.53468,16.0298,3.20008,14.1814,6.60864,17.2331,10.0246,34.3356
30.4194,0.960089,0.0309682,7,127,0,-21.3553,0.916261,0.813431,0.0364769,0.0268608,0.500321,0.559664,0.024989,0.178168,7.84533,6.58487,22.1582,26.7972,0.249079,0.285606,0.441327,0.354727,9.73438,16.6611,14.1295,13.5279,22.0347,12.7815,33.3834,15.4214,41.4137,24.3368,32.7395,38.7197,17.4282,43.4649,9.93975,36.519,7.76185,27.4276,8.19944,20.2123,10.7728,15.4591,16.1303,13.0281,25.2471,13.1374,36.8332,17.3125,40.8085,28.6337,27.6041,41.851,14.2968,42.0805,8.8918,33.664,7.67077,24.96,8.74631,18.5008,5.54122,47.3879,2.91566,57.0365,1.57383,47.6354,1.18196,34.4894,1.22086,24.2933,1.57812,17.7241,2.33192,14.2475,3.63864,13.7302,5.46271,17.5768,6.64728,30.3714,4.99811,51.1612,2.52743,56.1716,1.44321,44.9175,1.16281,32.133,1.26667,22.6918,1.69355,16.7903,2.54607,13.8916,3.97664,14.0619,5.8267,19.2322,6.57298,34.4166
30.0728,0.877043,0.0309682,7,127,0,-22.2028,1.02573,0.819485,0.0200061,0.0239947,0.43862,0.510544,0.02472,0.153557,6.94536,7.11693,43.4312,34.0321,0.260382,0.302033,0.401302,0.285383,8.99489,33.9686,13.4932,28.7508,21.4591,28.3373,32.1618,35.4144,37.0945,55.2585,26.2939,80.0822,13.6779,83.4607,8.13968,69.6495,6.63636,53.6268,7.23974,40.9045,9.76726,32.4062,14.9701,28.186,23.781,29.1229,34.3249,38.6459,35.9225,61.4369,22.886,83.2208,11.8729,81.1465,7.55112,65.8732,6.61485,50.3744,7.63004,38.5989,5.48345,55.8652,2.85676,62.7945,1.60187,52.2148,1.22552,38.661,1.25952,27.9676,1.60251,20.8239,2.3291,16.8035,3.59864,15.7715,5.44915,18.854,7.03565,29.9927,6.0758,51.4357,3.32573,63.3029,1.77487,55.1701,1.264,41.4592,1.22571,29.9934,1.49922,22.1027,2.12989,17.434,3.26715,15.7157,5.01282,17.6856,6.82038,26.567
28.9061,0.988011,0.0309682,7,127,0,-22.2357,1.00939,0.519371,0.0374065,0.0170402,0.452529,0.864166,0.0241575,0.110955,7.44563,13.4233,26.0101,21.6327,0.36158,0.511859,0.25156,0.336498,8.69741,20.0247,12.1828,16.3041,18.7773,14.9633,28.7961,16.8164,37.5244,24.1598,32.8697,37.2387,18.8862,44.1752,10.568,39.5151,7.7293,31.115,7.65012,23.729,9.59468,18.5088,14.0202,15.565,21.8531,15.1543,32.4287,18.5385,37.923,28.2651,28.14,41.03,15.2253,43.5451,9.17296,36.7341,7.46371,28.3966,8.07795,21.7041,13.3595,42.1028,8.9679,62.5502,5.27282,56.6655,3.91578,39.113,3.83974,25.1304,4.54936,16.756,5.98571,12.5787,8.22603,11.5721,11.1721,14.2429,13.7345,24.2517,12.8074,46.746,8.12471,63.4853,4.89252,53.7166,3.83175,36.2069,3.91361,23.265,4.74967,15.7503,6.32292,12.1796,8.70868,11.7275,11.7166,15.3073,13.9325,27.3256
29.4028,0.990691,0.0309682,7,127,0,-21.5128,1.13212,0.367171,0.0437503,0.0100145,0.355128,1.09172,0.0187692,0.138154,7.07406,11.9066,18.6112,35.5624,0.290974,0.437501,0.347767,0.254799,10.5107,15.327,17.3442,13.8628,29.0155,14.9005,42.4139,20.5399,41.6929,32.9032,23.6882,42.9087,11.2895,41.0939,6.7537,33.8556,5.6102,26.5662,6.21881,20.7617,8.56036,16.6679,13.5751,14.307,22.8707,14.0095,36.5403,17.0867,45.0257,26.3709,32.7227,39.5391,15.8501,43.1623,8.27417,37.4905,5.88585,29.8733,5.73874,23.2975,10.7515,58.8256,7.90391,71.9524,5.77253,61.1104,4.96431,42.5097,5.05419,28.2722,5.75768,19.9016,6.96654,15.9995,8.60754,15.6799,10.4583,19.6454,11.8078,31.0933,11.2715,52.9262,8.61307,71.0981,6.16158,65.2649,5.06289,46.8854,4.96849,31.1831,5.536,21.4829,6.62667,16.6111,8.17243,15.4238,10.0112,18.1524,11.5921,27.333
31.596,0.98833,0.0309682,7,127,0,-22.8773,1.13927,0.380752,0.0502048,0.0111068,0.385184,1.10277,0.0188106,0.148736,7.10212,12.0132,17.8776,35.4898,0.284571,0.46689,0.352995,0.266674,9.98247,14.2266,16.1493,12.2945,27.3849,12.4844,42.3605,16.372,46.2721,26.5835,28.2715,37.1306,13.2603,36.6522,7.69289,30.0657,6.33399,23.2432,7.09744,17.8898,9.97094,14.2343,16.1264,12.2972,27.3468,12.48,42.324,16.3537,46.2966,26.5485,28.3273,37.1158,13.2856,36.6657,7.70062,30.0853,6.33445,23.26,7.09277,17.902,10.1531,63.8049,6.69888,73.7309,4.70945,55.8875,4.17215,35.4401,4.46397,22.182,5.33386,15.1586,6.72428,12.258,8.59643,12.6478,10.6944,17.6404,12.0063,32.3535,10.5845,60.1199,7.1124,74.4931,4.87588,58.9162,4.18683,37.8235,4.38805,23.5565,5.18541,15.8302,6.50642,12.4567,8.31989,12.3852,10.4217,16.5593,11.9456,29.5148
34.2564,0.984337,0.0309682,7,127,0,-21.3236,1.44787,0.419814,0.0474396,0.0122795,0.2891,1.063,0.0142653,0.143438,6.65155,11.3719,25.0267,22.5794,0.300252,0.469383,0.337784,0.340947,9.5645,20.9774,15.9861,18.7489,28.0811,19.0809,44.0932,23.9413,46.969,35.3875,28.1403,45.7983,13.2236,45.4457,7.48678,39.1635,5.87873,32.1665,6.29476,26.2222,8.6297,21.7858,14.0292,19.0868,24.6329,18.6937,40.539,22.2181,48.7315,32.2214,33.1417,44.2231,15.7252,46.352,8.32921,40.8373,6.04214,33.7616,6.04063,27.5032,11.7791,42.4561,9.03574,67.2987,5.8555,66.471,4.41591,47.0377,4.21987,29.8561,4.77305,19.5074,5.92351,14.4117,7.64066,13.0832,9.79025,15.7277,11.6792,25.6284,11.4377,48.3226,8.25091,69.8943,5.40311,62.9152,4.29312,42.8151,4.2841,27.0918,4.97083,18.042,6.24482,13.835,8.0753,13.2636,10.2604,17.0441,11.889,29.3233
30.8581,0.789086,0.0309682,7,127,0,-22.277,1.07217,0.879663,0.0590711,0.0268737,0.430355,0.499999,0.0211778,0.125023,5.84387,9.13146,16.4766,29.8562,0.340553,0.401608,0.331518,0.278381,7.36327,12.2802,11.331,9.68053,19.4307,8.63838,33.4601,9.73215,48.236,15.2414,41.1532,27.0078,19.1755,32.9121,8.93901,28.2482,6.04429,21.3728,5.95297,15.7261,7.78096,11.7843,12.2449,9.41696,21.1711,8.63744,36.0253,10.1963,49.198,16.7091,37.6956,28.7301,16.8022,32.6619,8.19996,27.1945,5.89708,20.4039,6.10415,15.0161,7.26792,53.1686,3.49608,62.275,1.78524,51.5304,1.30352,37.6299,1.33291,26.807,1.73471,19.6151,2.62412,15.5262,4.26287,14.3492,6.80305,17.2443,9.08284,28.7699,7.49577,51.8796,3.66147,62.4657,1.83952,52.3546,1.31426,38.3716,1.32118,27.3318,1.70001,19.9425,2.55496,15.6858,4.14232,14.3281,6.63893,16.9071,9.01954,27.7342
29.6485,0.970925,0.0309682,7,127,0,-23.7085,1.1832,0.491344,0.0414343,0.0159619,0.384856,0.905752,0.0194166,0.11579,7.94693,12.4157,24.4597,23.7945,0.309535,0.360165,0.431453,0.342278,10.4396,19.8215,15.9144,17.3204,25.537,17.5029,37.4925,22.009,40.1471,32.7503,26.471,43.1954,13.9784,42.9677,8.77691,36.1445,7.50412,28.6855,8.49947,22.7269,11.8334,18.7587,18.5621,17.0355,29.4884,18.373,40.2147,24.8415,36.8809,36.8974,21.5256,44.3367,11.6473,41.0885,8.05861,33.6232,7.60179,26.5407,9.29225,21.2066,12.2051,41.3979,8.87476,57.6914,5.80925,53.644,4.52544,38.8668,4.42961,26.1572,5.11064,18.2475,6.47079,14.3285,8.49404,13.6927,10.9373,17.0316,12.6894,27.4873,11.5405,46.8502,7.90716,58.6859,5.31725,50.0675,4.40982,35.092,4.54081,23.6308,5.40226,16.8763,6.9402,13.8486,9.11761,14.1073,11.5429,18.899,12.7501,31.919
31.3532,0.983611,0.0309682,7,127,0,-23.1458,1.13901,0.80263,0.0581948,0.0241625,0.364641,0.55577,0.0204552,0.209379,6.17523,5.9302,16.9468,27.8787,0.325885,0.307825,0.299797,0.322753,7.99027,13.5608,12.1146,11.5105,19.8263,11.0018,31.4104,12.8454,39.9874,18.8515,31.7663,28.1391,16.5965,31.7925,8.83887,28.2804,6.24318,22.7878,6.00358,17.8835,7.41862,14.205,10.9294,11.8485,17.7233,10.9551,28.6369,12.1472,39.1428,17.0586,35.0818,26.1933,19.4678,31.7681,9.9746,29.3957,6.56235,24.0132,5.91085,18.8835,5.03845,53.5263,2.47175,66.692,1.23287,55.0637,0.885955,39.0781,0.899197,26.9009,1.1607,19.059,1.73328,14.7046,2.77198,13.3879,4.37919,16.0935,5.91826,27.5897,5.07584,53.1182,2.50238,66.7277,1.24286,55.3128,0.8879,39.2988,0.897133,27.0518,1.15469,19.1501,1.72153,14.7481,2.75184,13.3833,4.35163,16.0059,5.90573,27.3048
34.0422,0.979858,0.0309682,7,127,0,-26.2626,1.05509,0.657901,0.0218339,0.0212077,0.36955,0.646066,0.0193357,0.138658,8.63799,9.09762,35.4263,28.928,0.34885,0.31181,0.347709,0.311618,12.239,29.8358,18.8891,27.697,29.119,30.2939,39.184,40.8383,37.4918,60.902,23.3954,76.2896,12.6839,73.83,8.21474,61.9843,7.01013,49.4469,7.68379,39.2798,10.1763,32.1529,15.2082,28.2592,23.7605,28.2899,34.9058,34.4505,40.4991,50.358,30.7061,70.8288,16.9493,76.9752,9.81782,68.1997,7.31627,55.3427,7.14778,43.857,7.62002,50.4318,4.3576,60.2605,2.55825,50.0252,1.99763,35.6154,2.05264,24.5838,2.54954,17.6368,3.53783,14.0071,5.141,13.2972,7.30592,16.4506,9.04238,27.2509,7.91551,48.353,4.6303,60.3968,2.66478,51.4317,2.01942,36.9166,2.02731,25.471,2.48119,18.1561,3.41618,14.2332,4.95541,13.2275,7.0847,15.8956,8.95745,25.6954
36.7504,0.911338,0.0309682,7,127,0,-24.6905,1.02804,0.560082,0.0423251,0.0170867,0.435187,0.78387,0.022134,0.176586,6.83049,7.67414,20.1157,23.8892,0.293014,0.387662,0.30819,0.247338,9.06065,15.459,14.0177,12.8345,23.1694,12.4221,36.4849,15.4926,44.3552,25.2373,31.3799,39.0955,15.0969,41.5899,8.32465,34.4028,6.49499,26.0861,6.96793,19.526,9.43221,15.0881,14.7573,12.6776,24.4216,12.5422,37.8902,16.1388,44.0232,26.7237,29.3096,40.0812,13.9914,41.0959,7.97388,33.4917,6.45456,25.2964,7.12646,18.9602,7.65694,43.9378,5.21596,63.757,3.08603,59.3361,2.25191,42.7677,2.15846,28.6022,2.52042,19.6228,3.30314,14.8869,4.55836,13.5104,6.24735,15.9439,7.79014,25.4389,7.48214,46.6441,4.92231,64.5269,2.94267,57.7438,2.21439,41.0049,2.17763,27.3894,2.58405,18.9289,3.41502,14.5833,4.7232,13.5623,6.4411,16.5341,7.88418,27.1435
35.5882,0.948415,0.0309682,7,127,0,-31.5157,1.04357,0.728391,0.0254323,0.0224511,0.40927,0.595245,0.0194849,0.162927,7.45357,7.33814,32.6796,25.741,0.388022,0.286828,0.27775,0.35377,10.1465,25.6644,15.8577,21.8249,26.1452,21.6395,40.467,27.4378,47.483,44.2042,32.6661,65.9592,15.8662,69.1444,8.85312,57.7146,6.87837,44.4545,7.27111,33.7822,9.674,26.3665,14.9265,22.1251,24.5747,21.4118,38.6814,26.2257,47.7508,41.4302,35.2445,63.9137,17.3688,69.8887,9.35977,59.4101,6.9705,46.0035,7.11855,34.9363,6.82847,47.2062,3.93999,62.8995,2.09425,55.4465,1.4784,40.4595,1.42957,28.1213,1.73885,19.9795,2.43643,15.3874,3.65706,13.8263,5.47254,15.9268,7.28986,25.106,6.92056,46.1801,4.05416,62.7524,2.14062,56.0307,1.49,41.0627,1.42406,28.5518,1.7188,20.2435,2.39782,15.5177,3.59361,13.829,5.38773,15.7349,7.23766,24.4951
32.8439,0.984334,0.0309682,7,127,0,-26.9883,2.03521,0.895886,0.106669,0.029057,0.188922,0.50041,0.0108182,0.144118,6.72054,7.73413,17.1563,24.3558,0.284794,0.333106,0.364704,0.299089,9.08919,15.4411,14.2341,14.4561,23.4107,14.6143,34.593,16.5831,37.0593,20.5087,25.8461,24.0345,14.3795,24.6118,8.59487,22.9687,6.43442,20.5785,6.23301,18.2181,7.6299,16.2309,11.2061,14.8413,18.2556,14.3549,29.1678,15.3216,37.7456,18.3611,32.5118,22.5397,19.4633,24.7027,10.8923,23.9671,7.20958,21.8123,6.13687,19.3762,7.04545,45.2933,3.5839,58.9428,1.71532,51.1468,1.15565,37.7885,1.11597,26.8698,1.40578,19.4589,2.09846,15.0969,3.41646,13.4948,5.55657,15.472,7.77845,24.8343,6.95046,46.0245,3.49279,58.9606,1.68402,50.7368,1.14851,37.3924,1.12017,26.5841,1.42061,19.2778,2.129,15.004,3.47113,13.493,5.63488,15.6219,7.81954,25.3271
32.8297,0.839614,0.0309682,7,127,0,-24.7056,1.46854,0.681397,0.0446227,0.0216926,0.298642,0.644624,0.0148704,0.149155,8.55867,8.67596,29.5415,25.4926,0.347028,0.30143,0.296601,0.303407,11.0091,25.2697,16.458,22.8903,25.8963,23.1501,37.0135,27.4872,38.9937,36.5921,26.9713,44.7687,15.3056,45.1266,9.82301,40.0944,8.19198,33.8901,8.89094,28.4712,11.9012,24.5707,18.1656,22.684,28.4098,23.687,38.7194,29.125,37.214,38.8045,23.9286,45.5535,13.6401,44.3085,9.21936,38.7413,8.16543,32.6044,9.32962,27.474,7.84135,48.297,4.41018,63.2701,2.37773,53.7859,1.74141,37.9583,1.74097,25.6844,2.15996,17.9404,3.04353,13.7893,4.54156,12.6337,6.69468,15.2289,8.67863,25.5321,7.83449,48.3575,4.40292,63.272,2.37499,53.7487,1.74082,37.9234,1.74149,25.6608,2.16147,17.9266,3.04631,13.783,4.54597,12.6346,6.70029,15.2418,8.68125,25.5718
30.0086,0.911076,0.0309682,7,127,0,-24.6342,1.17728,0.433696,0.0412509,0.0134193,0.360664,0.965957,0.0219809,0.161811,5.79686,9.34601,22.3894,32.0359,0.290202,0.458727,0.298692,0.306038,8.21005,18.1402,13.2974,15.9207,22.4481,16.3068,34.305,21.2409,36.8953,33.501,22.6706,45.6596,10.8259,45.2544,6.28539,37.7315,5.09564,29.6974,5.5878,23.2232,7.69412,18.6714,12.2728,16.1191,20.7372,16.0214,32.6101,20.0398,37.8037,31.1866,25.2079,44.5027,12.0796,46.0285,6.69415,39.0308,5.15262,30.8631,5.41592,24.1037,8.21862,52.0838,5.77439,61.5413,4.11701,51.2767,3.54634,35.8549,3.67568,24.2949,4.30433,17.5275,5.37642,14.5156,6.8415,14.7803,8.44516,19.4122,9.34514,31.7537,8.25372,51.7753,5.81121,61.5699,4.13413,51.5251,3.54916,36.0833,3.66933,24.4416,4.29055,17.6045,5.35567,14.5386,6.81544,14.7471,8.42139,19.2873,9.34371,31.4741
32.1004,0.991495,0.0309682,7,127,0,-26.2544,0.784822,0.572087,0.0169924,0.0176072,0.576421,0.77735,0.0271425,0.146761,8.65779,9.39943,34.3359,23.6007,0.35429,0.285288,0.29054,0.300985,11.5225,25.2376,17.1893,20.7815,26.6253,20.9703,38.8664,28.6315,44.3016,51.5464,30.5077,82.8347,15.3046,84.8034,9.26297,65.4703,7.91976,46.1363,8.97843,32.4542,12.2475,24.1885,18.4844,20.4625,28.5785,21.5839,40.7122,31.148,43.2919,57.1159,27.3701,85.7771,13.7628,82.2551,8.81346,61.9429,7.95166,43.4336,9.3588,30.7244,9.30347,44.6997,6.10897,64.8434,3.51536,58.9903,2.56278,41.7294,2.4871,27.5714,2.95178,18.7743,3.93317,14.2051,5.51313,12.9574,7.65406,15.5739,9.58097,25.6966,8.99145,48.3346,5.64081,65.6049,3.30474,56.7738,2.51282,39.4586,2.52175,26.0536,3.05513,17.9212,4.1139,13.8429,5.78081,13.0495,7.96789,16.3883,9.71312,28.0683
32.5065,0.993494,0.0309682,7,255,0,-24.3526,0.823524,0.807457,0.0295374,0.0260624,0.532894,0.570813,0.0259902,0.160484,8.50465,7.29916,22.4818,23.3675,0.272273,0.334508,0.320066,0.246564,10.9068,16.901,15.854,13.9541,24.1974,13.6724,35.327,17.3536,41.8567,28.485,31.9551,45.2023,17.1612,49.5821,10.1203,40.8454,8.10767,30.1646,8.62486,21.9065,11.2111,16.5578,16.411,13.8222,25.0571,13.7953,36.231,17.939,41.7254,29.8332,30.5771,46.2712,16.2743,49.1756,9.81283,39.9212,8.07012,29.3623,8.75897,21.3517,6.98653,43.7975,3.88092,59.5779,1.94986,52.4392,1.34299,38.1696,1.30723,26.538,1.63468,18.897,2.38331,14.6426,3.73364,13.391,5.76592,16.0969,7.56251,27.0082,6.3588,49.2126,3.262,59.5905,1.72926,49.18,1.2979,35.1157,1.35161,24.4234,1.76557,17.6329,2.63562,14.0808,4.15092,13.583,6.28121,17.6468,7.64666,31.4237
34.7496,0.991147,0.0309682,7,127,0,-25.22,0.826386,0.692608,0.0456782,0.0214883,0.565186,0.622814,0.0288133,0.170288,7.29137,7.24185,14.6091,28.9653,0.308927,0.262502,0.305835,0.288401,9.46226,10.5147,14.152,8.33552,22.4601,7.94752,34.3882,10.1892,42.4644,18.0413,31.4111,31.1827,15.2669,34.0089,8.57573,26.7494,6.95767,18.8724,7.71427,13.1865,10.5325,9.6926,16.1635,8.02558,25.6829,8.25045,37.8606,11.7174,41.4562,21.8219,25.8887,33.653,12.4616,32.3762,7.76481,24.2781,6.97573,16.9577,8.30803,11.9537,6.1883,50.9785,3.50949,62.1595,2.00448,52.2639,1.53068,37.5191,1.55765,26.0403,1.93821,18.7176,2.71686,14.8289,4.00738,13.9902,5.78459,17.1969,7.22494,28.4277,6.26406,50.297,3.57967,62.1963,2.03151,52.7148,1.53626,37.9389,1.55143,26.3287,1.92107,18.8878,2.68585,14.9033,3.95932,13.9663,5.72703,17.0089,7.20555,27.9027
36.3766,0.972622,0.0309682,7,127,0,-30.1885,1.1179,0.784069,0.0311196,0.0238667,0.382405,0.589272,0.0204936,0.156613,7.32021,7.27386,31.4771,22.6704,0.327229,0.364936,0.361346,0.327448,9.3027,25.374,13.7482,21.8113,21.7096,21.2562,32.688,25.2725,38.9634,36.6614,29.7962,51.8631,16.2963,56.2638,9.46191,49.4377,7.21913,39.8052,7.32815,31.4201,9.32657,25.3361,13.7954,21.7942,21.7869,21.2667,32.7723,25.3294,38.9558,36.7805,29.681,51.955,16.2161,56.2422,9.43103,49.365,7.21239,39.7325,7.3362,31.3633,7.55663,42.0613,4.62815,61.8296,2.33213,57.7075,1.53487,42.7681,1.42687,29.7376,1.72004,21.0025,2.43805,16.0318,3.7425,14.3018,5.73146,16.5298,7.67636,26.5557,6.96464,48.8417,3.81785,63.0226,2.00967,53.9178,1.4581,38.8398,1.46935,26.9522,1.8675,19.3164,2.72558,15.2455,4.21856,14.432,6.33744,18.2036,7.87291,31.5138
37.1391,0.928953,0.0309682,7,127,0,-30.3771,1.34933,0.829671,0.0397816,0.0261566,0.299622,0.555719,0.015676,0.170272,7.39444,6.7163,29.2946,23.2084,0.285387,0.335438,0.334958,0.25798,9.78188,24.768,14.9274,22.1791,24.0596,22.1855,35.9588,26.3221,40.655,36.2651,29.2955,47.2428,15.9314,49.5132,9.35326,44.3878,7.0991,37.2815,7.09249,30.8072,8.91422,25.8161,13.1892,22.6616,21.1656,21.8613,32.8319,24.6687,40.9731,33.0628,33.3971,44.8522,18.888,49.882,10.5689,46.1485,7.43668,39.2028,6.91859,32.4304,6.59957,43.586,3.69347,60.6531,1.81297,54.2191,1.21474,39.7966,1.1605,27.8,1.43937,19.8067,2.10027,15.2595,3.31706,13.7545,5.20016,16.1592,6.9901,26.5926,6.06349,48.9707,3.11728,60.9613,1.60508,51.1146,1.1693,36.7955,1.19463,25.69,1.54838,18.5234,2.31517,14.6609,3.68095,13.8758,5.67038,17.5422,7.11838,30.7069
37.7716,0.977287,0.0309682,7,127,0,-34.1218,1.38427,0.750387,0.0649825,0.0229274,0.302586,0.581323,0.0154985,0.153795,6.76385,7.68682,17.4934,29.1311,0.301821,0.254897,0.314162,0.35427,9.57205,14.6238,15.6632,13.068,26.8518,13.3262,41.2916,16.7237,43.9329,24.6253,27.0633,31.9195,13.1304,31.7845,7.59317,27.368,6.02938,22.4008,6.47127,18.1953,8.81514,15.0918,14.1152,13.2544,24.2105,13.0851,38.6869,15.7114,45.3068,22.8069,30.8274,31.0175,15.0658,32.3172,8.25691,28.3535,6.15104,23.3371,6.24881,18.9402,6.56125,50.9883,3.62788,62.0872,2.01561,52.5288,1.51236,38.1743,1.53194,26.841,1.92133,19.4793,2.74127,15.4897,4.13837,14.5797,6.10805,17.8361,7.69529,29.374,6.52312,51.2884,3.59433,62.065,2.00307,52.3317,1.50979,37.9908,1.53483,26.7132,1.92943,19.4027,2.75628,15.4558,4.16221,14.5911,6.13683,17.9251,7.70317,29.6195
37.3484,0.90879,0.0309682,7,255,0,-31.9033,1.20044,0.430501,0.0315301,0.0131278,0.337622,1.04323,0.0165417,0.166517,7.47373,9.70035,30.1512,22.7111,0.290958,0.348859,0.296948,0.294094,10.4919,24.8726,16.7368,22.1039,27.7596,22.6234,41.8395,28.7379,45.5181,43.4453,29.5158,58.5849,14.6735,59.4393,8.46307,50.8991,6.61712,40.9818,6.9253,32.6246,9.11225,26.5006,14.0094,22.7842,23.1902,21.9577,36.9373,25.6552,46.6713,37.2197,36.4447,54.3536,18.8732,60.7811,9.99054,54.4235,6.97424,44.4515,6.61101,35.3915,9.87638,42.311,7.42039,64.6398,4.82122,61.946,3.69666,43.547,3.58342,27.8368,4.09323,18.4461,5.11376,13.8915,6.62051,12.9179,8.47112,15.9535,9.97532,26.4821,9.45673,48.9899,6.63497,66.7798,4.3994,57.6816,3.59307,38.9112,3.66284,24.8522,4.30838,16.8817,5.45679,13.3185,7.07722,13.2443,8.94197,17.7158,10.1128,31.158
37.8843,0.985159,0.0309682,7,127,0,-33.4159,1.00241,0.527053,0.0334921,0.0159676,0.434988,0.80609,0.0221031,0.192382,7.21756,7.09934,23.3714,28.2699,0.28232,0.386088,0.291526,0.294649,9.87292,18.196,15.4142,15.4728,25.214,15.5545,38.3675,20.309,43.5561,33.6065,28.7832,49.6665,13.957,50.6188,8.06882,41.2934,6.55306,31.2581,7.19291,23.4727,9.81237,18.2582,15.2976,15.496,25.024,15.5252,38.1727,20.1785,43.6372,33.3288,29.0822,49.5074,14.11,50.7181,8.11749,41.4598,6.55786,31.4007,7.16871,23.5747,6.56508,48.7291,4.43183,63.1509,2.83864,55.7308,2.23718,40.0562,2.22784,27.2882,2.61696,19.3076,3.3794,15.2568,4.534,14.497,5.97693,17.7582,7.10075,28.3114,6.56075,48.7874,4.42624,63.1585,2.83595,55.6928,2.23653,40.0168,2.22837,27.2612,2.61846,19.2923,3.38191,15.2506,4.53752,14.4995,5.98075,17.7742,7.10212,28.3531
36.3765,0.975412,0.0309682,7,127,0,-30.4945,1.8594,0.389689,0.043916,0.0115365,0.228995,1.08773,0.0116251,0.154696,6.88699,10.6423,39.0469,28.4989,0.260167,0.28143,0.275068,0.313117,8.94748,33.9744,13.9765,30.7585,23.7758,30.3026,37.6438,34.4118,43.4633,44.6207,30.5032,55.2579,16.0106,57.1834,9.15194,52.3161,6.8453,45.5303,6.87052,39.1447,8.89268,34.0459,13.8578,30.7932,23.5655,30.2791,37.4227,34.2922,43.5332,44.4139,30.7938,55.1399,16.187,57.2236,9.21988,52.4236,6.8617,45.6446,6.85459,39.2429,10.1064,49.3835,7.53289,65.9584,5.30079,58.9748,4.3827,41.4088,4.38022,27.2319,4.98408,18.8058,6.08333,14.8267,7.61619,14.3452,9.37837,17.9936,10.6607,28.977,10.0512,50.0799,7.45008,66.098,5.25565,58.5015,4.37164,40.9068,4.39032,26.9027,5.00987,18.6308,6.12304,14.7636,7.66704,14.3855,9.42892,18.1909,10.6774,29.4656
33.6614,0.549219,0.0309682,6,63,0,-28.3468,1.76337,0.362228,0.035984,0.0110597,0.225935,1.13544,0.0114552,0.160693,7.12997,10.5303,42.5905,30.9143,0.281667,0.252537,0.241295,0.295351,9.92222,37.3745,16.0222,34.4535,27.1328,35.012,40.934,41.3293,43.2414,54.451,28.1735,65.9377,14.6466,66.6992,8.5735,60.4456,6.55561,52.4524,6.63825,45.0549,8.55683,39.1341,13.1836,35.2428,22.2542,34.268,35.9737,38.0635,44.8451,48.8974,34.8218,62.6275,18.8205,67.608,10.2319,63.2517,7.0191,55.5119,6.4031,47.7374,9.61993,51.7026,7.13739,64.2396,5.22524,54.8042,4.49801,37.9385,4.58472,25.0702,5.22476,17.6003,6.31498,14.2113,7.7802,14.1103,9.40001,18.0418,10.495,29.0907,9.82962,49.3331,7.41453,64.0029,5.37265,56.5395,4.53118,39.6844,4.54527,26.2005,5.13141,18.1961,6.17525,14.4185,7.60544,13.9553,9.22971,17.3404,10.4377,27.3972
34.4971,0.964711,0.0309682,7,127,0,-24.5325,1.4278,0.478752,0.0475747,0.0133517,0.320705,0.877339,0.0152471,0.177474,6.35955,8.24881,26.9729,31.3388,0.257136,0.270916,0.259903,0.30863,8.36451,21.8334,13.4347,18.6124,23.8337,17.7932,40.3836,20.9605,50.3109,31.1641,34.1832,44.2478,15.7227,46.27,8.31077,39.9097,6.24321,32.2271,6.60059,25.7262,9.12795,20.9778,15.1135,18.2067,26.9473,18.0454,43.9452,22.4525,48.9693,34.2142,29.3378,45.8146,13.3949,45.3003,7.58065,38.2456,6.152,30.7093,6.93511,24.56,7.5494,54.9489,5.12293,70.8238,3.34872,61.2813,2.69553,43.0152,2.7134,28.6915,3.18196,20.0115,4.06266,15.7311,5.36188,15.0086,6.95767,18.5902,8.21078,30.1287,7.67445,53.2197,5.28647,70.6028,3.42812,62.4339,2.7144,44.1844,2.69688,29.4713,3.13745,20.4438,3.98995,15.905,5.26191,14.9425,6.84889,18.1588,8.16423,28.9802
26.9504,0.84368,0.0309682,7,127,0,-21.2834,1.62856,0.615844,0.070999,0.0221471,0.254665,0.735399,0.0104351,0.149376,7.84724,8.2503,19.7571,20.2722,0.385005,0.389427,0.38879,0.317841,10.9718,16.8521,18.1096,15.1342,31.9286,15.1286,51.2045,18.0887,57.2112,25.2975,36.5504,32.4104,17.6003,32.9604,9.73126,29.2597,7.30329,24.7167,7.46841,20.657,9.88415,17.4908,15.7669,15.439,27.6626,14.9149,46.4045,16.9508,58.5386,23.1326,42.9072,31.1175,21.1934,33.4082,11.0213,30.3738,7.61978,25.8562,7.22835,21.6157,8.421,34.9328,5.96361,50.0476,3.60123,48.168,2.60601,36.1886,2.46175,25.1307,2.85239,17.8068,3.73895,13.8735,5.17633,12.8508,7.07111,15.3253,8.59693,24.033,7.83306,40.8384,5.05197,51.4634,3.14986,44.6677,2.48926,32.2503,2.53527,22.3449,3.08285,16.1963,4.1422,13.2264,5.75669,13.1904,7.68306,17.2603,8.68804,28.8043
29.9877,0.945169,0.0309682,7,127,0,-21.8794,1.78315,0.66058,0.0713834,0.0185855,0.222144,0.715218,0.0130973,0.161786,7.27437,7.98802,23.0941,21.0895,0.380481,0.403017,0.369982,0.331634,9.15804,20.5522,13.3656,19.0158,20.7174,18.968,29.8849,21.1715,33.4615,25.973,25.7738,30.9528,15.5869,32.3923,9.70362,30.4625,7.34909,27.1988,7.07205,23.8937,8.4679,21.1432,11.9689,19.3028,18.454,18.7969,27.5741,20.3218,33.6246,24.5124,28.5776,29.8713,17.9473,32.4173,10.8404,31.1811,7.73056,28.105,6.98299,24.7335,8.85056,42.0793,5.89284,70.5314,2.97003,68.6425,1.91794,48.9656,1.76646,32.0103,2.10277,21.2835,2.91082,15.5055,4.32769,13.4932,6.44299,15.6386,8.62431,26.1658,8.20686,52.9326,4.65758,73.8804,2.45378,62.3989,1.7985,42.4849,1.83218,27.6875,2.32059,18.8332,3.3177,14.4207,4.9764,13.6614,7.26267,17.8876,8.95713,33.3711
30.9972,0.975667,0.0309682,7,127,0,-24.5487,1.20781,0.481212,0.0486942,0.0135676,0.359872,0.839033,0.0201036,0.169305,6.77341,8.3128,22.8148,40.2159,0.245993,0.273092,0.282388,0.306633,8.3469,18.4735,12.2177,15.7762,19.4842,15.0398,30.1751,17.2281,37.6768,24.1781,30.2446,34.2875,16.6894,38.1144,9.41503,34.1962,6.92671,27.9705,6.84237,22.344,8.59732,18.149,12.7349,15.6161,20.3673,15.0971,31.2047,17.6473,37.706,25.0949,28.9159,35.0486,15.7121,37.9924,9.0323,33.6429,6.83651,27.3972,6.92667,21.8861,6.62682,63.3592,4.26184,68.167,2.98773,53.5235,2.62892,36.8555,2.81161,25.0854,3.40718,18.2481,4.41069,15.1945,5.81788,15.5274,7.42002,20.595,8.36801,34.5385,7.25632,57.9517,4.80617,69.489,3.21458,58.1727,2.6609,40.8791,2.72111,27.6721,3.21082,19.6466,4.10451,15.6787,5.41131,15.0772,7.00826,18.6123,8.26585,29.6968
33.503,0.993595,0.0309682,7,127,0,-24.8478,0.997532,0.556079,0.0346554,0.0170624,0.443455,0.792415,0.0210171,0.188626,7.0898,6.97763,20.8978,25.4983,0.254659,0.338073,0.316192,0.406943,10.2139,16.0151,16.7119,13.5379,28.4801,13.8237,44.572,19.096,49.4679,34.4135,29.1207,51.6738,12.8249,50.2704,7.30154,39.3952,6.09639,28.9752,6.97847,21.2672,9.95165,16.2365,16.1979,13.6165,27.6147,13.7046,43.6692,18.5559,49.9813,33.2075,30.5057,51.1161,13.4106,50.773,7.46762,40.0743,6.10218,29.5219,6.87417,21.6461,6.81653,43.9047,4.78141,60.2464,3.01089,55.8993,2.2874,41.1534,2.21967,28.2818,2.57996,20.0126,3.33338,15.7254,4.50131,14.8103,5.9777,17.9757,7.11468,28.4061,6.5089,48.2086,4.34175,61.0693,2.79237,53.2073,2.23249,38.2331,2.26065,26.2559,2.69902,18.8623,3.53455,15.2742,4.78227,15.0591,6.27061,19.335,7.17692,31.7665
34.2002,0.935134,0.0309682,7,127,0,-25.0602,0.918601,0.63158,0.0274462,0.0187509,0.481959,0.641732,0.0243546,0.142853,7.7516,8.71476,25.4631,40.1474,0.287717,0.310231,0.300336,0.362441,10.5452,19.558,16.194,16.6099,25.8275,16.9634,38.1409,22.8434,42.0778,38.8403,27.4829,57.3614,13.6427,57.32,8.24522,45.6411,6.98824,33.7493,7.89135,24.8871,10.8699,19.2214,16.7948,16.5055,26.7564,17.1754,38.9894,23.6783,41.5193,40.5101,26.0819,58.1331,12.9692,56.6136,8.04054,44.6361,6.99018,32.9335,8.04342,24.331,6.14789,62.8677,3.3752,64.1474,2.16885,49.4098,1.86858,34.4532,2.04845,23.8763,2.62954,17.4663,3.68701,14.3436,5.32968,14.2726,7.43086,18.6507,8.85245,32.0986,7.33134,55.9506,4.19075,66.61,2.46195,55.3214,1.90964,39.4232,1.93758,27.1726,2.37035,19.3645,3.24183,15.1307,4.66538,13.9095,6.65479,16.3466,8.56337,25.7767
33.8992,0.992666,0.0309682,7,127,0,-27.2556,0.982604,0.456605,0.0229772,0.0135173,0.486401,0.9778,0.0237236,0.174888,7.33251,9.18042,37.352,25.1178,0.341709,0.314631,0.281788,0.269054,9.3366,27.8611,14.096,22.4688,22.9919,21.2442,36.1826,26.2153,44.799,43.3302,32.4796,69.3637,15.7706,74.2097,8.86056,60.1733,7.15161,44.4524,7.95388,32.5576,11.0609,24.9513,17.4928,21.3522,28.5631,22.4545,41.7693,31.9598,41.8757,55.5247,23.8251,75.1874,11.6888,68.9234,7.69303,52.7877,7.25037,38.5642,9.02452,28.6342,8.96745,48.1737,6.22804,69.7474,3.91157,62.2086,3.04701,42.2863,3.03874,26.8336,3.5692,17.8621,4.57531,13.6,6.06288,12.8801,7.90214,16.3904,9.34667,28.3287,8.5891,53.4809,5.67937,70.5723,3.65662,58.6308,2.99521,38.8748,3.10103,24.7087,3.72104,16.76,4.81725,13.2072,6.38979,13.15,8.24328,17.7768,9.43256,32.0837
24.4238,0.890234,0.0309682,7,127,0,-19.1116,0.949785,0.487215,0.0416256,0.0141142,0.451383,0.903262,0.025512,0.125304,8.19628,12.2427,21.2087,27.9704,0.478718,0.612295,0.422146,0.252728,9.64402,16.8901,13.1056,14.3067,19.0731,13.6557,27.1031,15.6398,32.7572,21.6689,28.4085,30.8503,17.9385,35.4584,11.0891,32.3403,8.44926,26.2438,8.27566,20.599,9.94623,16.4836,13.6856,14.1183,19.9693,13.7328,28.0663,16.1243,32.8621,22.7039,27.2152,31.8288,16.8337,35.4242,10.5882,31.6634,8.32042,25.501,8.38098,20.0125,11.4627,52.2589,7.6056,70.6657,4.76964,60.778,3.77801,41.4718,3.82665,26.845,4.55862,18.2765,5.92722,14.1889,7.96113,13.6334,10.4739,17.5005,12.3558,30.1854,11.0942,55.543,7.15462,70.845,4.57187,58.5119,3.74062,39.3855,3.8808,25.5307,4.68789,17.583,6.13512,13.9411,8.2451,13.8169,10.7704,18.4176,12.4213,32.6195
28.8064,0.998359,0.0309682,7,127,0,-20.2037,0.774172,0.403394,0.0283198,0.0128079,0.528962,0.978143,0.0289933,0.10515,7.80033,14.0415,16.1433,32.0711,0.323419,0.505415,0.388126,0.294443,11.3428,12.4849,17.7074,11.1178,27.7019,12.5441,38.8912,19.5359,38.7603,37.2501,22.2346,53.8771,10.6506,49.8834,6.6952,37.3575,5.93943,26.3062,6.87354,18.5957,9.47789,13.8236,14.4495,11.4425,22.8039,11.4647,34.2578,15.3909,41.3581,27.9555,30.2289,48.6269,14.547,53.7673,7.87651,43.0783,6.02843,30.8373,6.27013,21.6327,12.4532,49.8087,9.14436,58.398,6.74913,49.937,5.83037,35.9802,5.93617,24.9328,6.77079,18.181,8.22446,14.9611,10.2104,14.7695,12.4296,18.2707,13.9609,27.8628,13.1919,44.8236,10.0784,57.8726,7.2647,53.4924,5.96732,39.8326,5.824,27.6159,6.46833,19.6979,7.7529,15.5607,9.60308,14.5067,11.8133,16.796,13.6871,24.3376
35.6476,0.986514,0.0309682,7,255,0,-21.23,1.22608,0.621284,0.0300516,0.0181735,0.340957,0.724797,0.0171596,0.191241,6.92064,7.3269,32.2307,24.1322,0.362147,0.262369,0.25988,0.30307,9.84157,26.3706,16.0265,23.2725,27.2309,23.7949,41.8426,30.6379,45.172,47.4681,27.9003,64.1523,13.3137,63.9732,7.63496,53.9685,6.07804,43.0094,6.55156,33.9999,8.91625,27.5214,14.1676,23.7307,24.0737,23.2442,38.5722,28.202,46.5621,42.6843,32.6596,61.4972,15.7873,65.3845,8.46573,56.6301,6.22854,45.478,6.28401,35.9126,7.17248,49.396,4.23907,72.3257,2.2183,63.0948,1.57265,43.2991,1.54532,28.0695,1.89399,18.7854,2.63345,13.9324,3.87539,12.4637,5.6674,14.9244,7.43621,25.6266,6.98565,52.1911,3.98837,72.7171,2.12152,61.4075,1.552,41.7155,1.5617,27.039,1.94182,18.2064,2.72016,13.6753,4.01143,12.4956,5.8413,15.4227,7.52842,27.2595
31.9797,0.855586,0.0309682,7,127,0,-27.1728,0.90964,0.370286,0.0453263,0.0103988,0.486402,1.10958,0.0264709,0.175203,7.5992,9.93318,16.5042,33.8762,0.265699,0.40373,0.366578,0.296431,9.79914,12.718,14.4071,10.705,22.2549,10.6109,32.5106,13.4563,37.4396,21.4525,27.3556,31.9987,14.6416,33.8376,8.82898,28.0132,7.21674,21.1685,7.80583,15.8136,10.3206,12.3014,15.3705,10.5564,23.7305,10.8086,33.9248,14.2808,36.8749,23.1311,25.1153,33.0217,13.3485,33.2474,8.39179,26.9384,7.18546,20.2421,8.05495,15.1657,8.86927,60.1677,6.21278,74.5939,4.37354,60.9076,3.75097,40.3448,3.87695,25.7298,4.50395,17.5621,5.55616,13.894,6.99215,13.6825,8.6408,17.7371,9.85917,30.0103,9.26954,54.8178,6.7197,74.265,4.62071,64.8337,3.80078,44.0073,3.80909,28.0008,4.34814,18.7376,5.32049,14.3232,6.68824,13.4493,8.32433,16.4885,9.71512,26.6851
33.1143,0.993278,0.0309682,7,127,0,-27.9916,1.05598,0.406456,0.0291894,0.0133867,0.383602,1.08332,0.0196323,0.161808,6.76216,10.3633,26.3233,24.6678,0.331064,0.360332,0.256207,0.245774,9.80226,21.0218,15.973,18.3285,26.9433,18.8652,41.5392,25.1735,46.0807,42.0051,28.6852,60.9326,13.1981,61.4565,7.30917,50.6674,5.69445,39.0613,6.03344,29.7866,8.05223,23.2338,12.5255,19.2766,21.0259,18.1117,34.5525,21.1469,46.6559,32.4995,38.6253,53.3482,19.1326,63.5658,9.31235,56.3468,6.14956,44.4012,5.67439,33.877,9.88757,44.5913,7.17485,60.8842,4.89122,53.6283,4.01185,36.7134,4.04878,23.6299,4.68519,16.0979,5.82492,12.6687,7.41898,12.4516,9.24683,16.233,10.4737,27.5871,9.49464,48.7936,6.64705,61.2744,4.63403,50.6024,3.96334,33.8478,4.12624,21.8514,4.85956,15.1953,6.08857,12.3908,7.75308,12.7885,9.56095,17.6077,10.5035,30.9177
26.1789,0.935866,0.0309682,7,127,0,-20.082,1.1089,0.204424,0.033031,0.00641835,0.390708,1.82731,0.0228978,0.158154,7.16956,14.5492,29.3672,41.1388,0.31134,0.420239,0.292017,0.395702,9.08147,23.8451,13.2758,20.7317,20.5478,20.5312,29.9406,24.7594,34.1116,35.6316,25.3843,48.6207,14.2503,51.3307,8.71431,44.7302,6.96418,36.0337,7.297,28.6082,9.43621,23.3545,13.9523,20.5419,21.5947,20.7514,30.9192,25.657,33.7368,37.2698,23.9114,49.6128,13.3214,50.8836,8.36469,43.7258,6.91137,35.0748,7.44796,27.8792,12.8937,59.0548,10.6403,60.8417,9.21384,46.3359,8.84732,30.713,9.23767,20.4806,10.1303,15.1548,11.362,13.29,12.7753,14.4017,14.0964,19.472,14.7657,31.1188,14.001,49.793,11.8713,62.5671,9.87283,55.5298,8.93851,38.9646,8.94342,25.5145,9.57885,17.6356,10.6378,13.9672,11.9721,13.3926,13.3915,16.0189,14.5172,23.5963
28.2659,0.960086,0.0309682,7,127,0,-19.0386,1.0619,0.286118,0.0341935,0.00848169,0.38115,1.60217,0.0179051,0.193294,7.97704,11.4864,22.444,22.5646,0.334507,0.439769,0.313977,0.242226,11.5879,18.1915,18.7428,16.1954,30.9829,17.1288,45.7897,23.3446,47.4077,38.0837,28.4341,51.9835,13.6255,50.8579,8.02083,41.7797,6.5532,32.3903,7.15601,24.948,9.69835,19.7508,15.1208,16.757,25.0682,16.273,39.7496,19.7714,49.7576,30.77,37.5626,47.5169,18.557,53.0004,9.6865,45.998,6.87173,36.2419,6.68039,27.8693,11.6542,44.0334,9.46064,70.5212,6.8376,67.4732,5.65153,44.3966,5.61375,26.2021,6.26693,16.4936,7.40413,12.3694,8.91104,12.0008,10.5797,15.9117,11.7768,28.2843,11.1354,54.3644,8.43725,73.7101,6.25613,59.9466,5.53785,37.0122,5.77708,21.9985,6.6139,14.5608,7.89299,11.8452,9.49199,12.7596,11.1051,18.9011,11.8398,35.893
30.5786,0.905794,0.0309682,7,127,0,-22.5755,0.962145,0.257293,0.0429464,0.0082581,0.470794,1.45172,0.0256882,0.17423,6.65823,10.6341,19.3072,35.7566,0.3194,0.367901,0.31475,0.307581,8.48035,14.5845,12.6629,11.8768,20.3429,11.2348,31.6809,13.6163,39.8156,21.8023,30.6747,35.0414,15.5185,39.0823,8.52846,32.721,6.53419,24.6321,6.86909,18.2008,9.0924,13.8911,13.8709,11.5734,22.361,11.4086,33.9999,14.6633,39.5994,24.3233,27.3016,37.0012,13.5011,38.3226,7.86516,31.0709,6.4511,23.1884,7.15122,17.1794,9.64301,49.7724,8.0316,54.3912,6.8203,45.9625,6.35522,33.5686,6.50112,23.9121,7.08485,18.1896,7.98124,15.7666,9.06273,16.2725,10.108,20.3031,10.6903,29.4245,10.252,43.4737,8.80283,54.0312,7.30566,51.1223,6.48809,39.3674,6.36781,28.0048,6.76134,20.4533,7.52305,16.5488,8.53577,15.6559,9.63652,17.8617,10.5079,24.3503
31.3127,0.879931,0.0309682,7,127,0,-19.646,0.901964,0.270352,0.0323275,0.00840421,0.486827,1.51165,0.0262798,0.215686,7.71441,9.61944,20.8309,30.1744,0.354926,0.288703,0.292511,0.301558,10.5215,16.1899,16.0226,14.0034,25.0771,14.6521,35.8625,20.1205,37.8355,33.7764,24.2493,47.8256,12.4503,46.7339,7.85759,37.0808,6.85473,27.5051,7.84198,20.4245,10.8058,15.9583,16.5337,13.9458,25.8322,14.8394,36.4704,20.7818,37.2872,34.9764,23.1716,48.2823,11.9398,46.1946,7.70289,36.3576,6.86536,26.9232,7.97885,20.031,8.99606,51.0135,7.14347,64.757,5.57426,55.3875,4.94887,37.4079,5.03376,23.9673,5.58497,16.498,6.47359,13.2869,7.60258,13.3289,8.79119,17.2523,9.58578,27.9878,9.17413,48.0313,7.40947,64.257,5.7296,57.6108,4.9846,39.6892,4.99133,25.3949,5.48921,17.2169,6.33784,13.5212,7.4417,13.132,8.64021,16.4195,9.52973,25.9936
33.7628,0.934577,0.0309682,7,127,0,-22.367,0.987245,0.431963,0.0224725,0.0128196,0.414119,0.971117,0.0214942,0.214376,7.60888,7.22492,34.8422,28.1787,0.271444,0.343785,0.264539,0.378896,10.1677,27.7698,15.3487,24.0074,24.1973,24.098,35.7767,30.3221,41.1815,46.9851,29.8745,68.3522,15.7465,72.8851,9.1267,62.2053,7.05929,48.6662,7.24654,37.3897,9.23995,29.3997,13.5858,24.7068,21.3491,23.6033,32.5941,27.741,41.2072,41.2032,34.2637,63.3222,18.9214,73.7535,10.3445,65.8501,7.3524,52.2944,7.0174,40.194,6.81561,49.7793,4.86821,66.729,3.26729,59.3364,2.63208,41.6838,2.6186,27.4764,3.01253,18.9035,3.75587,14.6961,4.83344,13.8947,6.13842,17.0263,7.19276,27.2527,6.89419,48.3566,4.98903,66.3982,3.33151,60.2542,2.64879,42.6777,2.60712,28.1412,2.97989,19.2686,3.70323,14.8436,4.76251,13.8484,6.06183,16.6961,7.1559,26.3687
31.7988,0.947039,0.0309682,7,127,0,-24.6272,0.971614,0.713577,0.0247278,0.0221513,0.435303,0.633602,0.022189,0.17809,7.32062,6.32399,31.9462,20.1073,0.277773,0.420908,0.324577,0.382749,9.6469,24.8563,14.5673,20.9176,23.273,20.4337,35.4581,25.2902,42.8606,39.9702,32.1162,61.3954,16.5068,67.284,9.20674,57.1265,6.98342,43.9772,7.15508,33.1742,9.19763,25.6407,13.6944,21.2705,21.8225,20.2525,33.7458,24.1616,42.7583,37.2403,34.4749,58.8884,18.1685,67.7563,9.81118,58.9144,7.11595,45.6939,7.02325,34.465,7.0731,36.445,4.96929,58.5128,2.61179,59.7318,1.64533,45.5595,1.43904,31.5844,1.6373,21.9288,2.20333,16.2844,3.23745,13.9172,4.83269,15.031,6.6333,22.2537,6.8773,41.0464,4.41234,60.8544,2.33018,57.5132,1.56337,42.5724,1.45001,29.3513,1.71679,20.5434,2.36373,15.5797,3.50416,13.8264,5.19618,15.8094,6.88673,24.8722
32.8019,0.996803,0.0309682,7,127,0,-27.088,0.958191,1.04019,0.0233704,0.0339505,0.465684,0.425875,0.0229775,0.109004,7.28134,9.59486,33.158,31.9793,0.332673,0.260287,0.339272,0.287859,9.67097,25.1812,14.8317,20.8088,24.1341,20.252,37.3797,25.6754,45.0589,42.7919,31.9986,67.4985,15.5378,71.8478,8.68128,58.7109,6.86152,43.7983,7.41123,32.2712,10.0088,24.6363,15.4883,20.5869,25.2216,20.4401,38.5827,26.6476,44.7791,45.0646,30.1886,69.049,14.5599,71.0646,8.3721,57.2823,6.82956,42.5823,7.55745,31.4173,6.4179,52.0732,2.78141,54.8546,1.43815,44.4482,1.09575,33.1616,1.17588,24.4411,1.61679,18.5197,2.60237,15.1278,4.49924,14.4048,7.47747,17.9412,9.60985,30.6155,6.7458,51.0187,2.94816,55.2941,1.48773,45.2871,1.10329,33.8814,1.15936,24.9586,1.57139,18.8502,2.50842,15.285,4.32825,14.349,7.25057,17.4729,9.5943,29.3099
32.5668,0.958387,0.0309682,7,127,0,-26.4196,1.21856,0.554351,0.0487797,0.0156455,0.357488,0.826114,0.0183012,0.245468,7.06665,6.18449,21.6009,24.6944,0.274998,0.393432,0.299353,0.390408,9.27485,17.4862,14.2779,15.0913,23.5291,14.8082,36.4903,17.9048,42.8002,26.5125,30.2291,37.0203,15.4048,38.841,8.78486,33.5515,6.8049,26.9427,7.13005,21.3457,9.45561,17.3171,14.6435,15.0183,24.1448,14.8692,37.1399,18.2029,42.6014,27.1061,29.3026,37.3841,14.8735,38.6782,8.59895,33.2057,6.77378,26.6166,7.19866,21.0949,6.08092,51.4046,3.74805,76.575,2.05514,66.305,1.50982,44.2503,1.51022,27.8431,1.8467,18.2844,2.51859,13.575,3.59247,12.4698,5.05501,15.6847,6.35359,28.3217,5.73911,57.974,3.30826,77.1494,1.88499,62.0764,1.47874,40.5135,1.55049,25.5357,1.94794,17.0616,2.69147,13.0964,3.84787,12.6792,5.3529,17.1042,6.44954,32.6877
32.4881,0.954349,0.0309682,7,127,0,-25.4839,1.07032,0.595407,0.0320044,0.0178163,0.376684,0.695422,0.0199471,0.133065,7.37277,8.91253,25.5581,32.0079,0.33438,0.252265,0.332668,0.237196,10.2966,20.8364,16.111,18.4947,25.9697,19.1717,38.0608,24.965,40.8787,38.7694,26.7571,53.1054,13.5917,53.7294,8.03884,45.3077,6.42335,35.7595,6.80106,27.9178,8.92926,22.3363,13.509,19.0731,21.7809,18.476,33.7327,21.9741,41.9858,32.6962,33.0952,48.8941,17.5077,55.128,9.4711,48.889,6.74075,39.2098,6.46618,30.5986,7.80753,50.0012,5.20634,59.3281,3.44395,51.8718,2.78477,38.7923,2.80361,27.9005,3.31339,20.8014,4.30678,17.1326,5.80972,16.663,7.63821,20.3232,8.89049,30.9174,7.9665,48.7619,5.37939,59.291,3.52704,52.7304,2.80532,39.6919,2.78527,28.5476,3.26181,21.1851,4.21954,17.2889,5.68781,16.5812,7.51083,19.8781,8.85656,29.8719
35.8028,0.957528,0.0309682,7,255,0,-26.0304,1.18364,0.491092,0.0431123,0.0140762,0.363265,0.89529,0.0180487,0.153588,6.83324,9.5411,22.8278,28.905,0.305803,0.269742,0.33343,0.243193,9.26102,18.2932,14.6446,15.6951,24.6957,15.4394,39.0838,19.0419,46.1927,29.3846,31.5841,42.2981,15.2511,44.2243,8.40646,37.6581,6.42855,29.8044,6.72957,23.2747,8.97576,18.5881,14.0622,15.8273,23.6833,15.3486,37.9257,18.5401,46.4143,28.2875,33.2114,41.5508,16.1732,44.5093,8.71909,38.2963,6.48787,30.4023,6.63789,23.7338,8.98781,50.8485,6.22585,67.5317,4.05844,59.6127,3.24135,42.0702,3.25476,28.0725,3.82465,19.6222,4.90072,15.5628,6.47988,15.1423,8.36583,19.3295,9.64869,32.0771,8.58447,55.1832,5.72924,67.803,3.82682,56.5819,3.19491,39.1423,3.31948,26.1691,3.98049,18.6052,5.14864,15.2204,6.80907,15.4867,8.68579,20.8244,9.67438,35.6639
34.4282,0.757176,0.0309682,7,127,0,-24.2344,1.19305,0.594498,0.0333944,0.0177759,0.377964,0.764638,0.0179778,0.132926,6.59318,10.5241,28.2633,25.6563,0.268803,0.306287,0.32697,0.303687,9.41797,22.2798,15.7075,19.0066,27.744,19.0534,44.8456,25.0325,49.9767,41.8948,29.1198,59.6072,12.7748,58.271,7.16882,47.2912,5.88565,36.2995,6.70789,27.7779,9.70907,21.9742,16.3086,18.8919,28.7938,19.2204,45.8943,25.7779,49.2106,43.363,27.5871,60.1359,12.1541,57.6728,6.99176,46.5031,5.8824,35.6432,6.8319,27.3048,10.0006,49.0485,6.18845,67.6763,3.5356,58.6417,2.65467,40.6342,2.66604,26.7467,3.25942,18.3469,4.44837,14.1526,6.3433,13.387,8.84784,17.0378,10.7764,29.8322,9.25962,55.2753,5.37363,67.7161,3.2151,54.5031,2.59749,36.9121,2.75408,24.3602,3.47729,17.0508,4.81998,13.6737,6.88316,13.7442,9.42967,18.9057,10.8283,34.8541
32.7305,0.99954,0.0309682,7,127,0,-28.2632,1.54794,0.541365,0.0733967,0.0158211,0.262966,0.811428,0.012777,0.194248,7.02527,7.46722,18.9328,29.9308,0.383225,0.38923,0.329395,0.288758,9.18295,16.1045,14.2375,14.3223,23.9559,13.971,38.2683,15.945,46.6539,21.4478,34.9143,28.2997,18.3586,30.3626,10.0504,27.7614,7.12775,23.7292,6.78353,19.8963,8.33708,16.8109,12.4126,14.7057,20.63,13.8864,34.0498,15.0685,46.0523,19.5233,39.8956,26.6196,22.2952,30.3978,11.6723,28.7614,7.62236,24.8947,6.68728,20.9217,6.638,54.7193,4.12302,69.2141,2.54211,57.4436,2.03758,39.3245,2.10586,25.9401,2.57163,18.0382,3.43855,14.266,4.74934,13.9366,6.37993,18.2146,7.5053,31.8394,6.42212,57.1783,3.90982,69.0051,2.45719,55.6713,2.0242,37.7794,2.13414,24.9624,2.63674,17.516,3.54499,14.0845,4.8975,14.1056,6.53324,19.0067,7.52091,33.8868
31.3584,0.928953,0.0309682,7,127,0,-21.1523,1.38518,0.434963,0.0751061,0.0133271,0.306246,0.99702,0.0142484,0.199982,7.33434,7.74491,16.2993,25.5976,0.210019,0.311926,0.313778,0.352993,9.6299,13.503,14.9925,11.7923,25.2589,11.4856,40.3042,13.454,48.6681,19.0641,35.1791,26.0765,17.8666,27.7364,9.82382,24.6407,7.23141,20.4004,7.23315,16.609,9.3104,13.7198,14.3175,11.8996,24.057,11.4376,38.8805,13.1352,48.7639,18.3885,37.0414,25.5764,19.0722,27.848,10.2718,25.0172,7.34081,20.788,7.14899,16.9266,7.55074,45.0896,5.57956,62.9002,3.75682,58.0315,2.98589,41.3795,2.93569,27.3495,3.35366,18.7975,4.16408,14.615,5.34076,13.8707,6.7487,17.1229,7.82665,27.5206,7.3715,48.0728,5.29244,63.6357,3.60192,56.1026,2.94664,39.2741,2.96617,25.9478,3.43685,18.0402,4.29647,14.3322,5.51553,14.0301,6.92661,17.9628,7.88176,29.6408
32.4856,0.991944,0.0309682,7,127,0,-25.0489,1.79687,0.65833,0.0497385,0.0207679,0.229708,0.652875,0.0108919,0.159343,6.32298,7.50664,32.084,28.5127,0.454938,0.285547,0.317004,0.269589,8.6919,27.6121,14.356,24.7808,25.8341,24.356,43.2155,28.1292,51.3472,38.2071,34.3943,49.2159,16.4339,51.0839,8.6837,46.2217,6.17441,39.7159,6.02504,33.6777,7.72699,28.7935,12.1878,25.4213,21.6548,24.1512,37.868,26.405,51.5355,34.5951,41.0138,46.6274,20.5999,51.5274,10.2226,48.0083,6.60618,41.66,5.88304,35.3758,6.6333,47.5119,4.12579,58.3215,2.51353,50.6284,1.9504,37.2346,1.96032,26.3141,2.3743,19.2471,3.21277,15.5406,4.54873,14.9115,6.27707,18.3465,7.52593,29.1954,6.53694,48.3369,4.02793,58.3131,2.47161,50.0693,1.94117,36.6844,1.97021,25.9288,2.40136,19.0208,3.26007,15.4483,4.61801,14.9618,6.35231,18.6302,7.54057,29.8978
29.0575,0.975326,0.0309682,7,127,0,-19.4709,1.61607,0.652037,0.0449087,0.0197897,0.268151,0.627618,0.0130018,0.200407,6.38017,5.58021,32.2029,31.709,0.342058,0.424236,0.228037,0.298877,8.53987,27.0691,13.8154,23.8344,24.4725,23.2142,40.7369,27.0464,48.9838,37.9197,33.1597,50.4351,15.8542,52.4468,8.50251,46.6062,6.24818,39.0986,6.34754,32.388,8.43555,27.2015,13.5849,23.9008,24.0418,23.1803,40.2284,26.8314,49.1009,37.489,33.8256,50.175,16.2218,52.5436,8.63014,46.8326,6.2762,39.325,6.3167,32.5746,4.81217,49.3947,3.09417,58.1804,1.98068,50.9132,1.56984,38.453,1.57032,27.9685,1.86776,20.9718,2.46967,17.1968,3.41558,16.4612,4.62436,19.6302,5.53956,29.4194,5.039,46.734,3.34079,58.0294,2.09764,52.6594,1.60091,40.3313,1.54993,29.3573,1.80321,21.8272,2.3554,17.5826,3.24783,16.3604,4.43488,18.8021,5.4628,27.3449
28.4672,0.997486,0.0309682,7,127,0,-23.5334,1.53069,0.615863,0.0389443,0.0176775,0.273247,0.680744,0.0147477,0.231961,6.28943,5.87637,34.3922,37.4883,0.314795,0.418395,0.220818,0.310433,8.49334,29.106,13.5436,25.9374,23.17,25.7038,36.6796,30.378,42.1369,42.2593,28.6364,55.066,14.3723,56.9596,8.04488,50.7384,6.02945,42.6848,6.11326,35.4476,7.96966,29.8504,12.4348,26.2926,21.2002,25.4751,34.4771,29.1336,42.6155,39.8544,31.5606,53.526,16.1384,57.4214,8.69907,52.0187,6.18911,44.0047,5.98365,36.5491,4.37618,64.9922,2.33393,70.3348,1.42117,54.0037,1.18773,36.6885,1.28926,24.626,1.65574,17.4494,2.33368,13.9353,3.4035,13.6125,4.81645,17.8128,5.86985,31.8219,4.9125,59.0894,2.72317,71.9656,1.55615,58.5316,1.2064,40.41,1.24085,27.0211,1.5425,18.7947,2.13841,14.4882,3.10919,13.3729,4.4655,16.2016,5.73602,27.1211
25.6574,0.917446,0.0309682,7,127,0,-15.7275,0.918499,0.350488,0.0388537,0.0103284,0.480937,1.26472,0.0212158,0.140004,7.62566,12.4838,17.4095,23.8402,0.280709,0.277261,0.439992,0.352996,10.6585,13.0077,16.9586,10.7005,28.3319,10.584,44.6716,14.1313,53.4514,25.6659,35.1556,42.2568,15.645,43.662,8.51136,34.3545,6.79665,24.8435,7.49972,17.8105,10.3535,13.2485,16.3656,10.7979,27.3257,10.502,43.4868,13.6824,53.6641,24.4976,36.9675,41.4123,16.5443,44.0973,8.77577,35.0888,6.82489,25.4446,7.38415,18.2242,12.8209,40.6003,10.7041,61.0283,7.85098,62.6162,6.29641,46.7607,6.01268,30.8795,6.56808,20.8625,7.73991,15.9327,9.40242,14.8617,11.3197,17.89,12.8,27.6599,12.4425,47.1015,9.80862,64.1745,7.23633,58.874,6.10432,41.6119,6.10219,27.322,6.85373,18.9619,8.18277,15.2446,9.95639,15.26,11.8496,19.8683,12.9552,32.4086
30.1556,0.995229,0.0309682,7,127,0,-18.0367,0.801966,0.47939,0.038498,0.0141759,0.488599,0.930174,0.0284405,0.132016,7.29325,11.2897,13.2378,25.1502,0.2977,0.317382,0.310352,0.289434,10.3767,10.3909,15.9541,9.20466,24.7759,9.99981,35.1018,14.4237,37.0815,25.6475,23.6328,38.1217,11.6974,37.882,7.00894,29.9533,5.78713,21.9296,6.27198,15.9166,8.22876,11.9549,12.1482,9.74436,18.9133,9.22579,28.8154,11.0921,37.6686,17.7734,33.1812,31.2023,18.1029,39.6345,9.28799,35.2125,6.28165,26.7232,5.80393,19.3891,11.2085,45.4265,8.09566,65.3822,5.19192,60.841,3.99708,43.3241,3.90554,28.5344,4.51621,19.4919,5.73729,15.028,7.56528,14.1738,9.81841,17.5802,11.555,28.8788,10.6686,51.3797,7.2562,66.6827,4.76854,56.9924,3.89737,39.2887,3.99424,25.88,4.75226,18.0642,6.11955,14.5068,8.08087,14.5241,10.3433,19.3459,11.6634,33.3593
26.3354,0.98448,0.0309682,7,255,0,-18.7813,1.43111,0.864559,0.0996736,0.0273542,0.316579,0.531201,0.013252,0.134127,6.88424,9.65683,12.1476,28.6455,0.322426,0.422281,0.537795,0.308203,9.69376,9.84827,16.4029,8.48129,30.0639,8.32875,50.8529,10.3402,58.7825,16.1331,34.9194,22.2986,15.1209,22.2253,8.13355,18.7219,6.37232,14.9665,7.03861,11.8911,10.1256,9.67618,17.3492,8.40657,31.8219,8.40306,52.7366,10.7106,57.6065,16.8467,32.3427,22.5739,14.0509,21.9659,7.81761,18.3499,6.34549,14.6394,7.2137,11.6424,7.26724,56.0667,3.07994,64.2176,1.49925,50.2111,1.1194,34.9334,1.2007,23.9011,1.64411,16.9284,2.60405,13.1364,4.40138,12.2136,7.24819,15.5258,9.67429,29.1879,7.14759,56.6685,3.01351,64.0251,1.48086,49.805,1.11702,34.6085,1.207,23.6854,1.66044,16.8004,2.63654,13.0786,4.45895,12.2324,7.32634,15.6965,9.68822,29.7419
32.199,0.962575,0.0309682,7,255,0,-21.1668,0.829701,0.697269,0.0214371,0.0226594,0.549558,0.631986,0.026763,0.203372,7.36891,5.58824,31.9362,24.3489,0.323446,0.24198,0.245076,0.335091,9.45258,22.9792,14.053,18.0441,22.3351,16.7869,34.7095,20.6431,44.884,35.3443,35.9626,63.4438,17.7894,74.0932,9.44798,60.3333,7.17836,43.1518,7.56419,30.2018,9.99307,21.9416,15.0944,17.5898,24.0674,16.9785,36.8375,22.0319,45.1067,39.2455,32.8195,67.3165,15.7899,72.9097,8.81717,57.4626,7.09927,40.7512,7.80925,28.5885,5.42254,41.1247,3.55834,55.1196,2.08199,51.0785,1.50774,38.6603,1.43894,27.5551,1.69676,20.0429,2.2817,15.8692,3.2594,14.7132,4.59462,17.3138,5.70495,26.6069,5.1755,44.3983,3.233,55.6724,1.93113,49.1507,1.4683,36.5359,1.46148,26.0069,1.77227,19.1053,2.41974,15.4553,3.46849,14.8449,4.83222,18.3114,5.7698,29.1673
29.1619,0.811441,0.0309682,7,127,0,-21.4351,0.844005,0.566124,0.0443843,0.0176605,0.520889,0.700355,0.0293528,0.139131,7.25261,8.58875,15.2014,30.1867,0.383537,0.432227,0.479767,0.31068,9.39592,11.475,13.8004,9.51802,21.2606,9.38161,31.1858,12.0091,36.6417,19.8329,27.2703,31.1474,14.3917,33.6111,8.49169,27.5181,6.85469,20.3368,7.36074,14.8186,9.66538,11.247,14.2954,9.43239,22.0272,9.47132,31.9794,12.422,36.4688,20.7659,26.0418,31.8328,13.6439,33.306,8.23864,26.8946,6.82809,19.8023,7.48086,14.4495,7.63729,47.6781,5.16963,57.8319,3.40599,51.3982,2.70586,38.6534,2.66596,27.7157,3.08603,20.4264,3.94268,16.4476,5.26486,15.4091,6.95651,17.8564,8.40652,26.0614,8.18464,42.1934,5.92104,56.6088,3.81199,54.6067,2.83246,42.5425,2.62489,30.6618,2.9134,22.2618,3.63444,17.3383,4.81471,15.4074,6.42443,16.6496,8.06591,22.7539
27.5805,0.975252,0.0309682,7,255,0,-18.5757,1.08199,1.04712,0.053846,0.0295856,0.415345,0.478392,0.0239269,0.108734,6.66957,9.77224,17.7301,21.473,0.244996,0.310256,0.476721,0.360818,8.44085,13.9693,12.5399,11.7858,20.0058,11.3966,30.4949,13.7298,36.4938,20.6756,27.1775,30.0655,14.3442,32.2452,8.31982,27.581,6.53791,21.6283,6.91605,16.711,9.15645,13.3148,13.9487,11.5164,22.2919,11.64,32.8126,14.8757,35.7122,22.9742,23.7461,31.4606,12.3598,31.5238,7.63839,26.1676,6.46499,20.3519,7.26046,15.7765,11.1058,44.1568,5.54895,69.3237,2.10795,62.8496,1.19882,46.0812,1.08499,32.1981,1.38577,22.7398,2.21087,17.0326,3.97744,14.613,7.26055,16.4335,11.1269,28.0489,9.254,57.1296,3.67338,69.7783,1.58102,56.1384,1.09549,39.953,1.15719,27.8875,1.63826,20.0332,2.77523,15.6592,5.09565,14.6862,8.96036,19.3259,11.4773,38.1302
27.0819,0.897095,0.0309682,4,31,0,-22.5896,1.08962,1.01618,0.0557308,0.0305534,0.421222,0.473293,0.0239245,0.10739,6.68227,10.1986,17.3119,21.1462,0.240199,0.312374,0.479165,0.364655,8.46508,13.5641,12.6494,11.3926,20.3407,11.0059,31.1999,13.3444,37.1932,20.35,27.1023,29.6456,14.0503,31.4191,8.17603,26.5743,6.53171,20.6803,7.05389,15.9083,9.52585,12.674,14.7393,11.0446,23.7139,11.3924,34.445,15.0471,35.583,23.6209,22.1474,31.3224,11.4199,30.2224,7.32114,24.5865,6.50162,18.9511,7.62833,14.6729,10.9506,43.898,5.25642,66.2122,2.03363,58.9854,1.18042,43.1982,1.07324,30.2505,1.36011,21.4,2.13902,15.996,3.7908,13.5603,6.87659,14.7606,10.8555,23.9618,10.1213,49.7659,4.3328,66.7188,1.76657,56.0393,1.12336,40.4226,1.0985,28.2691,1.46242,20.1312,2.36915,15.3081,4.25128,13.4526,7.63706,15.6423,11.345,27.4748
25.5244,0.985501,0.0309682,7,127,0,-16.0615,1.41946,1.43743,0.0298413,0.0486407,0.304196,0.372256,0.0168757,0.107957,7.06453,8.87937,44.269,18.9973,0.339608,0.335097,0.261479,0.458891,8.71238,37.2042,12.7751,32.7662,20.3683,31.7927,31.0776,36.1409,37.2259,48.2158,28.861,63.2979,16.2649,67.9456,9.54157,61.8059,7.17939,52.2825,7.14845,43.4115,9.01176,36.5984,13.3944,32.4773,21.4065,31.9559,32.1782,37.0325,37.0512,49.8964,27.4069,64.4546,15.2544,67.6696,9.13456,60.8512,7.0843,51.272,7.25276,42.5778,9.76756,39.0466,3.69371,55.4496,1.18789,48.1702,0.642205,36.3725,0.589461,26.7213,0.808856,19.8064,1.46215,15.3447,3.09725,13.3542,6.65154,15.2627,10.5746,27.4592,6.45158,51.2957,1.92834,53.1318,0.797621,41.788,0.578892,30.9031,0.668728,22.7291,1.07795,17.1479,2.15132,13.9459,4.69827,13.6609,9.15257,19.7071,9.47337,40.6682
29.8197,0.996344,0.0309682,7,127,0,-21.466,1.26743,0.772622,0.114649,0.0226309,0.333403,0.6029,0.0185663,0.122917,6.83416,9.66472,9.63518,25.9588,0.26649,0.344775,0.521159,0.278381,8.90573,7.9645,13.517,6.99289,21.8551,6.91323,33.1257,8.24505,38.2726,11.7088,27.6923,15.78,14.7906,16.6166,8.61695,14.6612,6.621,12.0489,6.77363,9.74944,8.73009,8.04181,13.1648,7.02709,21.2703,6.88694,32.51,8.11654,38.405,11.4593,28.5441,15.6115,15.34,16.6675,8.82631,14.8051,6.66724,12.1939,6.7187,9.86566,9.28038,47.829,5.37011,64.9282,2.81428,57.3726,1.98676,41.6885,1.95229,28.8942,2.43417,20.5959,3.50189,16.1197,5.36418,15.0726,8.02215,18.6756,10.0624,31.7727,8.12759,55.8492,4.26594,64.6425,2.41176,52.2611,1.91186,36.979,2.05514,25.6881,2.71209,18.7367,4.01711,15.3846,6.17301,15.604,8.91156,21.5784,9.97255,39.1504
31.5588,0.918686,0.0309682,7,127,0,-19.2912,1.98551,0.922607,0.0507727,0.0311238,0.211246,0.465338,0.0113175,0.196437,7.15431,4.88924,34.9936,26.8645,0.354424,0.270998,0.288092,0.403856,9.78832,31.1082,15.6501,28.9718,26.1602,29.5829,38.1932,34.5897,38.2562,43.934,24.3636,50.9377,13.0996,50.6293,8.127,46.0112,6.6003,40.3958,7.06694,35.2735,9.55202,31.3017,15.1687,29.0369,25.3952,29.4382,37.6368,34.1337,38.7959,43.3364,25.2634,50.7223,13.5788,50.8157,8.3067,46.3438,6.63013,40.7328,6.98674,35.5577,4.19343,42.6911,2.36014,50.8553,1.30297,45.0569,0.942349,35.0076,0.919007,26.2837,1.13085,20.1067,1.62094,16.4546,2.50302,15.3783,3.79973,17.8448,4.88368,26.6951,4.21509,42.4948,2.38015,50.8551,1.31102,45.1773,0.944385,35.1332,0.917795,26.3796,1.12658,20.1694,1.61247,16.4857,2.48884,15.3734,3.78188,17.7812,4.87779,26.5272
33.1702,0.69464,0.0309682,7,127,0,-24.5343,1.82384,1.39504,0.0603264,0.0454774,0.2419,0.366415,0.0109759,0.188583,6.94813,6.10218,27.3683,23.3266,0.295183,0.293902,0.325162,0.386961,9.35637,23.4432,15.3084,20.9838,27.3635,20.6832,44.9726,24.1237,51.1511,32.8549,32.751,41.4151,15.7592,41.9906,8.77528,37.4694,6.70475,31.9365,7.05658,26.991,9.6909,23.1738,16.049,20.8608,28.7137,20.7979,46.3266,24.6553,50.3624,33.738,30.9145,41.7911,14.8563,41.7303,8.46884,37.0081,6.65464,31.4869,7.18032,26.6218,4.79659,50.4846,1.37693,59.808,0.464473,48.2465,0.280271,35.7124,0.28087,26.0521,0.408785,19.2273,0.767231,14.8133,1.67016,12.7604,3.71077,14.3657,6.34538,26.2205,4.15966,54.0992,1.14086,58.6959,0.416444,46.3091,0.272566,34.1259,0.290641,24.9012,0.441876,18.4478,0.852836,14.3624,1.87935,12.7012,4.12046,15.1585,6.46315,29.6207
35.8484,0.835195,0.0309682,7,127,0,-25.8054,1.95307,0.659362,0.0549082,0.0203436,0.205647,0.663327,0.011056,0.20599,6.66798,6.00802,31.0398,27.4581,0.274089,0.233504,0.384091,0.312467,9.46364,27.564,15.6072,25.6739,26.81,26.2956,40.0359,31.0778,40.3156,40.2197,25.0075,47.2241,12.8714,47.0454,7.64735,42.7006,5.9785,37.4017,6.20319,32.522,8.20672,28.6174,12.9777,26.1059,22.3332,25.7056,35.9489,28.8429,42.6434,36.816,30.7745,45.5784,16.1409,47.8032,8.90504,44.429,6.29873,39.2325,5.94258,34.1222,5.45571,48.0284,3.34043,61.4256,1.95436,53.5119,1.47784,38.8266,1.47437,26.9446,1.79268,19.3288,2.45022,15.315,3.51852,14.4802,4.94522,17.7722,6.05475,28.9297,5.29214,49.9886,3.16719,61.463,1.8824,52.2337,1.46223,37.5852,1.4904,26.0891,1.83704,18.831,2.52872,15.1086,3.63581,14.5764,5.07699,18.373,6.08483,30.5021
31.8872,0.985038,0.0309682,7,127,0,-25.7519,1.39001,1.05919,0.0423224,0.0343135,0.267717,0.463526,0.0148714,0.167037,7.96085,5.57514,25.7424,18.7222,0.383886,0.338192,0.30988,0.377708,11.5347,22.6967,18.2924,21.5761,28.7571,23.3361,38.3475,29.6365,35.4222,40.0627,21.8838,47.0618,11.9842,45.9363,7.67418,40.471,6.34153,34.2787,6.72072,28.8488,8.7323,24.7036,13.0896,22.1511,20.9558,21.7231,32.0359,24.602,39.2209,32.3941,31.8989,42.8374,18.3597,47.4799,10.3052,44.6072,7.0728,38.6769,6.29585,32.6132,6.73682,34.4232,4.03489,55.2643,1.66692,54.3152,0.916824,41.8246,0.775647,30.1552,0.926425,21.7862,1.39572,16.547,2.39692,14.1519,4.22608,15.2843,6.44625,23.6327,5.9362,44.621,2.75493,57.6394,1.22405,49.3242,0.812372,36.4727,0.807701,26.165,1.07955,19.1893,1.74061,15.1707,3.06694,14.0944,5.23302,17.5679,6.8023,31.2452
29.1333,0.984919,0.0309682,7,127,0,-22.926,1.06597,0.966462,0.0155865,0.0297331,0.395142,0.475639,0.0219093,0.209087,6.49978,5.60856,55.099,27.3119,0.234643,0.239563,0.421652,0.304276,8.79508,43.7219,13.6593,37.4438,22.3841,37.1347,34.4453,46.5235,40.3988,73.107,28.299,107.39,14.0527,113.383,7.86774,95.9654,6.04647,74.9112,6.29162,57.5872,8.24619,45.3298,12.5764,38.1501,20.5589,36.6552,32.3524,43.8881,40.583,67.1233,31.2486,102.71,15.8983,114.717,8.51765,99.6205,6.18248,78.378,6.13243,60.2298,4.57641,52.6523,1.97552,63.6891,0.901983,52.2814,0.624265,37.8349,0.634576,26.7259,0.848356,19.3205,1.34806,15.0106,2.33467,13.5638,3.99959,16.16,5.63982,28.0636,4.46885,53.6207,1.90594,63.5168,0.881943,51.6986,0.620618,37.3315,0.638944,26.3733,0.861453,19.0993,1.3756,14.8999,2.38618,13.5732,4.07512,16.3924,5.66625,28.8427
25.9039,0.988502,0.0309682,7,127,0,-18.9893,2.13398,0.941094,0.17039,0.0289821,0.18871,0.502143,0.00971925,0.130919,7.73387,7.56322,11.3575,20.5231,0.360443,0.324283,0.277895,0.353867,10.4251,10.2512,16.3222,9.63525,26.7047,9.79784,38.5638,11.1709,39.4773,13.708,26.5445,15.7267,14.8446,15.8414,9.21132,14.6843,7.25906,13.1445,7.42439,11.6718,9.55305,10.4767,14.5486,9.72452,23.8512,9.66673,36.1695,10.7171,40.8787,13.0651,30.0293,15.4086,17.0221,15.9702,10.1202,15.0186,7.49907,13.5145,7.22072,12.0019,8.6558,37.4925,5.34926,58.5822,2.41681,57.4026,1.41381,44.0373,1.2222,31.5006,1.44287,22.6065,2.09436,17.1505,3.4059,14.7461,5.65417,15.9783,8.29129,24.2646,7.99492,45.1023,4.17559,60.7976,1.96175,53.6463,1.29853,39.796,1.25106,28.3308,1.59218,20.5653,2.41707,16.0771,3.99924,14.6615,6.51986,17.5117,8.73384,29.3981
36.8893,0.983583,0.0309682,6,63,0,-19.1748,1.49502,0.7498,0.0601193,0.0247567,0.271088,0.599712,0.0148773,0.145203,6.69602,7.58517,21.1295,22.4148,0.342513,0.260252,0.317966,0.348725,9.241,18.0898,14.7228,16.4103,24.5884,16.6658,37.0264,20.13,39.7818,27.7969,26.1934,35.018,13.5406,35.5462,7.93411,31.586,6.14487,26.6622,6.32361,22.262,8.23622,18.8717,12.6796,16.7463,21.1416,16.327,33.5311,18.6535,40.9478,25.1691,31.029,33.4348,16.498,36.0664,9.06877,32.9877,6.42989,28.1194,6.09996,23.4863,7.67785,38.7255,4.99792,54.2584,2.76266,51.3237,1.90169,39.0467,1.77094,27.8119,2.08672,20.1017,2.85339,15.7,4.19378,14.2659,6.12477,16.4746,7.87299,25.3198,7.21686,43.3366,4.33876,55.2431,2.46525,48.752,1.82332,36.1648,1.8075,25.6963,2.22122,18.8027,3.10897,15.1011,4.59778,14.3931,6.60829,17.7675,8.02251,28.8166
30.2486,0.784172,0.0309682,7,127,0,-24.2397,1.65397,0.84421,0.0563686,0.027203,0.26279,0.526649,0.0128118,0.139627,5.9614,7.53312,25.3935,25.3262,0.216812,0.326176,0.466767,0.253165,8.40198,21.3514,14.2493,18.888,26.1945,18.6686,44.0599,22.4684,50.2639,32.536,30.5467,42.6113,13.7234,42.9088,7.35665,37.4803,5.55795,31.213,5.86194,25.7733,8.11172,21.6191,13.602,19.015,24.9674,18.5726,42.6756,21.9521,50.8756,31.556,32.3817,42.1395,14.5913,43.1873,7.63792,37.9798,5.61061,31.6904,5.77405,26.1613,7.01909,43.0873,4.09981,55.5406,2.20218,49.9664,1.54664,37.9681,1.4855,27.5726,1.81239,20.409,2.57627,16.2776,3.94165,15.0322,5.94793,17.6077,7.67284,27.3452,6.66125,45.8179,3.72487,55.6938,2.052,48.3479,1.51033,36.3019,1.50929,26.3464,1.89185,19.6401,2.73067,15.9173,4.19456,15.1211,6.25737,18.4479,7.75049,29.5899
32.5277,0.994108,0.0309682,7,127,0,-22.2879,1.18414,0.632434,0.0541475,0.0196518,0.383147,0.70994,0.0185389,0.183804,7.16294,7.58952,19.7442,24.348,0.340317,0.434758,0.25278,0.381794,9.05766,15.5897,13.7315,13.0575,22.7528,12.384,36.4736,14.5491,45.8539,21.7455,34.4739,32.225,17.3431,35.0942,9.47621,30.295,7.13801,23.9628,7.41,18.6341,9.85143,14.8515,15.3817,12.716,25.6203,12.5725,39.7297,15.6892,45.2219,24.2253,29.9189,33.8717,14.7359,34.3924,8.60007,28.8075,7.01257,22.5947,7.76957,17.6094,7.11428,48.8947,4.06859,67.6356,2.16826,57.382,1.58251,39.3168,1.58734,25.7033,1.97067,17.4274,2.76199,13.1442,4.0808,12.012,5.95414,14.7527,7.67838,25.7939,6.90887,51.308,3.83908,67.7291,2.0833,55.8777,1.5659,37.9649,1.6054,24.8279,2.01959,16.9368,2.8498,12.9335,4.21742,12.0647,6.12377,15.2518,7.7492,27.359
31.9162,0.958803,0.0309682,7,127,0,-20.6717,1.1516,0.681157,0.0302464,0.0221424,0.366499,0.65481,0.0198756,0.155685,7.04052,7.1337,31.3313,23.9733,0.265332,0.476226,0.346922,0.256756,9.48975,25.5036,14.6627,22.3487,23.7663,22.5355,35.5535,28.1781,39.5723,42.3212,26.9347,57.8928,13.8927,59.454,8.18935,50.833,6.51212,40.6014,6.90397,32.0648,9.13701,25.9777,13.9754,22.5354,22.6512,22.3198,34.4395,27.252,39.9816,40.5363,28.5786,56.8147,14.847,59.9451,8.53026,51.8779,6.57276,41.588,6.78559,32.8239,7.11589,38.9729,4.98706,52.7261,3.05393,50.4696,2.22756,39.0856,2.09985,28.2481,2.42761,20.764,3.19022,16.6052,4.44315,15.5269,6.09283,18.27,7.36787,27.4666,6.64954,43.9319,4.32204,53.7761,2.71989,47.5769,2.13612,35.7129,2.15081,25.7472,2.5989,19.2552,3.49659,15.9776,4.8887,15.846,6.55833,20.0795,7.42618,31.6796
24.1561,0.94577,0.0309682,7,127,0,-16.6682,0.531967,0.895906,0.0119399,0.0268458,0.799614,0.502111,0.0439794,0.100053,8.78193,12.6461,22.5666,28.381,0.489336,0.310367,0.354543,0.417613,11.9408,15.8955,17.1254,13.4262,24.719,15.0137,33.6567,24.4021,36.8895,54.1484,24.7949,98.9536,12.363,97.4622,7.85128,66.9308,7.07211,41.4171,8.1275,25.8597,10.7408,17.4953,15.2258,13.8122,22.048,13.9637,30.903,20.0284,37.312,41.4736,29.8502,87.0481,15.3113,103.683,8.70947,76.9071,7.07906,48.387,7.62667,29.8736,9.9923,57.3313,4.15372,68.7202,1.88814,54.9634,1.32318,38.7791,1.35885,26.746,1.81875,18.9045,2.86892,14.3754,4.91769,12.71,8.42112,14.8047,12.3573,25.6529,10.8194,53.3081,4.72594,69.2652,2.05015,57.273,1.35411,40.7529,1.32988,28.105,1.72857,19.7504,2.6804,14.8174,4.56368,12.758,7.86483,14.194,11.9644,23.2945
24.8081,0.997197,0.0309682,7,127,0,-16.4067,0.663584,1.07538,0.0169099,0.0315928,0.690417,0.458825,0.0377349,0.0813374,6.95437,11.2613,26.5036,18.7373,0.420537,0.517502,0.370055,0.285392,9.34064,17.9661,13.9319,13.859,21.5955,13.4357,32.3658,18.5236,40.2653,37.7396,30.0227,76.1692,13.8982,85.0181,7.64358,62.4711,6.28299,40.3735,7.03938,25.8885,9.52901,17.6382,14.266,13.7386,22.1198,13.5354,32.9878,19.0854,40.2889,39.5037,28.9834,77.964,13.3232,84.1939,7.48482,61.0933,6.27929,39.3779,7.12944,25.2923,14.7043,35.4713,9.01934,62.0369,3.41118,62.7357,1.7197,48.1043,1.38379,34.3222,1.62002,24.4287,2.44545,18.1254,4.28675,14.926,7.88992,15.2578,13.0831,22.5904,13.7097,45.4604,6.45004,65.773,2.54367,58.0867,1.51514,42.8728,1.4104,30.402,1.82891,21.8409,2.94212,16.6576,5.31134,14.5632,9.64859,16.6742,14.4045,28.5215
31.8226,0.987962,0.0309682,7,127,0,-18.0657,0.83703,0.888695,0.0308456,0.0308835,0.53727,0.498891,0.0252423,0.119476,7.61478,8.76267,19.1259,22.6901,0.292525,0.286384,0.31051,0.410801,10.6283,13.9985,16.6799,11.4551,27.2362,11.527,41.8019,16.0477,48.6493,30.6087,31.2355,50.9907,14.0465,51.3023,7.99078,38.9761,6.699,27.2516,7.64869,19.0085,10.7057,13.9316,16.8247,11.4317,27.4711,11.5586,42.0563,16.1977,48.5514,30.988,30.8258,51.2153,13.8614,51.1331,7.93933,38.7428,6.69889,27.073,7.68324,18.8921,8.26754,39.93,4.60637,52.5459,2.31899,47.2533,1.56123,35.8304,1.47309,25.9605,1.80045,19.0904,2.60403,14.9957,4.10779,13.4841,6.47686,15.2882,8.85831,23.4792,8.08438,41.1259,4.40174,52.673,2.24013,46.5971,1.54139,35.1436,1.48174,25.4491,1.83457,18.7613,2.67377,14.8267,4.2293,13.4833,6.64384,15.5593,8.94117,24.3117
34.1723,0.994416,0.0309682,7,127,0,-26.4071,1.25541,0.706931,0.026693,0.0239602,0.310753,0.625879,0.0166449,0.178852,7.34642,6.93393,36.1041,24.6914,0.315216,0.360633,0.332518,0.264379,10.6441,30.6276,17.1774,28.1382,28.1211,29.8846,40.2341,38.8942,39.8088,57.0647,24.2553,71.7955,12.3435,70.5086,7.47421,60.5203,6.05426,49.4855,6.45403,40.1594,8.55021,33.2574,13.1444,29.07,21.6493,28.2803,34.1217,32.8637,42.5502,46.3688,33.3646,65.5397,17.7161,72.9951,9.48411,66.4008,6.5408,55.3459,6.04382,44.9312,6.20246,44.8491,3.53705,57.305,1.95266,48.9835,1.44789,35.1345,1.45369,24.2204,1.8067,17.2489,2.54858,13.5274,3.79879,12.6554,5.54988,15.5343,6.9909,25.9737,6.00857,46.5911,3.34975,57.2574,1.88165,47.8634,1.43348,34.093,1.46983,23.5097,1.85133,16.8328,2.63003,13.3486,3.92595,12.7226,5.70108,16.0245,7.03007,27.3419
34.9855,0.98034,0.0309682,7,127,0,-28.6712,1.64364,0.866786,0.0960563,0.0256966,0.243178,0.545728,0.0120447,0.166192,7.14339,6.68866,14.6025,21.7041,0.263354,0.334458,0.356596,0.384925,10.0355,12.666,16.3276,11.5897,27.8425,11.7897,42.3818,14.1363,45.0142,19.178,28.9213,23.6949,14.6913,23.9421,8.49303,21.456,6.49169,18.3629,6.61355,15.5541,8.58988,13.3377,13.3236,11.8915,22.6357,11.5149,36.9412,12.8857,46.6524,16.9599,36.232,22.3451,19.1832,24.3275,10.2277,22.5911,6.96245,19.574,6.35833,16.5984,7.25454,42.1889,4.188,64.8616,1.89146,60.4666,1.16378,44.5669,1.05998,30.8949,1.29529,21.6744,1.90627,16.2841,3.08893,14.1517,5.04635,15.9488,7.20207,25.8472,6.61835,50.2571,3.30903,66.2662,1.57841,56.1512,1.09221,40.2208,1.09486,27.8168,1.42544,19.7786,2.17484,15.3469,3.56726,14.1777,5.71802,17.62,7.48468,31.383
36.9204,0.99351,0.0309682,7,127,0,-31.7887,1.81186,0.695351,0.0734628,0.0228027,0.22501,0.639198,0.0123653,0.149472,7.38691,8.21072,22.343,24.8025,0.254057,0.280994,0.300841,0.329193,9.67752,19.7814,14.741,18.3051,23.6767,18.4592,34.4637,21.1528,36.8893,26.6577,25.9957,31.664,14.7462,32.3485,9.10415,29.7837,7.11401,26.221,7.20724,22.8346,9.15188,20.1314,13.6817,18.4516,21.9738,18.2897,32.9294,20.5077,37.5497,25.6628,28.1563,31.1078,16.1716,32.5267,9.7046,30.3115,7.27164,26.8035,7.07382,23.3443,7.57923,44.5756,4.51516,58.3548,2.52575,51.009,1.85813,36.9388,1.84096,25.5492,2.25662,18.2177,3.14035,14.2959,4.61901,13.3643,6.66452,16.3133,8.32918,26.8764,7.22675,47.469,4.14483,58.4147,2.37849,49.1718,1.82675,35.1757,1.87258,24.3368,2.34571,17.5088,3.30173,13.9957,4.8671,13.4899,6.9517,17.1646,8.39287,29.1775
35.8963,0.92171,0.0309682,7,127,0,-30.5114,2.04875,0.633813,0.0468514,0.0188091,0.204492,0.712446,0.0112272,0.176214,6.5816,7.17785,40.4942,24.5992,0.257044,0.312175,0.286916,0.288743,8.58266,35.8658,13.3879,32.9592,22.5928,32.7235,35.0662,36.8687,39.372,46.3514,27.4943,55.5347,14.7867,57.0493,8.64297,52.7592,6.51331,46.702,6.51312,40.8856,8.35771,36.1551,12.904,33.0973,21.7492,32.617,34.2188,36.3726,39.6737,45.5439,28.6124,55.086,15.484,57.1945,8.92203,53.1711,6.58537,47.1533,6.45412,41.283,7.19182,44.569,4.76036,63.8143,2.72381,59.2412,1.95218,43.2589,1.87003,29.4968,2.21621,20.6159,2.98064,15.8764,4.24082,14.5981,5.95951,17.5073,7.42464,28.3519,6.74227,50.6368,4.12646,64.9179,2.4397,55.5819,1.88429,39.4391,1.91871,26.8655,2.36331,19.102,3.24242,15.245,4.63133,14.8479,6.40009,19.2115,7.53295,32.9348
32.8932,0.680935,0.0309682,7,127,0,-24.4165,1.20536,1.06507,0.0608556,0.032667,0.379039,0.435722,0.0199357,0.135491,7.6271,7.1132,18.2499,25.4978,0.355155,0.33511,0.384543,0.371733,9.39007,14.749,13.7217,12.6466,21.6962,12.239,32.7474,14.3907,38.6385,20.491,28.9932,28.1562,15.9193,29.8856,9.52636,26.0961,7.57521,21.0773,8.03259,16.7996,10.6424,13.7972,16.203,12.2696,25.6299,12.6635,36.3176,16.1493,36.7601,23.5618,23.5524,29.704,12.8143,28.8591,8.44173,24.2245,7.50702,19.3607,8.72363,15.527,6.74976,44.3601,3.50754,57.5818,1.64708,51.7074,1.06961,39.8591,1.00616,29.5571,1.26331,22.2129,1.92313,17.7279,3.23729,16.1164,5.40905,18.562,7.42148,29.1536,6.02708,49.269,2.87494,57.5151,1.4308,48.9203,1.02091,37.1063,1.03939,27.496,1.37947,20.8678,2.1703,17.0562,3.68884,16.2457,6.01112,20.1517,7.49907,33.5518
28.2554,0.895626,0.0309682,7,127,0,-24.8519,1.25636,1.1928,0.0749848,0.0375918,0.308186,0.419524,0.0154365,0.13809,7.40847,5.61518,13.4618,17.8435,0.378121,0.370169,0.359921,0.337413,10.3405,11.309,16.3532,10.1601,26.8937,10.358,40.3757,12.802,44.6326,18.5655,30.3238,24.7186,15.5667,25.6088,8.87711,22.5355,6.67212,18.6009,6.6507,15.1143,8.36039,12.4399,12.4137,10.6898,20.2015,10.0442,32.6178,11.0379,44.3873,14.8353,40.1961,21.5328,23.0894,25.8145,11.9378,24.5736,7.58877,20.8691,6.45245,17.0417,7.79767,30.4771,5.35143,52.5454,2.11316,56.2109,1.02027,45.1401,0.773663,33.411,0.866836,24.5181,1.28163,18.6101,2.24576,15.4753,4.17803,15.6388,6.96983,22.1748,7.24875,41.3919,3.47914,57.4487,1.41152,51.5205,0.845004,39.2189,0.7837,28.7436,1.0176,21.3219,1.65395,16.753,3.02863,15.0474,5.50468,17.6103,7.77973,29.7313
31.8671,0.774351,0.0309682,7,127,0,-16.3428,1.1164,1.19802,0.0232783,0.0367883,0.411322,0.379498,0.0183739,0.142472,6.8076,6.95926,41.1863,29.967,0.302064,0.31065,0.352264,0.399096,8.99703,31.4489,14.2427,25.65,24.6147,24.0587,41.2521,28.986,53.7088,47.1855,38.6782,76.2915,17.3931,83.0293,8.8905,69.0196,6.6287,52.4653,7.01362,39.2901,9.6117,30.2202,15.5405,25.0703,26.9803,24.3086,44.2315,30.84,53.3892,51.8945,34.4402,79.6554,15.2347,81.5006,8.24187,66.1734,6.54571,50.0005,7.27732,37.508,5.17587,51.3723,2.13584,57.923,0.975208,48.6479,0.668446,37.2199,0.673519,27.9459,0.90866,21.3364,1.49245,17.2267,2.72073,15.7539,4.89848,18.3456,6.95426,29.832,5.2023,51.2362,2.1506,57.9549,0.979476,48.7344,0.66929,37.2981,0.672671,28.0044,0.905886,21.3758,1.48623,17.2479,2.70831,15.753,4.87956,18.3025,6.94901,29.6976
30.7266,0.940794,0.0309682,7,127,0,-24.0863,1.77298,0.665932,0.111862,0.0235579,0.26189,0.63039,0.0130282,0.164151,7.01679,6.88489,15.7008,28.4253,0.31573,0.275061,0.340973,0.359179,8.20194,13.3109,12.0525,11.6468,20.2317,10.9971,33.6215,11.9688,43.7906,15.464,34.6449,20.2704,18.4811,21.9264,10.1329,20.1623,7.31753,17.3163,7.25165,14.6188,9.42722,12.5077,14.8533,11.2247,25.3714,11.1563,39.3867,13.1036,42.446,17.5829,27.2279,21.5138,14.0032,21.4507,8.49503,18.9952,7.02448,16.1259,7.86762,13.643,5.71556,43.8395,3.57579,49.8064,2.31142,42.3695,1.88539,31.5656,1.94376,22.8884,2.37089,17.2767,3.19248,14.4363,4.45444,14.3119,5.9856,17.9473,6.88466,28.0152,5.77606,43.4426,3.62902,49.863,2.3341,42.6775,1.88985,31.8612,1.93675,23.097,2.35321,17.3991,3.16242,14.4821,4.41199,14.2715,5.94306,17.7663,6.88251,27.6111
30.9719,0.723358,0.0309682,7,127,0,-21.854,1.58339,0.625747,0.0748737,0.0220473,0.253435,0.699758,0.0144761,0.185726,6.44321,6.20161,18.1669,22.7812,0.295405,0.323763,0.319333,0.483452,8.88146,15.7129,14.1529,14.3454,23.6557,14.5581,35.5828,17.3766,38.1652,23.4836,25.2957,29.1526,13.2032,29.6417,7.74055,26.6036,5.94624,22.7315,6.0497,19.2066,7.80126,16.442,11.9417,14.6676,19.905,14.2571,31.7421,16.0402,39.3003,21.1279,30.5016,27.6944,16.5014,30.0436,9.0404,27.8333,6.29606,24.0478,5.8398,20.3361,6.0963,36.5149,4.37351,48.6028,2.79749,46.3495,2.10309,35.865,2.00015,25.8947,2.29221,19.0547,2.94983,15.3096,3.99584,14.4077,5.32741,16.9779,6.33617,25.2568,5.80945,39.9618,3.95321,49.396,2.57481,44.3254,2.0397,33.4443,2.03366,24.0935,2.40553,17.9731,3.14792,14.8625,4.27609,14.627,5.61628,18.2121,6.38988,28.1115
35.0756,0.991236,0.0309682,7,127,0,-23.4885,1.65623,0.976486,0.0433293,0.0325165,0.255315,0.468549,0.0131245,0.110809,7.47511,8.58363,34.444,23.9863,0.29868,0.292953,0.363428,0.353413,9.79339,29.8084,15.0827,27.0763,24.7403,27.0987,37.1185,31.5348,40.653,41.4568,28.135,50.9953,15.2868,52.1439,9.20508,47.145,7.21064,40.5517,7.45884,34.5168,9.7457,29.8593,14.9854,27.0974,24.5805,27.0739,36.9733,31.4372,40.7277,41.302,28.3441,50.9164,15.4112,52.1816,9.25318,47.23,7.22058,40.6393,7.44293,34.5898,8.23593,39.7278,4.76717,51.4133,2.46493,47.1635,1.66703,36.7752,1.56903,27.4131,1.91887,20.7309,2.78994,16.7469,4.42053,15.5016,6.89361,18.0541,8.92675,27.6448,7.37191,44.444,3.91269,51.5707,2.13346,44.3963,1.58811,33.9049,1.62335,25.2497,2.10304,19.3431,3.16055,16.1021,5.04498,15.7445,7.63303,19.8493,8.94635,32.0488
34.156,0.816259,0.0309682,7,127,0,-27.392,1.52662,1.07314,0.0427139,0.0344486,0.271457,0.427475,0.0134686,0.101764,6.96738,10.1469,29.6648,23.8797,0.28395,0.370208,0.291785,0.264643,9.98409,25.2721,16.5567,22.9155,28.6467,23.5236,43.7166,29.2726,45.0054,41.6834,27.0554,52.0415,13.2002,51.4203,7.70547,44.8293,6.13507,37.4045,6.58441,31.0013,8.99201,26.1765,14.5068,23.2689,25.1432,23.0095,40.4134,27.2311,47.038,38.265,31.8344,50.4784,15.6333,52.4087,8.55323,46.6424,6.29971,39.1616,6.31306,32.4328,9.37223,44.7438,4.33367,58.302,1.86339,50.8906,1.1717,38.4202,1.10048,28.0305,1.40226,20.6955,2.19144,16.1189,3.83517,14.1504,6.80054,15.664,10.2626,24.5832,9.1577,45.8534,4.14522,58.3129,1.80499,50.3116,1.15836,37.8604,1.10648,27.6138,1.42678,20.4186,2.24631,15.9651,3.94345,14.129,6.97399,15.8687,10.3674,25.3208
31.4482,0.992541,0.0309682,7,127,0,-26.8184,1.74523,1.01265,0.0391946,0.0308568,0.253163,0.453756,0.01305,0.108629,6.62458,10.436,40.2364,25.1938,0.266382,0.353618,0.313473,0.239516,8.8328,34.464,14.1586,30.9502,24.539,30.734,38.8365,36.081,42.9606,48.8608,27.8299,60.9065,13.9557,61.4983,8.09041,54.7721,6.36065,46.5898,6.79597,39.3316,9.34043,33.8326,15.2431,30.6902,26.4074,31.0699,40.4998,37.4169,41.7383,50.9156,25.4242,61.6996,12.7595,60.8347,7.67939,53.6529,6.30875,45.5114,7.0052,38.4601,9.27203,50.1349,4.00825,64.7063,1.69235,54.6167,1.08586,40.0282,1.04938,28.4572,1.36831,20.5443,2.16823,15.7256,3.81945,13.6905,6.80778,15.2852,10.4006,24.9521,9.34197,49.7393,4.06472,64.7206,1.70868,54.8261,1.08934,40.2197,1.04739,28.595,1.36098,20.6337,2.15204,15.7746,3.78751,13.6984,6.75551,15.2237,10.3643,24.7139
33.9527,0.99928,0.0309682,7,127,0,-27.0821,1.66769,0.544961,0.10982,0.0168893,0.255476,0.760359,0.012103,0.179963,7.25119,7.04542,13.3658,28.4703,0.270008,0.271859,0.399095,0.394715,9.89722,11.4546,15.9916,10.3303,27.5878,10.3504,43.1091,12.3048,47.0459,16.8299,30.2908,21.0497,15.1762,21.2553,8.76341,18.9055,6.81939,16.0443,7.16967,13.4984,9.66491,11.5471,15.5009,10.3697,26.7374,10.306,42.2904,12.1175,47.4997,16.52,31.4431,20.9043,15.786,21.3404,8.98079,19.0705,6.86082,16.2078,7.09518,13.633,6.4998,46.4505,4.50055,58.8271,2.95538,52.9783,2.33217,39.4116,2.29344,27.747,2.65446,20.1354,3.38591,16.1182,4.50085,15.2355,5.89509,18.1164,7.00509,27.3712,6.61604,44.9514,4.66021,58.5342,3.03911,53.901,2.35589,40.4678,2.28095,28.5133,2.6131,20.591,3.31497,16.3176,4.40071,15.1873,5.78449,17.7098,6.95517,26.3311
33.9698,0.984632,0.0309682,7,255,0,-25.7875,1.09017,0.783126,0.04438,0.0246406,0.415827,0.596441,0.0226159,0.146966,7.0676,7.53113,22.4539,22.0449,0.348779,0.309598,0.434281,0.28873,8.69717,17.6396,12.7027,14.7453,20.148,14.0009,30.9883,16.409,38.3436,24.1905,30.0679,35.6679,16.2038,39.3603,9.2494,34.1952,7.08621,26.9787,7.33513,20.8769,9.56506,16.6074,14.4431,14.2885,23.0192,14.2927,34.059,17.9926,37.7322,27.5119,25.6949,37.9421,13.4845,38.45,8.2883,32.1162,6.957,25.0544,7.75992,19.4544,7.92073,39.3863,5.09081,57.7015,2.66636,54.9612,1.77159,41.3853,1.63901,29.1,1.95608,20.7665,2.73822,16.0445,4.13929,14.5225,6.2079,16.9988,8.06073,27.143,7.09877,47.7702,3.96612,59.1601,2.1976,50.1922,1.6596,36.346,1.70924,25.5016,2.18886,18.6028,3.18302,15.0939,4.85129,14.8706,7.04053,19.5927,8.16116,34.0359
33.0683,0.96879,0.0309682,7,127,0,-27.0729,0.799589,0.926501,0.0339317,0.0302476,0.569748,0.512179,0.0302761,0.135747,7.11183,8.37716,19.8203,22.8346,0.317651,0.327831,0.271903,0.409078,8.94888,14.2285,13.0268,11.1506,20.2599,10.3449,30.8871,12.6111,39.7046,21.1973,32.7679,37.7817,16.9707,44.8931,9.20091,36.9724,7.00111,26.4973,7.31869,18.5267,9.53455,13.4574,14.1403,10.8157,22.0735,10.4864,33.0683,13.6142,39.9685,23.9608,29.5871,40.6014,14.8013,44.1262,8.48855,34.8865,6.90865,24.7303,7.59261,17.3418,7.92951,44.0154,3.95423,59.1009,1.81868,51.045,1.21166,37.2054,1.18583,26.1152,1.53322,18.7374,2.35878,14.5236,3.9469,13.2104,6.50453,15.9351,8.79011,27.5828,6.8493,50.7361,3.09055,58.4813,1.54933,47.0312,1.16248,33.6279,1.24701,23.6319,1.71189,17.226,2.72216,13.8381,4.58884,13.4643,7.32925,18.0178,8.80045,33.6088
36.4773,0.981077,0.0309682,7,127,0,-28.2667,0.917213,0.725482,0.0271736,0.0224235,0.475038,0.611929,0.0253091,0.158452,7.46002,7.7651,25.787,23.9211,0.379094,0.295962,0.31767,0.298531,10.0982,19.9346,15.3992,17.0013,24.3768,17.3452,35.8026,23.1129,39.6905,38.6399,26.5225,56.9499,13.3865,57.6356,8.06192,46.4397,6.73676,34.6381,7.48156,25.6895,10.1487,19.8769,15.4924,16.9824,24.521,17.3783,35.9392,23.2457,39.6189,38.9113,26.3013,57.096,13.2722,57.5307,8.02543,46.2731,6.73478,34.4987,7.50342,25.5926,7.51604,45.8198,4.33307,64.188,2.21651,57.0196,1.52394,41.0894,1.46231,28.0699,1.78429,19.5922,2.52057,14.8494,3.82368,13.1971,5.7944,15.2119,7.82149,24.5195,7.42309,46.8708,4.21178,64.3538,2.16899,56.4245,1.51255,40.4886,1.46816,27.6503,1.80486,19.3393,2.56026,14.7265,3.88938,13.1966,5.88292,15.4021,7.87402,25.1415
35.8805,0.986342,0.0309682,7,255,0,-31.3176,1.03789,0.657682,0.0270395,0.0211547,0.398169,0.668432,0.0221311,0.144119,7.2756,8.83041,29.6021,24.306,0.368241,0.414783,0.305451,0.327633,10.0175,23.9758,15.4572,21.2153,24.5596,22.0301,35.4921,28.8305,37.7505,44.8647,24.7996,61.1884,12.8513,61.4533,7.81437,51.3736,6.41572,40.2056,6.93957,31.2052,9.22538,24.9687,13.9771,21.5559,22.2543,21.4611,33.3157,26.6244,38.737,40.6584,28.1877,58.7214,14.7899,62.7166,8.50168,53.883,6.52929,42.5135,6.68479,32.9421,8.34041,44.9656,5.05369,61.0168,2.80441,53.8437,2.03531,38.6382,1.99249,26.3062,2.41387,18.4226,3.31915,14.1793,4.83339,12.9719,6.96417,15.4687,8.90222,25.2184,8.18609,46.4093,4.8633,61.1872,2.72547,52.9717,2.01687,37.7686,2.00548,25.7081,2.45386,18.0721,3.39207,14.0217,4.94662,13.0004,7.10326,15.795,8.96385,26.1804
36.6438,0.962365,0.0309682,7,127,0,-32.1076,1.14623,0.546283,0.0437575,0.0165639,0.3879,0.761491,0.0189618,0.165124,7.00638,8.6108,22.0608,32.0501,0.257329,0.26197,0.300998,0.288128,9.36036,17.4166,14.6771,14.7539,24.6419,14.4084,39.0203,17.8223,46.3832,27.9636,31.7423,40.9161,15.2834,42.6667,8.5093,35.8539,6.64947,27.9518,7.13278,21.5459,9.70749,17.0842,15.3814,14.6132,25.8469,14.5305,40.3235,18.4368,45.9296,29.2616,29.849,41.669,14.3042,42.2421,8.19382,35.0962,6.61116,27.2782,7.27644,21.048,7.12799,57.3124,4.19641,67.6493,2.59391,54.1956,2.11462,36.9421,2.21207,24.507,2.7227,17.1043,3.66677,13.4489,5.11367,12.8733,6.98712,16.2695,8.51317,27.761,7.71066,51.7475,4.76546,67.9868,2.82208,58.0796,2.15875,40.4147,2.15359,26.7652,2.57567,18.3672,3.41843,13.9816,4.75144,12.7253,6.55966,15.0426,8.29712,24.1852
36.036,0.708045,0.0309682,7,127,0,-27.0785,1.17513,0.557403,0.0451363,0.016245,0.38119,0.766456,0.0192384,0.158438,7.17424,8.49552,22.1526,32.2244,0.261834,0.256011,0.305417,0.285104,9.51888,17.7014,14.7881,15.1865,24.4812,15.013,37.8079,18.6475,43.249,28.589,29.1047,40.0483,14.4883,40.9963,8.4264,34.5458,6.79509,27.1933,7.42698,21.2311,10.1962,17.1128,16.1375,14.9633,26.6975,15.3096,39.9061,19.894,41.9925,30.8963,25.9153,41.1066,12.9028,40.1506,7.91635,33.2062,6.76456,26.0161,7.74345,20.3676,7.36628,54.6049,4.67883,65.8021,3.00006,55.1443,2.44308,39.0113,2.51915,26.6815,3.04923,19.1609,4.0364,15.508,5.51611,15.261,7.31674,19.5819,8.49925,32.483,7.33264,54.9053,4.64597,65.7769,2.98618,54.9226,2.44057,38.8077,2.5235,26.5469,3.05961,19.0864,4.05345,15.4812,5.53967,15.284,7.34083,19.6887,8.50248,32.7439
32.612,0.995365,0.0309682,7,127,0,-28.4727,0.954618,0.463419,0.0280059,0.0142502,0.427439,0.882238,0.0221682,0.193092,7.0249,7.67313,25.0434,31.9353,0.335359,0.479962,0.367507,0.272378,9.82684,19.6073,15.4251,16.8094,25.1538,17.0434,38.2375,22.4101,44.0773,37.5589,29.852,57.2235,14.3512,59.837,7.97565,49.3495,6.16672,37.454,6.44955,28.0068,8.435,21.4674,12.7541,17.6126,20.6921,16.5089,32.9227,19.3784,43.8708,30.0661,37.3475,50.3425,19.3683,61.2208,9.73269,54.1816,6.56906,42.0264,6.13819,31.4445,6.61595,54.4111,4.36233,64.8925,2.93665,53.3272,2.46309,36.7446,2.54711,24.4946,3.02268,17.2547,3.86571,13.8029,5.07841,13.4706,6.53232,17.0833,7.61435,28.1321,7.0198,49.5898,4.81405,64.8511,3.14488,56.7967,2.50725,40.0373,2.49379,26.6501,2.89085,18.439,3.65462,14.2708,4.79137,13.27,6.22116,15.8584,7.47558,24.8842
33.3137,0.724516,0.0309682,7,127,0,-17.7878,0.955207,0.543403,0.0319855,0.0172314,0.456735,0.771813,0.0223405,0.119155,7.32811,11.2056,21.9059,26.0508,0.339959,0.284988,0.283846,0.394715,10.3245,16.822,16.4332,14.262,27.185,14.5622,41.5257,19.8572,46.3401,34.9117,28.8903,52.585,13.3744,52.2121,7.71842,41.3401,6.39712,30.5032,7.19009,22.4092,10.0013,17.1226,15.8148,14.3686,26.1729,14.4067,40.4783,19.1661,46.8314,33.3734,30.5252,51.7528,14.143,52.8176,7.94892,42.2483,6.41308,31.2501,7.06357,22.9294,10.5269,45.6036,7.06328,60.6992,4.39315,54.491,3.36227,39.4746,3.28848,26.9232,3.83833,18.9179,4.97105,14.689,6.7401,13.5522,9.05468,15.9942,11.1058,24.843,10.7316,43.722,7.36972,60.2463,4.54738,55.6123,3.40478,40.7333,3.26842,27.8112,3.76936,19.438,4.85054,14.9243,6.56449,13.5283,8.84797,15.5978,10.9882,23.7175
30.1956,0.949742,0.0309682,7,127,0,-24.2822,1.08802,0.355105,0.0340191,0.0105603,0.406227,1.17674,0.0206708,0.241448,6.99733,7.22809,29.078,32.7529,0.305527,0.460696,0.310581,0.232395,8.66997,22.6959,12.8003,18.7781,20.6598,17.5431,32.7468,20.1841,42.5957,29.7943,34.9891,45.8616,18.5282,52.744,9.94086,46.4908,7.16399,36.7248,7.08576,28.2475,8.98933,22.1384,13.4628,18.4988,21.8167,17.6069,34.1995,20.8353,42.8194,31.4165,33.1022,47.4044,17.1356,52.5227,9.42888,45.4378,7.05061,35.6813,7.19747,27.4471,6.51581,54.7627,4.79926,66.434,3.55063,55.1361,3.11103,37.4734,3.21507,24.5799,3.69129,17.3288,4.47078,14.2297,5.49479,14.5525,6.5868,19.3298,7.22507,32.1359,6.56383,54.0302,4.85526,66.459,3.5781,55.7226,3.11556,38.0103,3.205,24.9127,3.67019,17.4967,4.44027,14.2779,5.4578,14.4819,6.55329,19.0667,7.22048,31.5316
31.2036,0.97829,0.0309682,7,127,0,-23.6125,0.886199,0.443993,0.022138,0.0140781,0.412968,0.990171,0.0222735,0.142297,8.75756,10.7746,27.7708,26.0209,0.34509,0.336446,0.34558,0.306625,12.1593,23.1021,18.1457,21.3047,27.1186,23.2227,36.4911,31.3755,37.1456,48.4046,25.1833,64.9755,13.9461,65.7026,8.76212,55.4752,7.11217,43.6104,7.36021,33.8048,9.17592,26.8081,12.949,22.5978,19.4332,21.3236,28.798,24.0422,37.5169,33.5862,35.8062,51.7164,22.9259,66.3066,12.7233,64.4514,8.31091,53.4669,7.04292,41.8069,10.298,44.7694,7.53184,59.9208,5.15086,53.9532,4.18693,38.3919,4.18369,25.6461,4.82448,17.9636,6.01601,14.3409,7.70908,14.072,9.65035,17.9852,10.904,29.3571,9.81909,49.3022,6.89662,60.3908,4.83181,50.751,4.1202,35.1896,4.27391,23.5627,5.03835,16.868,6.34555,13.9983,8.12858,14.497,10.0351,19.6699,10.9141,33.1945
32.8703,0.970105,0.0309682,7,255,0,-26.7504,1.16794,0.343456,0.0424044,0.0105073,0.377449,1.17921,0.0191902,0.126573,6.9794,13.261,25.4842,35.7943,0.324681,0.426069,0.303446,0.290901,8.57321,20.2182,12.6359,16.9082,20.4824,15.814,32.6639,17.9594,42.6069,25.7592,35.1333,38.4761,18.8021,43.9918,10.1101,39.2884,7.22159,31.6207,7.06195,24.7826,8.8955,19.736,13.3167,16.6602,21.6859,15.8633,34.1816,18.513,42.8398,27.1051,33.206,39.7281,17.3584,43.8368,9.56679,38.4447,7.09431,30.7594,7.16954,24.1053,11.6192,54.4524,8.77888,60.8285,6.86085,49.5913,6.22932,34.5175,6.5015,23.5742,7.41844,17.3899,8.85204,14.902,10.6584,15.7111,12.4556,20.9399,13.2973,33.4352,11.9667,52.1808,9.14144,61.2038,7.03876,51.6521,6.25391,36.3918,6.42287,24.7601,7.26133,17.9912,8.63107,15.0502,10.4008,15.3869,12.2391,19.8765,13.2903,31.2238
35.3495,0.962259,0.0309682,7,255,0,-27.5349,1.88389,0.89619,0.0749549,0.0282213,0.210174,0.520232,0.0112131,0.143058,6.91608,8.07134,22.7414,21.4464,0.281149,0.314999,0.293574,0.315191,9.17413,20.1294,14.2759,18.5433,23.7102,18.5119,36.1797,20.9949,40.67,26.5746,29.0637,32.1756,15.9032,33.369,9.25576,30.9728,6.81722,27.3954,6.57759,23.895,8.08619,20.9879,11.9742,18.981,19.6858,18.2919,31.6883,19.7178,40.9625,24.2437,34.5188,30.4868,20.0086,33.4889,11.0439,32.0955,7.39105,28.7436,6.46501,25.1304,8.21392,43.5156,4.19057,63.5115,1.80953,56.2393,1.12858,40.7862,1.05507,28.2108,1.32504,19.8001,2.00571,14.8449,3.3493,12.8138,5.65595,14.3291,8.36122,23.4116,7.80122,47.317,3.71405,63.8911,1.65608,54.2262,1.09476,38.8628,1.07203,26.8559,1.38841,18.9551,2.13965,14.4071,3.59776,12.7735,6.03354,14.9469,8.59259,25.6851
33.1931,0.656864,0.0309682,7,127,0,-27.6007,0.895718,0.574831,0.0323874,0.0183731,0.49692,0.737361,0.025121,0.190207,7.0853,6.55932,23.9387,31.3457,0.333976,0.266886,0.336067,0.30226,8.90414,17.7297,13.1032,14.1363,20.8113,13.0549,32.5372,15.4184,42.759,24.5821,35.9132,42.0854,18.6624,50.419,9.81292,43.0514,7.12461,32.1459,7.16405,23.3037,9.15454,17.3293,13.6011,13.9445,21.6592,13.0952,33.6261,15.8602,43.0482,25.8202,34.4551,43.4856,17.5385,50.2387,9.41965,42.1317,7.04582,31.2906,7.25607,22.6897,5.57396,48.9746,3.66078,56.2299,2.4697,47.4605,2.06746,34.6216,2.14532,24.572,2.58441,18.3297,3.38498,15.3778,4.55003,15.5641,5.8764,20.0984,6.55732,32.0208,5.49743,49.6245,3.59151,56.1181,2.43974,46.9272,2.06257,34.1268,2.15669,24.2374,2.61043,18.1443,3.42664,15.3204,4.60512,15.6511,5.92634,20.4244,6.5519,32.7095
34.8527,0.995025,0.0309682,7,127,0,-29.1578,1.1563,0.595613,0.0358191,0.0171279,0.375087,0.752619,0.0179673,0.169019,6.35597,8.05042,26.5246,29.0218,0.351653,0.317515,0.287062,0.343946,8.71629,20.8013,14.066,17.4404,24.4488,16.7853,40.5383,20.5636,50.9579,33.0513,35.392,51.122,15.9745,54.7383,8.20084,46.1373,6.02033,35.8539,6.20394,27.425,8.283,21.3985,13.1544,17.7328,22.7753,16.6809,38.3529,19.7086,50.8786,30.8541,38.4087,49.2822,17.7184,55.2474,8.76206,47.4645,6.13631,37.0881,6.08099,28.3648,7.3571,52.5575,4.57519,68.1935,2.73659,58.308,2.12561,40.9262,2.16286,27.5141,2.64462,19.343,3.58406,15.3194,5.04787,14.8569,6.90453,19.1804,8.16044,33.0056,6.84194,57.6935,4.06301,67.8607,2.53281,54.6927,2.09172,37.6886,2.22794,25.4153,2.79978,18.2011,3.84391,14.9259,5.4151,15.268,7.27539,21.0436,8.14649,37.6019
30.4121,0.941385,0.0309682,7,127,0,-28.3039,0.889938,0.631364,0.0437507,0.0186979,0.448452,0.67315,0.0234895,0.13468,7.96652,9.74957,14.3436,25.8367,0.254683,0.362331,0.389275,0.283796,11.1081,11.41,17.0073,10.0722,26.5432,10.6503,37.8763,14.5334,40.5101,24.0753,26.75,34.5662,13.6922,34.9186,8.23881,28.5283,6.72458,21.6114,7.20639,16.202,9.41661,12.5308,13.9431,10.471,21.798,10.1,32.9679,12.2209,41.4253,19.0401,34.1655,30.6411,18.506,36.0977,9.99122,31.7239,7.09615,24.5878,6.78503,18.4152,9.23132,49.6802,5.50511,69.0045,2.97495,60.7952,2.11701,43.1515,2.04528,28.9539,2.45356,19.8949,3.35,14.9099,4.86949,13.1249,7.0948,14.8769,9.47685,23.3217,9.62527,45.0243,6.12537,67.7716,3.24613,63.3982,2.18841,45.9622,2.02125,30.9211,2.35523,21.0726,3.16395,15.497,4.57031,13.2066,6.68763,14.2659,9.14626,21.1936
28.5664,0.887133,0.0309682,7,127,0,-18.3983,0.913099,0.804392,0.0523097,0.0235131,0.506103,0.575986,0.024234,0.166811,7.43885,7.44576,13.8571,20.0029,0.269795,0.302406,0.417325,0.412509,9.94189,10.2636,15.3345,8.34435,25.0495,8.12357,38.9,10.5846,46.6198,18.6084,31.9094,30.2186,14.9832,31.4349,8.47477,24.7952,6.95609,17.9108,7.81867,12.8616,10.888,9.67639,17.1507,8.12855,28.012,8.38454,41.9809,11.8164,45.202,21.4343,27.0645,31.7118,12.7358,30.2099,7.83409,23.0809,6.97535,16.5622,8.31261,11.9669,8.19079,44.098,4.40237,73.0171,1.80401,66.2908,1.06863,46.6874,0.969962,30.9457,1.19238,20.7476,1.76663,14.8402,2.89109,12.1852,4.85086,12.8943,7.49422,20.2672,8.1523,44.7835,4.32414,73.2348,1.77769,65.9318,1.06259,46.3245,0.971475,30.6957,1.19983,20.5951,1.78249,14.759,2.92059,12.1633,4.89866,12.9543,7.54205,20.5382
27.7701,0.990459,0.0309682,7,127,0,-23.5682,1.1079,0.846576,0.0240917,0.0290793,0.401058,0.488421,0.0185143,0.168045,6.81924,6.82734,38.6383,30.5442,0.402784,0.314438,0.298549,0.297065,9.11292,29.8775,14.398,24.7245,24.6013,23.5361,40.4413,28.6013,51.4534,46.0265,36.9735,72.63,17.0653,78.8191,8.85676,66.1525,6.57457,50.8259,6.84485,38.4173,9.18739,29.7333,14.5531,24.6558,24.8806,23.564,40.7944,28.8116,51.4456,46.5596,36.4773,73.0543,16.7863,78.675,8.76805,65.8247,6.55905,50.5302,6.87133,38.198,4.76617,51.7925,2.1955,55.7967,1.17014,44.6916,0.893913,32.4174,0.937088,23.1194,1.22865,16.9531,1.85333,13.3997,2.99448,12.2484,4.79337,14.3355,6.62954,23.2518,5.98892,43.447,3.07269,56.9892,1.46231,50.0348,0.958184,37.2847,0.889277,26.612,1.07338,19.1911,1.54078,14.5986,2.43931,12.4218,3.9651,12.9287,5.97461,18.2704
33.464,0.999905,0.0309682,6,127,0,-24.6517,1.13696,0.771564,0.0402712,0.0247178,0.369941,0.654796,0.0187156,0.139289,7.95904,8.21981,23.1287,17.6774,0.306573,0.307729,0.347842,0.41258,10.6999,18.9552,16.3617,16.774,26.042,17.1183,37.9308,21.5579,40.9933,31.9966,27.7628,42.7366,14.7319,43.418,8.97512,37.1055,7.29984,29.7212,7.82353,23.5825,10.3614,19.2438,15.7176,16.8766,25.0355,16.9575,37.0093,20.9424,41.4592,30.8921,29.1867,42.1321,15.5501,43.7482,9.27052,37.7574,7.34606,30.3325,7.7028,24.0502,9.76355,33.3782,6.77224,57.5457,3.28381,58.5903,2.00198,43.1713,1.79219,28.9842,2.14508,19.6932,3.0604,14.5928,4.74463,12.9223,7.3124,15.4128,9.65968,26.6306,8.13966,50.8525,4.1301,61.314,2.24755,48.4598,1.78851,33.0171,1.97646,22.1637,2.6951,15.8359,4.10565,13.0873,6.41196,13.996,9.11983,21.5688,9.20632,42.5117
32.724,0.950722,0.0309682,7,127,0,-21.576,1.82288,1.66379,0.04087,0.0554161,0.239534,0.291922,0.0120452,0.152832,6.37381,5.99712,40.4058,26.3265,0.267426,0.249103,0.349587,0.341274,8.55374,34.7087,13.9024,31.1406,24.6437,30.7122,40.2236,35.6836,45.8589,48.2208,29.8402,60.657,14.562,61.7555,8.12803,55.3504,6.17096,47.3432,6.42327,40.1205,8.70748,34.504,14.2412,31.0456,25.2596,30.794,40.854,36.0728,45.5374,48.8792,28.9905,60.9614,14.1258,61.5759,7.97622,55.0074,6.14272,47.003,6.4764,39.8383,4.26088,46.1992,1.36246,51.3742,0.506526,43.5878,0.30851,34.5151,0.299058,26.9589,0.418875,21.2282,0.767102,17.2843,1.65651,15.3777,3.6553,16.9406,6.04658,27.0739,4.09047,46.9174,1.29284,51.171,0.490096,43.171,0.305246,34.1406,0.301434,26.6651,0.428172,21.0144,0.791722,17.1518,1.71751,15.3543,3.77427,17.1498,6.08499,27.8506
29.4911,0.296581,0.0309682,7,127,0,-16.6175,1.56054,1.29529,0.0335338,0.0399794,0.267596,0.34099,0.0139221,0.142954,6.26711,7.53256,39.2285,35.2581,0.310559,0.266645,0.385562,0.346639,8.9058,33.2693,14.8291,29.882,26.127,30.1931,41.3087,36.9734,44.5693,52.8624,27.3207,67.4782,13.0163,67.5493,7.32887,59.1401,5.66337,49.3944,5.96259,40.9053,8.07749,34.4297,13.0709,30.3912,22.9926,29.6853,38.0241,34.6336,46.0306,48.6219,31.8421,65.2867,15.3682,68.6516,8.14386,61.3517,5.83743,51.5659,5.74883,42.689,3.95947,59.5062,1.24813,59.1721,0.538487,47.2504,0.377012,35.7588,0.397524,26.8305,0.569181,20.3988,1.00792,16.163,2.02506,14.1364,4.1614,15.3869,7.12208,24.6439,6.17849,49.215,2.19758,62.2401,0.767797,53.4517,0.424492,41.1526,0.370367,30.9114,0.461606,23.2868,0.744029,17.9934,1.4199,14.8348,2.93224,14.2036,5.71266,18.4838
30.1972,0.996934,0.0309682,7,127,0,-21.3037,1.47704,1.26255,0.0303265,0.0386093,0.279879,0.370972,0.014018,0.135479,6.35524,7.28999,39.7622,34.5167,0.300746,0.270233,0.379265,0.351671,9.23492,33.4265,15.6064,29.9103,27.7464,30.3995,44.0983,38.0503,47.312,56.2684,28.1749,73.0291,13.0222,72.6716,7.2332,62.8467,5.57985,51.8145,5.89133,42.3631,8.00815,35.2103,13.0056,30.7011,23.0543,29.6612,38.9518,34.4676,49.2608,49.3738,35.2315,69.2236,16.666,74.4262,8.46937,66.4378,5.8536,55.3068,5.61048,45.2108,4.45755,54.9116,1.72892,56.0671,0.849907,45.4978,0.643904,34.5973,0.711132,26.1031,1.03642,20.2043,1.80815,16.7896,3.4124,16.305,6.00122,21.1446,7.17725,37.2885,3.98449,56.3243,1.54615,55.0165,0.801236,44.029,0.639873,33.3753,0.736036,25.2164,1.10324,19.6341,1.95557,16.5444,3.69517,16.5341,6.33063,22.4255,6.96909,40.1718
28.2908,0.938276,0.0309682,7,127,0,-21.2609,1.25893,1.56389,0.0352166,0.0467091,0.354659,0.320186,0.0161906,0.130933,6.68459,8.0354,31.5168,33.2301,0.260383,0.281051,0.413611,0.377331,8.76908,24.9743,13.8659,20.9299,24.0784,19.7891,40.4681,23.2603,52.3621,35.3986,38.1743,53.5094,17.8097,58.1936,9.14043,50.1288,6.62444,39.7524,6.75783,30.9878,9.00507,24.6145,14.3762,20.749,25.0265,19.8475,41.6871,23.7627,52.3295,36.6207,36.5237,54.4385,16.8722,57.8981,8.83488,49.4122,6.56579,39.0797,6.84056,30.4704,4.40418,57.848,1.26678,58.4442,0.509398,47.0902,0.351879,36.064,0.385268,27.433,0.596564,21.1857,1.17392,17.1691,2.6311,15.7694,5.69789,19.3904,7.97757,36.3162,3.81668,59.3998,1.10275,57.2796,0.473409,45.6461,0.34792,34.8795,0.399747,26.55,0.640863,20.5777,1.2892,16.8398,2.90923,15.8505,6.15432,20.4962,7.77763,39.6072
31.7887,1,0.0309682,6,111,0,-23.2196,1.35577,1.27291,0.0391172,0.03835,0.333999,0.382728,0.016707,0.128362,6.6015,9.52072,30.2135,32.4027,0.270597,0.269312,0.361516,0.365265,8.84122,24.5336,14.1459,21.1696,24.4562,20.7551,39.4031,25.2818,45.653,37.9213,29.7051,52.0188,14.1423,52.9322,7.95738,45.1588,6.2947,36.2818,6.86627,28.9216,9.59161,23.6771,15.7196,20.8185,27.1863,21.1563,42.0769,27.0733,43.9667,41.1642,25.837,53.3656,12.3363,51.7626,7.38929,43.3611,6.25523,34.678,7.21089,27.7128,5.42512,62.0775,1.58339,63.2865,0.649503,49.0836,0.460039,35.8159,0.508151,25.9412,0.771238,19.1504,1.44332,14.961,3.02068,13.4038,6.23949,16.2395,9.50548,31.4993,5.62915,61.3977,1.64661,63.6622,0.663195,49.5802,0.461714,36.2088,0.503494,26.2207,0.757442,19.335,1.40977,15.062,2.94433,13.4037,6.10328,16.0167,9.47933,30.6237
33.5847,0.993297,0.0309682,7,127,0,-26.6416,1.1935,0.974658,0.0405337,0.0298853,0.342642,0.472725,0.0159512,0.212075,7.40889,5.49232,23.3022,25.4352,0.302818,0.367437,0.340421,0.302312,10.4338,19.0072,16.8187,16.6737,28.4182,16.8464,44.1124,21.3154,49.7073,32.9308,32.3961,45.9045,15.5561,47.0663,8.65618,40.1377,6.62483,32.0586,6.87567,25.2835,9.0567,20.3218,14.0406,17.2623,23.6052,16.4238,38.5438,19.0361,50.3843,27.948,40.0849,42.2047,20.2405,48.0683,10.3139,42.9835,7.01838,34.8489,6.57716,27.4981,4.80247,50.7109,2.09465,64.7943,0.908912,54.149,0.59892,39.2869,0.589407,27.6767,0.774425,19.8626,1.22396,15.211,2.13112,13.3921,3.72335,15.3329,5.51484,25.7823,4.7513,51.2488,2.05572,64.7532,0.897636,53.8527,0.596634,39.0225,0.591134,27.4896,0.780228,19.7436,1.23646,15.1482,2.15514,13.3873,3.76096,15.4291,5.5363,26.1364
34.1573,0.676111,0.0309682,7,127,0,-22.5629,1.45887,1.14752,0.0470357,0.0350156,0.304032,0.444411,0.014713,0.168039,7.51037,6.2983,26.8007,20.2271,0.287958,0.286889,0.311292,0.381753,10.2116,22.4564,16.3072,20.0323,27.5416,20.2669,41.8233,24.9598,44.1122,35.6113,27.6122,45.0071,13.9466,44.5506,8.43113,38.4754,6.97888,31.6915,7.77354,25.9987,10.906,21.933,17.7108,19.8617,29.7994,20.6485,43.5455,26.2768,42.3201,37.5384,24.8186,45.5919,12.6429,43.7898,8.00783,37.3742,6.96979,30.6954,8.09295,25.2379,6.99263,42.7368,3.0894,64.6819,1.09524,56.8755,0.615873,41.6924,0.565204,29.4178,0.744473,20.9869,1.24225,15.8068,2.36136,13.5572,4.5617,15.2842,7.20306,26.7545,5.57187,54.8511,1.97134,63.9966,0.814865,50.704,0.56474,36.2889,0.609007,25.6017,0.894231,18.5505,1.59158,14.5416,3.09436,13.6184,5.73062,18.0858,7.33628,36.7577
37.2247,0.990705,0.0309682,7,127,0,-28.5255,1.25517,0.924891,0.0488689,0.0297415,0.346548,0.466239,0.0186573,0.166677,6.86308,6.14359,21.7384,28.7798,0.296241,0.271347,0.360365,0.351873,9.22518,17.7995,14.4188,15.6064,23.8306,15.6535,36.2205,19.3893,40.1041,28.716,26.5877,38.477,13.4954,39.0395,7.96741,33.4246,6.4126,26.92,6.93255,21.4997,9.40896,17.6443,14.7844,15.5478,24.4278,15.7359,36.7749,19.7209,39.7752,29.3024,25.7493,38.7543,13.0593,38.8444,7.81932,33.0886,6.39543,26.6119,7.00682,21.265,4.99532,47.6532,2.57675,55.6596,1.36587,47.6889,0.991472,36.1526,0.989615,26.6495,1.25442,20.0792,1.85532,16.2313,2.95803,15.0837,4.63719,17.7061,6.10546,27.6459,5.16957,46.3558,2.71714,55.7613,1.41683,48.5056,1.00318,36.947,0.980792,27.2392,1.22548,20.4604,1.79719,16.4227,2.85763,15.0635,4.50344,17.331,6.05315,26.5712
34.0983,0.99387,0.0309682,5,47,0,-28.6264,1.16869,1.08102,0.0590506,0.032627,0.383921,0.436943,0.0192732,0.203247,6.45523,5.85811,17.2986,31.0364,0.289817,0.300465,0.30139,0.335123,8.41486,13.5526,13.0984,11.2957,22.2135,10.7205,36.3524,12.769,46.1735,19.7334,33.8155,30.0938,16.1607,32.6987,8.53717,27.8891,6.34664,21.813,6.58047,16.7785,8.79992,13.2078,13.9064,11.1316,23.6593,10.7942,38.1112,13.2826,45.9989,20.9465,31.3707,30.9751,14.785,32.3683,8.08862,27.1613,6.27234,21.1471,6.73205,16.2792,4.0047,58.4769,1.47468,63.6852,0.666976,50.2223,0.483362,36.2743,0.522177,25.8799,0.74716,18.9498,1.27665,14.9331,2.37552,13.8076,4.29104,17.3383,5.87454,32.5842,3.79153,59.8308,1.38382,63.0872,0.6441,49.2495,0.480571,35.4909,0.530493,25.3357,0.770029,18.6077,1.32664,14.7681,2.47382,13.8571,4.43349,17.8475,5.87139,34.2119
34.3664,0.998804,0.0309682,7,127,0,-29.9524,1.39402,1.00244,0.0303971,0.031592,0.322951,0.476584,0.0152196,0.151514,7.53363,7.09663,41.5202,22.0946,0.334486,0.260328,0.378683,0.348733,9.67784,34.1625,14.9029,29.6752,24.9471,28.8899,39.3971,34.0612,46.4049,48.4819,32.5437,65.3321,16.5884,67.9901,9.49549,59.4876,7.39236,48.7759,7.82848,39.5438,10.5788,32.8236,16.7786,29.1036,28.134,29.4462,42.514,36.5747,44.815,52.9537,28.0557,67.4991,14.216,66.5706,8.68808,56.9423,7.30159,46.3981,8.24709,37.7097,7.17519,43.0475,3.563,60.7318,1.51907,53.8689,0.941668,39.8968,0.881941,28.3231,1.12348,20.3927,1.74609,15.641,3.01307,13.7835,5.21756,15.7739,7.57303,26.2103,6.33123,49.8854,2.78335,60.7609,1.27916,50.168,0.891868,36.4421,0.917453,25.8535,1.24504,18.8303,2.0078,14.8534,3.50715,13.8443,5.93357,17.4083,7.76526,31.5299
37.4399,0.953804,0.0309682,7,127,0,-30.8105,1.40046,0.746853,0.0465424,0.0246802,0.312071,0.564723,0.0154346,0.197109,6.72867,5.52686,25.749,30.1876,0.253864,0.271083,0.299546,0.295583,9.20705,21.2468,14.8868,18.6295,25.7523,18.5143,40.9706,22.6575,46.2133,33.4314,29.6065,44.68,14.2097,45.2363,8.02774,38.9744,6.29491,31.7465,6.75752,25.6372,9.287,21.1716,15.0541,18.598,26.0437,18.5483,41.2651,22.8109,46.0569,33.7123,29.187,44.8127,14.0023,45.1471,7.95916,38.8208,6.28518,31.604,6.78723,25.5261,4.46775,47.4885,2.60109,53.7884,1.58399,45.4955,1.25624,33.9538,1.29388,24.7012,1.61013,18.6094,2.24638,15.3801,3.28034,14.9718,4.628,18.52,5.52189,29.1953,4.58699,46.5067,2.69951,53.934,1.62335,46.2225,1.26424,34.6454,1.28311,25.1955,1.58125,18.9086,2.19461,15.5052,3.20219,14.9012,4.54186,18.124,5.50846,28.2389
35.2481,0.786335,0.0309682,7,127,0,-30.9371,1.91017,0.915024,0.0585087,0.0276625,0.231054,0.528891,0.0110552,0.174886,6.71642,6.50278,29.5052,20.1605,0.334536,0.33788,0.281864,0.340177,9.13299,25.5022,15.0434,23.0366,26.8877,22.9052,43.485,26.8251,47.6313,36.0598,29.6679,44.3132,14.4006,44.4282,8.20278,39.7177,6.39963,34.0855,6.84755,29.0566,9.52427,25.1839,15.9034,22.9013,28.4216,23.0736,44.8762,27.5116,46.5674,37.1005,27.7144,44.6891,13.4713,44.0934,7.88882,39.1675,6.35672,33.5526,6.99901,28.6192,7.20243,41.8509,3.82079,66.355,1.56013,60.4262,0.922608,43.6721,0.842003,29.8802,1.0548,20.6979,1.61303,15.3049,2.7401,13.0577,4.72104,14.5775,7.08797,24.3392,6.49197,50.7051,2.92202,67.4523,1.2809,55.7671,0.863813,39.2727,0.874119,26.8247,1.17161,18.8182,1.86247,14.3529,3.20883,13.0213,5.43003,16.1415,7.431,30.088
36.8577,0.924036,0.0309682,7,127,0,-31.4104,1.25445,0.583066,0.0489485,0.0167042,0.328826,0.722925,0.0182059,0.154461,7.10034,8.51381,21.7551,33.5373,0.276628,0.277541,0.344324,0.280598,9.43264,18.144,14.392,16.1431,23.0777,16.2434,34.1635,19.7001,38.0076,27.9636,26.7616,36.8887,14.4017,38.2563,8.57358,33.6575,6.69446,27.7262,6.89388,22.5254,8.87348,18.6596,13.2949,16.359,21.2978,16.0345,32.3644,18.78,38.4823,26.2407,29.2978,35.7504,16.0494,38.6011,9.21415,34.6427,6.84304,28.7286,6.7383,23.3362,7.19635,56.8902,4.40465,67.3504,2.76787,55.8326,2.24228,39.4974,2.3195,27.101,2.83328,19.4746,3.80244,15.6793,5.2871,15.252,7.15515,19.3132,8.4887,31.9587,7.40616,55.0394,4.60453,67.5005,2.85063,57.1665,2.25826,40.727,2.29621,27.9243,2.77514,19.941,3.70447,15.8638,5.14686,15.1491,7.00178,18.7377,8.44597,30.4674
35.8458,0.959868,0.0309682,7,127,0,-31.5643,1.06589,0.381029,0.0381769,0.0120844,0.414977,1.08601,0.0209981,0.224858,7.25126,7.43654,24.5861,31.0188,0.317017,0.312726,0.258816,0.309527,9.18714,19.2228,13.6999,16.0531,22.0515,15.3098,34.2942,18.1919,42.6613,27.5255,32.9744,41.5525,17.1939,45.982,9.54974,39.6769,7.19598,31.0533,7.37819,23.8136,9.57865,18.7178,14.4872,15.8212,23.3808,15.4259,35.8258,18.9199,42.5759,29.1888,30.847,42.8677,15.8186,45.5983,9.06248,38.6267,7.10804,30.0651,7.53385,23.0737,6.59624,52.4268,4.69145,63.0781,3.37913,51.7946,2.93262,35.0863,3.03993,22.9911,3.52891,16.1388,4.3427,13.1236,5.43817,13.2444,6.64913,17.4201,7.42197,29.0973,6.77052,50.0894,4.89151,63.1386,3.47503,53.6131,2.94967,36.7544,3.00787,24.0351,3.45909,16.6778,4.23882,13.2987,5.3077,13.0688,6.52307,16.6837,7.3893,27.3107
28.756,0.895814,0.0309682,7,127,0,-24.2867,1.06437,0.33712,0.0169794,0.00988055,0.421603,1.12491,0.0210021,0.189427,6.19436,8.53001,48.331,37.5093,0.291709,0.283766,0.294285,0.294887,8.77148,36.951,14.4208,30.7092,25.1667,30.2037,41.1604,39.5732,49.0038,69.5584,30.4582,108.64,13.049,109.782,6.9974,87.7561,5.56207,65.3775,6.18984,48.373,8.76004,36.9772,14.3975,30.72,25.1253,30.194,41.1122,39.5209,49.0208,69.4324,30.5292,108.569,13.0802,109.83,7.00628,87.8281,5.56281,65.437,6.18532,48.4152,7.49018,56.8054,5.67547,64.1682,4.40328,53.3858,3.93646,37.7711,4.04279,25.9197,4.55514,18.8932,5.39447,15.6668,6.49178,15.6299,7.67751,19.4401,8.4992,29.5481,8.17294,47.6536,6.55031,63.1973,4.91016,60.1343,4.07567,45.1392,3.93316,31.0164,4.26278,21.7493,4.95113,16.8141,5.9353,15.2453,7.11213,17.0057,8.19252,23.6577
33.3498,0.980033,0.0309682,7,127,0,-24.0118,1.25547,0.630842,0.0802625,0.0205108,0.346766,0.692484,0.0169389,0.134359,7.92132,9.12508,13.2447,22.5778,0.315715,0.391779,0.339662,0.316461,10.6125,10.9168,16.4412,9.6522,26.7628,9.77228,39.7319,12.1537,42.8121,17.7555,28.2603,23.2478,14.7283,23.3703,8.9634,20.0245,7.36966,16.1932,8.0582,13.0092,10.9653,10.7658,17.1289,9.60114,27.8455,9.86869,40.6393,12.5032,42.1184,18.3261,26.8113,23.485,13.9827,23.1656,8.70964,19.6924,7.34962,15.8908,8.21042,12.7805,9.17476,40.1109,6.19121,57.397,3.57735,54.2879,2.53501,40.3989,2.37987,27.9221,2.76559,19.6312,3.66265,15.0343,5.16252,13.5103,7.25884,15.4903,9.25851,23.7479,8.99494,42.1339,5.88034,58.0331,3.42375,53.1757,2.49189,39.086,2.39497,26.9722,2.82652,19.0605,3.77526,14.7667,5.33532,13.5263,7.47054,15.9247,9.37204,25.0174
34.6601,0.993566,0.0309682,7,127,0,-29.5649,1.36977,1.0275,0.0291407,0.0320187,0.320465,0.449981,0.0159121,0.119098,6.36738,8.40853,40.2584,27.1795,0.277191,0.284317,0.325966,0.338477,8.69548,32.8391,14.1227,28.427,24.7451,27.8784,40.4426,33.895,47.5534,50.9726,31.0144,70.645,14.4625,72.5334,7.87544,62.2884,6.02118,50.3027,6.376,40.1978,8.7202,32.7981,14.1753,28.4083,24.84,27.8925,40.5486,33.9706,47.515,51.1256,30.8677,70.7286,14.3888,72.4881,7.85141,62.2049,6.01723,50.2251,6.38471,40.1374,7.33062,46.4784,3.70283,56.8231,1.83456,49.4288,1.27309,37.6335,1.25777,27.7912,1.62318,20.9534,2.48991,16.9633,4.1463,15.908,6.706,19.2305,8.60639,31.2915,6.41678,50.9613,3.04659,56.1271,1.61637,46.5026,1.23146,34.9157,1.3121,25.8095,1.78293,19.7016,2.81556,16.4044,4.7122,16.2155,7.37505,21.1857,8.50095,36.0795
30.2832,0.543892,0.0309682,7,127,0,-23.5837,1.37144,1.17856,0.0257135,0.0365748,0.286443,0.38655,0.015283,0.116263,6.74529,8.85107,43.6098,30.7675,0.327371,0.245105,0.387065,0.33463,9.49038,36.9654,15.2527,33.3725,25.5624,34.0164,38.7667,41.8095,42.2301,59.7268,27.7956,77.6298,14.036,79.3975,8.00325,70.0262,6.05726,58.3547,6.1096,47.9918,7.81217,39.9906,11.8512,34.7675,19.7081,33.0315,32.1683,36.6984,42.8567,49.4797,36.4581,69.9386,19.9532,80.6027,10.3204,75.4856,6.71839,64.2434,5.88331,52.9898,6.19788,52.8965,2.46237,57.9617,1.13611,47.7732,0.799785,36.1412,0.827373,26.9195,1.13994,20.4399,1.90013,16.4753,3.49442,15.1553,6.30438,17.9967,8.83545,30.22,6.32881,52.3934,2.52828,58.1185,1.15452,48.1133,0.803112,36.4391,0.822977,27.1393,1.12635,20.5862,1.86981,16.5526,3.43387,15.1483,6.21269,17.8257,8.81497,29.6838
32.0411,0.910773,0.0309682,7,127,0,-24.2121,1.23758,0.623257,0.0665881,0.0204523,0.363076,0.705682,0.017422,0.194058,6.85836,6.05783,15.6786,19.516,0.283435,0.293672,0.427449,0.359506,9.31624,12.511,14.9515,10.6867,25.7361,10.5017,41.3284,13.0677,48.0868,20.4352,31.1344,29.0169,14.5617,29.5442,8.12774,24.7793,6.4409,19.4843,7.04574,15.1983,9.82679,12.199,16.0066,10.5589,27.5649,10.6391,43.2112,13.7106,47.0772,21.6987,28.4,29.6024,13.2829,29.089,7.73134,24.0727,6.40856,18.8651,7.2674,14.7395,6.65501,34.0995,5.00053,53.8723,2.90269,56.4169,1.92268,43.7636,1.68842,30.4207,1.87297,21.0999,2.41197,15.6957,3.35535,13.4663,4.73236,14.4825,6.22927,20.8129,6.56622,36.8064,4.68289,55.5639,2.7103,55.226,1.85965,41.8467,1.69207,28.939,1.92346,20.1796,2.51189,15.2296,3.51358,13.3965,4.9385,14.9347,6.38161,22.2887
31.15,0.956855,0.0309682,7,127,0,-26.4335,1.49407,0.813165,0.0736427,0.0254024,0.26397,0.490552,0.0137901,0.153802,7.03933,7.17882,16.409,37.98,0.359311,0.294239,0.360969,0.282707,10.2403,14.1543,16.8975,13.0412,28.5795,13.6232,42.0128,17.0982,41.7842,24.005,25.1952,29.4361,12.6334,29.0372,7.49797,25.4675,5.95488,21.4025,6.28021,17.851,8.35362,15.1297,13.0985,13.4187,22.2305,13.069,35.9391,14.9446,44.6961,20.3484,33.9307,27.4503,17.6114,29.8684,9.35389,27.3868,6.41784,23.3581,5.92244,19.4923,4.60698,59.1879,2.18599,59.7545,1.25766,47.0434,1.01725,34.1276,1.09753,24.504,1.44844,18.1788,2.16533,14.6125,3.43055,13.6449,5.34362,16.2876,7.16383,26.4565,6.37268,48.1672,3.36611,62.2614,1.6612,54.9435,1.10381,41.2421,1.0194,29.6107,1.21041,21.4499,1.69869,16.3529,2.62364,13.8656,4.17192,14.1912,6.23712,19.3061
29.7447,0.981511,0.0309682,7,127,0,-18.8455,2.15866,0.912587,0.0839277,0.029592,0.187752,0.494625,0.00921859,0.18636,6.03278,5.43825,22.5112,21.3384,0.22864,0.292104,0.325732,0.3216,8.84936,19.942,15.4609,18.4149,28.773,18.6014,46.8597,21.8733,49.1197,28.859,28.7771,34.4581,13.4015,34.376,7.32871,31.197,5.43451,27.3694,5.50976,23.8285,7.33426,20.921,12.0308,18.9019,22.1887,18.2432,39.4726,20.0068,51.8222,25.6228,38.1748,32.7519,18.4461,34.9975,9.14336,32.7132,5.92742,28.9817,5.28327,25.2595,5.74527,38.6124,3.38812,56.2109,1.59673,53.2471,0.984041,40.815,0.873135,29.4441,1.03396,21.3631,1.48372,16.3841,2.36722,14.1858,3.85076,15.2927,5.5959,22.6145,5.58138,41.0447,3.11863,56.8967,1.48839,52.0592,0.955042,39.444,0.878545,28.4011,1.06717,20.6795,1.55535,16.0113,2.4979,14.122,4.04586,15.6992,5.73315,24.0389
32.9499,0.761297,0.0309682,7,127,0,-26.3613,2.11672,0.928498,0.0948179,0.028689,0.199845,0.524218,0.0111255,0.183429,6.17425,5.98226,20.2752,21.3485,0.232286,0.29438,0.337576,0.295617,8.41428,17.9684,13.7033,16.5786,23.9007,16.6486,37.195,19.1761,39.5156,24.5107,25.242,28.9802,12.918,29.1276,7.55496,26.5989,5.85524,23.415,6.09578,20.46,8.18168,18.1021,13.2007,16.6361,23.025,16.5786,36.4047,18.901,40.0312,24.104,26.3497,28.8067,13.5102,29.2339,7.77438,26.8098,5.90133,23.633,6.02564,20.6476,6.3763,41.5346,3.4809,61.8996,1.53693,56.3522,0.955502,41.4253,0.890427,28.9022,1.12004,20.4841,1.70207,15.6054,2.84418,13.8705,4.73299,16.2762,6.57977,27.7169,5.36267,52.329,2.43927,62.2389,1.19913,50.2998,0.888208,35.777,0.950066,24.9615,1.30782,18.0859,2.08916,14.5024,3.53382,14.2093,5.6283,19.4003,6.60126,36.9062
31.8768,0.966148,0.0309682,7,127,0,-23.6865,1.06652,0.716182,0.0338904,0.0199087,0.394639,0.604875,0.0200882,0.156562,8.07616,8.25748,26.7254,37.8017,0.442624,0.308499,0.303085,0.346839,10.4089,21.6069,15.3607,18.7643,23.8919,18.637,34.9922,22.6816,40.1927,33.2444,29.9639,46.3375,16.574,49.3802,9.91954,42.9749,7.77034,34.4168,8.00426,27.0881,10.212,21.8424,14.9844,18.862,23.2966,18.5517,34.3815,22.2887,40.3016,32.4582,30.8324,45.7623,17.1688,49.5397,10.1505,43.4573,7.81899,34.8938,7.93869,27.4579,5.9867,65.8608,2.97023,70.9801,1.71285,54.9062,1.39996,37.9727,1.52929,25.9622,2.02171,18.6275,2.97854,14.9398,4.5705,14.5983,6.75529,19.2638,8.26521,35.0276,6.37607,63.2691,3.21176,71.9385,1.78978,56.9522,1.40868,39.6246,1.49771,27.0405,1.94726,19.2436,2.84451,15.1882,4.35962,14.4472,6.50469,18.3628,8.22447,32.4666
36.0717,0.982789,0.0309682,7,127,0,-27.8289,1.0623,0.842691,0.0352542,0.0263806,0.399948,0.536836,0.021437,0.154609,6.66119,6.50738,23.4993,22.1468,0.298966,0.354998,0.321029,0.359719,9.23591,18.6066,14.6174,16.0057,24.2307,16.1336,37.1955,20.8734,42.1509,33.8228,27.6444,49.0723,13.2918,50.142,7.54868,41.5571,5.9877,32.0593,6.43774,24.4795,8.67831,19.2261,13.5242,16.2558,22.4029,15.8823,35.2117,19.6726,42.7094,31.2101,30.5695,47.3723,14.8868,50.9244,8.07749,43.1072,6.07539,33.4551,6.25673,25.5181,6.98892,38.1461,4.5821,55.8246,2.3719,54.768,1.51216,42.681,1.33857,30.9198,1.54881,22.4952,2.14012,17.3926,3.25095,15.3043,4.99262,16.7936,6.84011,24.7104,6.65066,42.785,3.96695,57.3667,2.09003,52.4859,1.43224,39.8609,1.35521,28.7544,1.64324,21.0984,2.33447,16.6734,3.58244,15.2739,5.43778,17.8229,7.07172,27.8406
35.021,0.965182,0.0309682,7,127,0,-29.2941,1.07735,1.06121,0.0499976,0.0332229,0.379528,0.443927,0.0190668,0.175688,7.60468,6.95818,16.5739,30.8488,0.294511,0.291363,0.374638,0.303195,10.6131,13.4391,16.6756,11.8555,27.0948,12.221,40.137,15.8976,43.4848,24.8824,28.3375,34.3668,14.2104,34.7601,8.34489,29.2009,6.67247,22.956,7.10631,17.8608,9.40951,14.2562,14.3668,12.1714,23.3468,11.8428,36.2558,14.2537,44.6049,21.5281,34.0589,32.1322,17.5971,35.6143,9.55059,31.1754,6.91969,24.8213,6.78311,19.2947,4.55168,58.1558,1.64066,61.9167,0.751363,48.1553,0.555203,34.4731,0.609383,24.427,0.880798,17.7941,1.51237,13.9861,2.81775,12.9574,5.08954,16.4315,6.96299,31.4992,4.44566,58.6983,1.59764,61.653,0.740724,47.7535,0.554025,34.1547,0.613523,24.2078,0.892002,17.6573,1.53676,13.9203,2.86571,12.9765,5.1598,16.6334,6.96373,32.1634
31.9018,0.996536,0.0309682,7,127,0,-29.0938,0.939672,1.32224,0.030398,0.0392382,0.467343,0.36661,0.0241771,0.151939,6.56345,7.32478,23.2621,30.9909,0.273263,0.295584,0.422444,0.442481,9.09959,17.5399,14.4037,14.5014,23.9891,14.3104,37.7294,18.8326,45.1743,33.2858,30.2179,53.8982,13.7184,56.1399,7.47649,44.7927,5.91556,32.8201,6.45525,23.8023,8.83292,17.8684,13.8832,14.6367,23.106,14.2028,36.6922,18.239,45.3387,31.775,31.7839,52.7835,14.529,56.6663,7.72209,45.7438,5.94633,33.6172,6.35668,24.3597,4.77408,57.9723,1.53086,62.3657,0.622465,50.087,0.422757,37.4276,0.446853,27.6542,0.653987,20.7797,1.19109,16.4711,2.44147,14.8548,4.93864,17.7302,7.3578,32.3134,4.52145,59.0811,1.4385,61.8769,0.601023,49.3282,0.419603,36.8011,0.453025,27.1979,0.67296,20.4738,1.23707,16.3045,2.54424,14.8647,5.1121,18.127,7.36906,33.6983
29.4368,0.966957,0.0309682,7,127,0,-24.6211,0.952204,1.38484,0.0242644,0.0444551,0.478554,0.349089,0.0246474,0.139673,6.65285,8.06761,31.7068,33.1292,0.304283,0.249886,0.442215,0.420646,8.87208,23.6877,13.7488,19.2668,22.7144,18.529,35.9124,23.5242,44.2431,40.3613,31.195,66.0553,14.5629,70.4578,7.94783,56.7282,6.27855,41.6367,6.86158,30.2222,9.41793,22.7835,14.8225,18.8954,24.5256,18.8257,37.969,25.1393,43.74,44.3073,28.0844,68.6624,12.9975,68.9644,7.48046,54.2674,6.24645,39.6128,7.11488,28.8322,4.09087,57.4276,1.19978,56.213,0.511342,44.164,0.370654,33.0305,0.415597,24.5695,0.641266,18.6066,1.22712,14.8619,2.63462,13.5416,5.52122,16.5708,8.09427,31.547,4.39674,56.5571,1.28777,56.8354,0.530805,44.9364,0.372919,33.6521,0.408288,25.023,0.619471,18.9138,1.17287,15.032,2.50828,13.5331,5.29803,16.1535,8.08607,30.0377
28.0828,0.960801,0.0309682,7,127,0,-23.2963,1.01455,1.31153,0.0255545,0.0431721,0.409011,0.314328,0.0208136,0.110734,7.85519,6.06302,29.4177,27.971,0.297099,0.257591,0.451107,0.388624,11.0614,23.6935,17.3496,21.0169,27.8348,22.1781,40.1729,30.0157,41.5893,48.3171,25.928,65.7273,13.0517,64.4486,7.98455,52.7827,6.69904,40.6789,7.42237,31.2058,10.076,24.7753,15.5161,21.3536,24.9866,21.456,37.5753,27.3077,43.1305,43.1984,30.1092,63.0871,15.2374,66.2277,8.71848,55.7981,6.79237,43.3412,7.09302,33.1645,5.28565,39.2848,3.03976,45.438,1.64831,42.5708,1.11647,36.0349,1.00998,29.5201,1.18022,24.2765,1.67042,20.6858,2.64931,19.0829,4.25538,20.3162,5.90562,26.2242,5.62903,37.2314,3.42353,45.077,1.82384,43.5441,1.17392,37.306,1.00757,30.6465,1.12793,25.128,1.54933,21.2129,2.42207,19.2023,3.91881,19.8043,5.67737,24.6844
29.3475,0.92669,0.0309682,7,127,0,-19.9246,0.647512,0.894193,0.0258022,0.0255522,0.695159,0.50245,0.0386191,0.205821,7.13999,5.97888,18.5881,28.3515,0.384939,0.388286,0.320075,0.335258,9.18729,12.642,13.2379,9.65449,19.9733,9.06001,29.4861,11.6707,37.524,21.7026,31.3718,43.5842,16.0848,53.7085,8.71793,42.1539,6.77749,28.0758,7.19511,18.2443,9.32098,12.4529,13.476,9.57752,20.3451,9.09376,29.9414,11.9087,37.6548,22.4479,30.6934,44.5743,15.5653,53.5074,8.55168,41.479,6.75636,27.5375,7.25349,17.9086,5.02627,57.1326,2.20005,71.503,0.991659,58.6082,0.676265,41.7636,0.676899,28.936,0.88775,20.4881,1.37889,15.5581,2.33671,13.6589,3.97354,15.6289,5.85442,26.2638,5.31539,53.8011,2.43148,71.7039,1.06037,60.4619,0.690416,43.4099,0.666827,30.0842,0.854106,21.208,1.30829,15.9384,2.20462,13.7104,3.76636,15.1456,5.70175,24.4044
26.4116,0.972946,0.0309682,7,127,0,-18.1801,1.4179,0.694371,0.0406417,0.0271957,0.302199,0.659631,0.0164618,0.165093,7.39384,6.54778,30.0665,17.977,0.307462,0.232008,0.435241,0.373007,9.92203,25.5485,15.354,23.1392,24.7888,23.6684,35.8593,28.9157,37.1116,39.878,24.3521,49.3448,13.1566,49.1962,8.24719,43.0815,6.84395,35.9377,7.46475,29.8108,10.104,25.3824,15.7068,23.0881,25.3281,23.7926,36.2607,29.3184,36.7355,40.4607,23.6773,49.5634,12.801,48.9899,8.12054,42.7405,6.83222,35.6157,7.54004,29.5591,7.00948,29.295,5.2114,42.5529,3.13992,43.2598,2.17292,34.2044,1.96266,24.6929,2.21676,17.9256,2.89163,14.0436,4.04462,12.7839,5.62717,14.6295,6.98314,21.6932,6.50081,35.3596,4.25318,44.6965,2.62229,40.0891,2.01969,30.0807,2.01663,21.565,2.43864,16.0153,3.30107,13.2125,4.6534,13.0866,6.28361,16.6991,7.09589,26.6859
33.0929,0.998093,0.0309682,7,127,0,-18.5655,1.23625,0.504625,0.0552726,0.015743,0.338527,0.784142,0.0174526,0.21139,6.92745,6.25886,18.752,37.7314,0.414129,0.344065,0.264472,0.341467,9.35093,15.3573,14.6363,13.4253,24.2941,13.3448,37.551,16.2997,43.3111,24.1229,29.9568,33.2772,15.1112,34.7281,8.54223,30.1379,6.52285,24.3983,6.71689,19.471,8.76994,15.8398,13.461,13.6422,22.2864,13.1907,35.3139,15.4894,43.6852,22.4412,33.0398,32.0939,17.0194,35.0783,9.23709,31.1012,6.67954,25.3506,6.55845,20.2287,4.86852,57.2552,3.10919,60.0944,2.18979,47.3155,1.93321,33.1105,2.0719,22.9489,2.51939,16.93,3.2792,14.1842,4.35435,14.4359,5.58942,18.8627,6.33687,30.939,5.52398,51.0991,3.66493,61.6339,2.42448,52.6743,1.97067,37.8605,1.98477,26.0868,2.32348,18.6778,2.96837,14.8346,3.93456,13.9687,5.15188,16.6197,6.19555,25.4386
32.4554,0.980376,0.0309682,7,127,0,-24.3835,1.15176,0.69363,0.0243668,0.0227889,0.346653,0.622579,0.0177898,0.1433,8.17173,8.5709,38.1908,27.4748,0.417508,0.238949,0.305198,0.286265,11.0673,31.9329,16.8251,28.7884,26.3607,29.7205,37.5346,37.1984,39.9123,53.62,27.4571,69.9756,15.0111,71.4718,9.21615,62.1779,7.3733,50.7506,7.67255,40.9126,9.83646,33.6996,14.5101,29.4555,22.7595,28.8424,34.0731,33.7484,40.9491,47.2946,32.5075,65.737,18.3901,72.6957,10.5643,65.8434,7.70097,54.4931,7.37429,43.9322,7.31364,48.0785,4.16187,58.4307,2.3888,49.1459,1.82965,35.3351,1.8642,24.572,2.32004,17.704,3.25024,14.0678,4.78755,13.3208,6.89142,16.4326,8.55962,27.1684,7.36777,47.6973,4.21142,58.4552,2.40789,49.4008,1.83353,35.5718,1.85965,24.7346,2.30763,17.7998,3.22786,14.1092,4.75303,13.3058,6.8506,16.3226,8.54726,26.8662
35.8699,0.897439,0.0309682,7,127,0,-25.7044,1.30958,0.81582,0.0456955,0.0256104,0.311871,0.537919,0.0155961,0.173371,7.69882,5.95077,23.1034,26.3102,0.298177,0.345244,0.283075,0.290684,10.8481,19.4799,17.3314,17.6697,28.5159,18.3794,41.5846,23.3333,42.4469,33.7959,26.5505,42.7644,13.6185,42.3271,8.25753,36.4882,6.72156,29.9233,7.23986,24.369,9.72399,20.303,15.1377,17.957,24.9989,17.8603,38.4357,21.424,44.3515,30.5759,31.3658,41.1685,16.2491,43.2583,9.20681,38.283,6.90169,31.651,6.92135,25.7465,5.58736,43.3635,3.43319,55.682,1.92678,50.8642,1.37217,39.1525,1.30934,28.6978,1.56924,21.4116,2.17753,17.2028,3.24174,15.9522,4.76122,18.5558,6.04264,28.0512,5.36047,45.7016,3.17447,55.9284,1.81475,49.4954,1.3431,37.6694,1.32534,27.5863,1.6256,20.7101,2.28558,16.8742,3.41427,16.0317,4.96686,19.2932,6.09947,29.9571
31.6734,0.720903,0.0309682,7,127,0,-25.1017,1.93326,0.625799,0.0632663,0.0217638,0.21135,0.586704,0.0111762,0.12062,6.95307,8.19213,27.2903,39.3927,0.2476,0.254042,0.343194,0.326823,9.49333,24.164,15.1852,22.3689,25.6276,22.6382,38.5199,26.2781,40.4979,33.6732,26.5797,39.9425,14.0857,40.3026,8.39801,36.8086,6.51539,32.3085,6.68309,28.1098,8.72405,24.7509,13.5801,22.619,22.9162,22.3442,36.0067,25.1227,41.7631,31.8862,30.0879,39.0333,16.1658,40.6804,9.21616,37.7308,6.72084,33.295,6.49873,28.9699,5.62117,50.8021,3.49126,48.3368,2.53111,38.2844,2.30069,28.341,2.52747,21.0045,3.16037,16.3924,4.25432,14.1862,5.85414,14.4452,7.73355,18.2371,8.85562,28.0406,7.63576,43.2988,4.95964,51.4671,3.1495,46.0771,2.41858,35.557,2.32006,26.1896,2.64975,19.5777,3.39344,15.6069,4.61688,13.9984,6.33094,15.0031,8.16039,20.062
33.4462,0.975417,0.0309682,7,127,0,-25.654,1.55332,0.905461,0.0497876,0.0311697,0.278527,0.483757,0.0144039,0.152734,6.04826,6.28572,27.2596,21.8767,0.309733,0.303689,0.277576,0.379397,8.27433,22.813,13.5458,20.1084,24.0073,19.7981,39.4025,23.6111,45.7393,33.8582,29.6481,44.8808,13.9987,45.9334,7.63267,40.2998,5.75623,33.4797,5.99146,27.5208,8.10611,22.9958,13.1803,20.1946,23.3373,19.7367,38.6532,23.2803,46.0052,33.2206,30.6567,44.5346,14.5218,46.1009,7.80984,40.6366,5.79114,33.8065,5.93906,27.7857,6.35932,36.8217,3.90766,50.3898,2.01213,47.9117,1.30435,37.6519,1.16817,27.8974,1.36273,20.7834,1.90178,16.3562,2.9287,14.4741,4.57091,15.7027,6.36026,22.464,6.26993,37.8076,3.76645,50.6738,1.94894,47.4368,1.28592,37.0649,1.17094,27.4335,1.38253,20.4726,1.94386,16.1863,3.0028,14.4496,4.67585,15.8957,6.42904,23.0808
31.3996,0.962934,0.0309682,7,127,0,-20.8191,1.53977,1.04687,0.0691707,0.0350475,0.291631,0.467703,0.0148879,0.182768,5.86208,5.52706,20.2716,21.7997,0.299444,0.325116,0.278387,0.398861,7.66187,16.7038,12.2804,14.4091,21.8616,13.7724,37.3188,15.9052,47.0845,22.7833,32.82,31.6471,15.3554,33.411,8.01799,29.4158,5.84441,24.2702,5.97904,19.7543,8.05824,16.3373,13.1683,14.2231,23.5465,13.8535,39.3647,16.4795,46.6224,23.9906,30.1236,32.3661,13.9406,33.0995,7.55091,28.7662,5.75793,23.6456,6.12561,19.255,5.53359,39.6483,2.88611,53.991,1.31079,48.4207,0.841538,36.5672,0.800873,26.5006,1.02733,19.5377,1.59782,15.4552,2.73051,14.2281,4.5602,17.2042,5.98508,29.047,4.31498,49.0242,1.92133,53.0892,1.00421,42.7285,0.786127,31.3315,0.876025,22.7583,1.24888,17.2247,2.05806,14.4742,3.5414,14.9521,5.47201,21.3986,5.59698,38.9029
32.6241,0.994491,0.0309682,7,127,0,-24.7236,1.81502,0.640482,0.0480817,0.0190825,0.234162,0.698858,0.0117675,0.150298,7.88669,8.19618,34.7691,27.7693,0.287685,0.25381,0.410272,0.314124,10.1381,30.5171,15.3885,27.9571,24.9737,27.9223,37.1397,31.8731,40.6228,40.4931,28.6893,48.6388,16.0533,49.7765,9.82775,45.6131,7.71545,39.9019,7.93934,34.5501,10.299,30.3618,15.7176,27.8931,25.5057,28.001,37.6008,32.168,40.3641,40.9352,28.0176,48.856,15.6445,49.6704,9.6652,45.3697,7.68186,39.6461,7.99609,34.3335,7.68835,47.3067,5.00872,61.5546,3.04282,55.0171,2.3195,40.4498,2.30011,28.2672,2.76042,20.4384,3.70536,16.4105,5.19902,15.82,7.09015,19.7731,8.34956,32.0043,7.0858,52.6649,4.35663,61.6156,2.7604,51.3756,2.26179,36.8871,2.37589,25.8261,2.9563,19.0563,4.03934,15.9181,5.6706,16.3107,7.5526,21.9493,8.31366,36.9739
34.8221,0.625651,0.0309682,7,127,0,-24.3653,1.86835,0.73481,0.0661139,0.0225303,0.21988,0.578981,0.0107681,0.13628,6.66429,8.24537,25.3901,34.4827,0.328893,0.268804,0.316635,0.368325,9.02567,22.1276,14.5956,20.0925,25.5301,19.9022,41.1423,22.8516,47.2884,30.0872,32.064,37.4942,16.1366,38.6971,8.92176,35.3242,6.50392,30.7224,6.39986,26.389,8.18026,22.8666,12.7379,20.4744,22.0991,19.7173,37.1337,21.6924,47.8719,27.8901,37.0952,36.0476,19.3373,38.9925,10.1586,36.4104,6.85215,31.9184,6.25445,27.4428,6.31824,53.8144,3.57222,58.4838,2.21472,47.8964,1.81955,35.0767,1.93569,25.272,2.46587,19.0244,3.48867,15.897,5.11746,15.9029,7.15885,20.5626,8.25617,33.7667,6.43373,53.2176,3.65353,58.679,2.24474,48.406,1.82379,35.5257,1.92367,25.5811,2.43719,19.2044,3.43858,15.9625,5.04373,15.8337,7.08352,20.2553,8.26189,33.0642
30.9971,0.999672,0.0309682,7,127,0,-23.4829,1.13083,0.943983,0.0305392,0.0299926,0.389578,0.486468,0.0195334,0.198062,7.53289,5.45404,32.0589,21.9497,0.278033,0.381392,0.493258,0.299547,9.74049,25.6119,14.7139,21.9068,23.7446,21.4428,36.2354,26.0445,42.5624,39.0233,30.7264,55.4383,16.0036,58.5667,9.27802,50.2228,7.28476,39.7912,7.69316,31.0973,10.1918,24.9884,15.6064,21.6492,25.206,21.6838,37.7251,27.1639,42.0565,41.2419,28.542,56.7806,14.7448,57.9078,8.83995,48.8903,7.22466,38.5635,7.88542,30.1777,5.52687,42.4237,2.87001,60.5233,1.25754,54.4727,0.776955,40.5331,0.712875,28.7555,0.881401,20.6251,1.32373,15.6871,2.20988,13.559,3.74942,14.8682,5.58943,23.2084,5.34531,44.7877,2.64803,60.8562,1.18233,53.2614,0.759094,39.3078,0.719117,27.8598,0.908848,20.0478,1.38313,15.3756,2.32177,13.512,3.92284,15.2458,5.70736,24.5959
34.2785,0.994142,0.0309682,7,127,0,-28.5428,1.24042,0.677211,0.0297713,0.0211064,0.34615,0.629109,0.0165695,0.138968,6.87046,8.54896,34.271,32.2754,0.33947,0.23332,0.263945,0.329703,9.51014,27.6743,15.3672,23.9204,26.4219,23.7218,42.1747,29.5624,48.8368,45.7995,31.8326,64.649,14.9553,66.3257,8.22935,56.2825,6.34112,44.7404,6.71402,35.1746,9.08791,28.2729,14.4953,24.1852,24.8866,23.5144,40.4407,28.4688,49.3196,43.4754,34.2744,63.2143,16.2479,66.9779,8.65685,57.591,6.41896,45.955,6.58119,36.1116,6.90049,52.1223,4.04658,58.9591,2.51283,48.765,2.04117,35.3687,2.13781,25.0741,2.67135,18.5738,3.69677,15.3143,5.30711,15.1561,7.32796,19.4175,8.54897,31.8972,6.96174,51.7564,4.09535,59.0379,2.53172,49.0524,2.04427,35.6271,2.13123,25.2506,2.6554,18.6755,3.66931,15.3522,5.26723,15.1224,7.2865,19.26,8.54754,31.5235
31.3993,0.966847,0.0309682,7,127,0,-25.4218,1.35568,0.4806,0.0625733,0.0148238,0.305088,0.912251,0.0164484,0.256678,7.30282,5.54911,18.7377,24.0169,0.209359,0.342507,0.300616,0.292109,9.66382,15.8315,14.7602,14.1989,23.7461,14.2829,35.1347,17.1018,38.7764,23.6362,27.2152,30.4051,14.775,31.3823,8.86098,27.8813,6.92884,23.3134,7.13038,19.2427,9.18733,16.1742,13.817,14.3418,22.2163,14.1353,33.6364,16.4776,39.2688,22.5259,29.3361,29.719,16.1313,31.612,9.39273,28.505,7.0516,23.9545,6.99412,19.7685,5.58664,41.5638,4.19776,59.8369,2.76106,57.822,2.1091,42.7245,2.01743,28.8767,2.28445,20.0092,2.85362,15.4403,3.71624,14.3233,4.7889,17.0996,5.66408,26.5997,5.40911,45.7899,3.87127,61.28,2.57593,55.3256,2.05659,39.7096,2.04432,26.7705,2.37139,18.8257,2.99824,14.9652,3.91342,14.5096,4.99601,18.276,5.73533,29.5981
29.5414,0.471708,0.0309682,7,127,0,-20.4839,0.874171,0.451492,0.0167552,0.0133044,0.50345,0.964362,0.0277447,0.128616,7.01813,12.2885,36.4389,28.5838,0.529594,0.343344,0.302785,0.300617,9.89572,27.7087,15.5251,23.6453,25.0108,24.842,36.8546,35.491,39.3446,64.4985,23.8306,95.7192,11.3183,91.9971,6.8999,70.7188,6.01432,50.8684,6.97928,36.6787,9.81026,27.8443,15.3686,23.6828,24.7686,24.7435,36.6342,35.1046,39.5118,63.6956,24.2009,95.3892,11.4804,92.3632,6.9461,71.1875,6.01191,51.2329,6.94123,36.921,11.4063,52.0558,7.79942,68.8705,5.11364,58.9679,4.15723,40.2205,4.23097,26.0768,4.9896,17.8674,6.36408,14.0429,8.3435,13.7012,10.6982,17.7575,12.36,30.369,11.1229,54.5766,7.4529,68.9802,4.95591,57.1723,4.12792,38.5619,4.27727,25.0366,5.09656,17.3253,6.53133,13.859,8.56464,13.8664,10.9199,18.5109,12.402,32.2889
31.5284,0.972926,0.0309682,7,127,0,-20.4538,0.915583,0.468244,0.0410359,0.0136386,0.462303,0.93062,0.0225833,0.166918,6.97939,8.94918,14.9806,27.8519,0.249114,0.427118,0.285563,0.281754,10.2138,11.4041,16.6663,9.65535,28.0734,9.97196,43.6326,14.0896,49.1444,26.4423,29.4396,41.6514,12.7458,41.1221,7.0511,31.9686,5.72501,23.1484,6.37169,16.6615,8.8281,12.4098,13.9968,10.0485,23.5471,9.57435,38.297,12.0294,50.0892,21.0772,37.6189,37.671,16.8263,43.0037,8.2608,35.2957,5.90373,25.9172,5.96605,18.6031,8.55144,49.0419,6.07813,66.4412,4.00839,59.6823,3.19036,42.3005,3.17259,28.1272,3.68274,19.5246,4.65734,15.3432,6.08359,14.7402,7.79531,18.4903,9.04187,30.2042,8.28388,52.4616,5.70868,66.9412,3.82492,57.3804,3.14872,39.9567,3.21577,26.5845,3.7929,18.6928,4.83311,15.0442,6.3174,14.9599,8.03,19.5431,9.0918,32.8108
35.7757,0.78422,0.0309682,7,127,0,-22.6599,1.09701,0.363757,0.0216335,0.0112756,0.379565,1.18061,0.0194068,0.160298,7.67828,11.1333,39.53,27.6814,0.33812,0.332269,0.25688,0.268145,10.6554,32.1854,16.6666,28.5322,26.9023,29.5806,39.2922,38.5756,41.5277,59.6078,26.6811,80.2308,13.607,79.9963,8.22916,67.0291,6.76242,52.8203,7.36016,41.3256,9.89645,33.3074,15.2254,28.9162,24.628,28.9122,37.1773,36.0047,42.6529,54.8411,29.9756,77.6793,15.3986,81.5097,8.85088,69.8122,6.85689,55.3644,7.10935,43.2481,10.4399,49.6603,7.67017,65.8672,5.4223,56.6429,4.57542,38.1544,4.65723,24.3239,5.34787,16.5383,6.53281,13.0799,8.14104,12.9579,9.94418,16.9656,11.1656,28.7708,10.3046,51.2074,7.48701,66.0105,5.33044,55.5053,4.55788,37.0807,4.68495,23.6646,5.40918,16.2066,6.62358,12.9754,8.25424,13.0684,10.0522,17.4274,11.189,29.9118
34.7889,0.956265,0.0309682,7,127,0,-28.9484,0.666306,0.390495,0.0205917,0.011931,0.67156,1.05197,0.0345714,0.155004,7.63863,10.6145,21.1763,32.8009,0.275892,0.332468,0.295485,0.332869,10.3525,14.681,15.4537,11.6223,23.8283,11.5875,35.218,16.3524,42.4702,33.1389,30.5553,63.3939,14.3449,68.4165,8.11592,50.4267,6.75355,33.0404,7.57184,21.5141,10.2083,14.8618,15.2007,11.6862,23.4362,11.5224,34.7666,16.0151,42.4795,32.1318,31.3089,62.4248,14.7661,68.8642,8.2362,51.192,6.75874,33.6056,7.50767,21.8592,9.29198,55.4101,6.49644,65.7951,4.64373,53.4796,4.0312,36.1246,4.19438,23.6792,4.89602,16.6243,6.06505,13.4984,7.65036,13.5842,9.42361,17.8313,10.5859,29.8618,9.6673,51.8551,6.91755,65.928,4.84243,56.239,4.06677,38.6413,4.12924,25.2584,4.75267,17.4465,5.84977,13.7767,7.37636,13.3439,9.15216,16.7675,10.5019,27.224
33.2111,0.744082,0.0309682,7,127,0,-21.3024,1.2115,0.552047,0.0310263,0.0175901,0.351147,0.771019,0.0179548,0.141349,7.25105,9.67411,31.558,23.9284,0.329564,0.345038,0.265898,0.233914,10.0606,25.8543,15.9907,22.859,26.5036,23.3893,39.7503,29.8989,42.4342,45.3644,26.8657,60.3386,13.4041,60.114,7.97472,50.8229,6.50562,40.5835,7.10792,32.1924,9.70389,26.2597,15.2904,23.0035,25.3666,23.1508,38.7018,28.9678,43.0859,43.702,28.473,59.5569,14.2234,60.6724,8.25076,51.7671,6.54121,41.4431,6.9801,32.8468,9.36989,44.3083,6.18979,62.471,3.6535,56.7015,2.69451,40.5061,2.60253,27.0436,3.04759,18.5415,3.99486,14.0196,5.51361,12.608,7.58236,14.6409,9.5834,22.9933,9.50555,42.6543,6.42087,61.9659,3.76722,57.6542,2.72562,41.5818,2.59029,27.7919,3.00221,18.9768,3.91374,14.222,5.39195,12.6082,7.43172,14.3568,9.48333,22.1149
27.3506,0.994119,0.0309682,7,127,0,-20.8976,0.889926,0.405705,0.0328928,0.0132823,0.497241,0.970893,0.026734,0.173693,6.52512,9.02015,20.2392,34.5114,0.25701,0.310503,0.295119,0.540823,8.95419,15.0701,13.9751,12.3642,22.9045,12.1887,35.5693,16.1313,42.6438,28.8846,29.0579,47.6988,13.3975,49.9952,7.38887,39.5248,5.90961,28.5444,6.48704,20.4129,8.86175,15.1737,13.798,12.4054,22.6099,12.153,35.2301,15.9409,42.7027,28.3973,29.5796,47.3389,13.6685,50.1746,7.47042,39.8381,5.91792,28.8014,6.45015,20.5886,7.39462,56.0641,4.94042,61.5087,3.54714,47.8253,3.14368,32.0384,3.33277,21.1497,3.95085,14.9919,4.96285,12.2446,6.34559,12.323,7.92453,16.1183,9.02356,27.0215,8.3061,47.7174,5.86478,62.3948,3.96624,54.4966,3.21944,38.0041,3.19916,24.934,3.65138,17.0179,4.50405,13.0132,5.74327,11.9367,7.28479,13.9767,8.7128,21.4018
35.3817,0.9733,0.0309682,7,127,0,-21.7986,1.22239,0.642187,0.0507546,0.0201458,0.347754,0.73728,0.0181553,0.145858,6.49679,9.35774,19.5749,21.7044,0.357103,0.360763,0.374766,0.289234,9.03448,15.8641,14.5569,13.8001,24.7878,13.817,38.9136,17.381,44.1167,26.8854,28.5182,37.4721,13.5822,38.1884,7.60303,32.3724,5.92247,25.747,6.29451,20.265,8.50247,16.3179,13.4734,13.9943,22.9134,13.6423,36.8594,16.5187,44.7579,25.0986,31.4436,36.3871,15.147,38.6902,8.12772,33.3806,6.01895,26.6855,6.13135,20.9898,9.4907,43.1992,5.87009,64.7124,3.11324,57.9361,2.20151,40.2254,2.16251,26.2617,2.66002,17.7492,3.71572,13.4161,5.47414,12.429,7.91267,15.6955,9.89274,28.1144,8.33808,53.8028,4.52834,65.1385,2.60999,51.1653,2.11362,34.1686,2.29404,22.3994,2.99338,15.6555,4.30193,12.6442,6.35314,13.0369,8.8675,18.9376,9.85677,36.9715
30.4515,0.974053,0.0309682,7,127,0,-26.2111,1.26784,0.658615,0.0555437,0.0215638,0.331971,0.686342,0.0201941,0.127346,6.20897,9.61384,18.8983,24.0697,0.316392,0.43197,0.375732,0.241996,8.49971,15.6776,13.3644,13.952,21.9705,14.206,32.7836,17.748,35.2522,25.9992,23.0218,34.0709,11.8022,34.3286,7.03827,29.5483,5.66135,24.0118,6.06715,19.3448,8.13652,15.969,12.6492,14.061,20.8102,14.0476,31.6991,17.1233,35.833,24.8963,24.6515,33.5045,12.693,34.6569,7.35386,30.1741,5.71385,24.6042,5.9454,19.8078,9.25649,41.9191,6.00944,56.417,3.53353,51.1331,2.61765,37.6164,2.5609,26.1566,3.0707,18.7397,4.15424,14.8457,5.91022,14.0804,8.21213,17.3721,9.88202,28.2164,8.4796,47.5961,5.1157,56.7497,3.1482,47.4509,2.53495,33.9582,2.65177,23.6398,3.31686,17.3015,4.58327,14.3032,6.53211,14.5099,8.85031,19.4744,9.87484,33.2409
30.8073,0.908735,0.0309682,7,127,0,-22.387,0.939142,0.624538,0.0553083,0.0181736,0.456109,0.68913,0.0265635,0.134924,7.18816,8.95945,12.8142,30.3258,0.293491,0.355284,0.374791,0.302057,9.81144,10.1319,14.9412,8.86134,23.3631,9.27171,33.2979,12.5131,35.07,20.3325,22.7877,28.2761,11.8558,27.9273,7.4306,22.6232,6.35825,17.134,7.12761,12.9418,9.67461,10.2067,14.6934,8.88201,22.9934,9.21671,32.986,12.3168,35.3002,19.973,23.3207,28.1118,12.1282,28.0709,7.51924,22.8415,6.36146,17.3185,7.06945,13.0716,8.13312,49.9193,5.31716,62.3518,3.33557,55.1871,2.59944,40.9087,2.58858,28.9604,3.08328,21.2005,4.08431,17.1562,5.64751,16.5012,7.61706,20.2374,9.00632,31.7159,7.92782,51.6357,5.09004,62.4205,3.23203,54.0352,2.57545,39.7339,2.61215,28.133,3.14833,20.7178,4.19588,16.9653,5.8063,16.6197,7.78281,20.8532,9.03331,33.184
28.9007,0.966467,0.0309682,7,127,0,-22.766,1.67989,0.523266,0.0338184,0.0147058,0.263487,0.835316,0.0123442,0.139563,6.339,10.7213,42.0079,24.995,0.353037,0.388378,0.273767,0.325621,9.24529,35.4349,16.095,31.6624,29.8576,32.036,48.7365,40.0368,50.4153,58.668,27.6717,73.4751,12.3568,71.271,6.98779,61.3167,5.64727,50.8047,6.34975,41.9571,9.27442,35.4004,16.1592,31.649,29.9741,32.0581,48.84,40.1254,50.3146,58.8055,27.5265,73.5123,12.298,71.2193,6.96986,61.2457,5.64587,50.7405,6.36059,41.9064,10.6143,50.3839,6.88455,75.6538,3.90125,67.8081,2.84371,46.3364,2.772,29.5024,3.28852,19.4121,4.35404,14.255,6.05204,12.6808,8.38333,14.9699,10.7043,24.8291,10.6374,50.0558,6.92554,75.5558,3.92,68.0064,2.84829,46.5416,2.76953,29.6362,3.28066,19.486,4.3403,14.2879,6.03151,12.6798,8.35771,14.9197,10.6872,24.665
33.0675,0.742903,0.0309682,7,127,0,-22.4302,2.31032,0.505711,0.0833693,0.013715,0.183315,0.912299,0.00959697,0.153608,6.57226,9.78288,25.7159,25.4046,0.284486,0.284613,0.330444,0.299371,8.74188,22.9984,14.0278,21.2874,24.3967,21.211,38.4201,23.8817,42.0899,29.7295,27.9367,34.905,14.5501,35.4083,8.44667,32.7656,6.41393,29.2303,6.52489,25.8558,8.59016,23.1024,13.6946,21.3357,23.8062,21.1652,37.8574,23.686,42.3865,29.4336,28.6943,34.7662,14.9787,35.4748,8.61094,32.9157,6.45255,29.3908,6.48127,25.9971,9.95644,48.3902,7.0136,73.4126,4.24529,68.4324,3.16652,47.7219,3.09124,30.7053,3.63293,20.5228,4.7273,15.5501,6.40408,14.5743,8.53131,18.3781,10.1928,31.6562,9.18017,58.9854,5.8422,75.3244,3.70569,61.4875,3.05558,40.9409,3.21885,26.4091,3.9534,18.2706,5.25029,14.767,7.12171,15.2338,9.26069,21.5688,10.2534,39.9737
32.8317,0.998475,0.0309682,7,127,0,-27.5569,2.14336,0.454561,0.0630267,0.0138916,0.190513,0.900392,0.00895967,0.183325,6.79657,7.53722,30.1703,31.0344,0.271529,0.32393,0.247511,0.384886,9.68517,26.7929,16.3969,24.7954,29.5284,25.0382,46.799,29.1745,49.096,37.8112,29.9859,44.8214,14.6517,44.8837,8.27539,40.9153,6.24588,36.0165,6.37485,31.4583,8.46108,27.7407,13.6926,25.2417,24.562,24.6337,41.6672,27.322,51.4032,34.7937,36.7215,43.3095,18.3433,45.5077,9.64428,42.3777,6.60382,37.5715,6.14081,32.8319,6.85845,48.4525,5.03114,58.842,3.60965,52.0948,3.02921,38.4776,3.04109,27.0803,3.47392,19.8814,4.27184,16.3463,5.39492,16.0448,6.66798,19.7123,7.51694,29.8076,6.97964,46.9752,5.18654,58.6634,3.69449,53.1165,3.05165,39.6038,3.02251,27.8765,3.4231,20.335,4.19131,16.5186,5.29049,15.9385,6.56543,19.2008,7.48624,28.6405
31.5562,0.734134,0.0309682,7,127,0,-22.9012,1.86029,0.38585,0.100238,0.0109812,0.233288,1.09994,0.0110532,0.2012,6.97645,8.81233,17.2247,29.9229,0.223364,0.263987,0.374832,0.279334,9.02672,14.8694,14.2212,13.3396,24.6925,13.0223,40.3306,14.7431,47.9704,19.3697,33.6002,24.4431,17.0791,25.4099,9.48173,23.1471,6.99496,20.0176,7.02306,17.0974,9.1889,14.7759,14.5811,13.2926,25.3513,13.0491,41.0561,14.8957,47.7542,19.6441,32.6586,24.598,16.5326,25.3526,9.27971,23.0049,6.94892,19.8694,7.07426,16.9716,8.12241,57.1073,5.59017,76.227,3.73774,63.3412,3.10293,41.3044,3.18318,25.6463,3.72462,16.9884,4.66137,13.0621,5.9735,12.6006,7.53423,16.2995,8.76683,28.3889,8.26948,54.6912,5.79167,75.9576,3.83281,65.0511,3.12162,42.8737,3.15846,26.596,3.66742,17.4715,4.57363,13.239,5.85805,12.5114,7.41091,15.79,8.71039,26.9553
31.0616,0.985529,0.0309682,6,63,0,-23.0285,1.81469,0.40799,0.0911498,0.0114737,0.236496,1.05214,0.0118125,0.229315,7.21491,7.49732,18.0037,32.4086,0.201456,0.255078,0.330941,0.306548,9.60918,15.6589,15.2185,14.2553,25.8175,14.261,39.7103,16.5933,43.1124,21.7888,28.5353,26.5174,14.8974,26.8368,8.81788,24.2285,6.91174,20.9301,7.24998,17.9293,9.71235,15.6065,15.4353,14.2337,26.1834,14.2886,40.0352,16.7002,42.9017,21.9515,28.0657,26.5886,14.6427,26.7912,8.72423,24.1404,6.89489,20.8415,7.28657,17.8555,6.68649,60.0483,4.47657,75.6237,3.01721,60.9316,2.55599,39.7372,2.66977,25.0507,3.17129,16.9749,4.01996,13.4307,5.19998,13.4198,6.56672,18.0572,7.49515,32.2397,6.70115,59.8216,4.49272,75.6377,3.02413,61.1034,2.55697,39.8824,2.66726,25.1372,3.16601,17.0183,4.01198,13.4445,5.18965,13.4052,6.55638,17.9933,7.49285,32.0719
30.0938,0.710084,0.0309682,7,127,0,-19.6503,1.13303,0.664008,0.0329808,0.0212177,0.406886,0.695337,0.0224215,0.145066,6.27482,9.54791,30.2812,22.5751,0.408664,0.368222,0.46082,0.289825,8.07494,23.5886,12.3868,19.6369,20.6182,18.7627,32.9081,22.6611,40.4709,35.2511,29.0257,52.8307,14.1844,56.2268,7.86092,47.317,6.13066,36.6541,6.5969,28.0484,9.01878,22.1519,14.3135,19.0273,23.9008,19.2697,36.391,25.2478,39.1097,40.65,23.9301,55.7788,11.5939,54.3058,7.04766,44.1168,6.07818,33.8778,7.07801,26.0484,9.16236,46.4209,5.14354,65.9801,2.63488,56.1775,1.88262,38.386,1.88557,25.0106,2.36753,16.8911,3.38005,12.692,5.10197,11.6018,7.58954,14.4248,9.83261,25.9422,8.50486,52.0695,4.45309,65.9741,2.39404,52.6583,1.83988,35.3245,1.94331,23.051,2.51892,15.8024,3.65444,12.2406,5.53401,11.7747,8.11796,15.7314,9.9715,29.9935
29.9967,0.93276,0.0309682,7,127,0,-19.9192,1.06879,0.675449,0.0367146,0.020863,0.381073,0.654244,0.0187929,0.176381,8.15913,7.56759,20.9863,29.311,0.498543,0.326202,0.237393,0.36669,11.8541,17.2288,19.0202,15.6262,30.8126,16.9297,43.6783,23.4494,42.441,37.2829,24.7901,48.2341,12.377,45.994,7.71644,37.6419,6.60186,29.3101,7.43437,22.7826,10.2453,18.3094,16.0218,15.9168,26.188,16.0431,39.7752,20.3527,45.5141,31.8571,31.2697,45.8552,15.5827,47.9656,8.78291,40.7475,6.73482,32.0557,6.94321,24.8314,6.27143,54.3966,3.3511,65.3935,1.87889,52.7219,1.46352,36.4457,1.5355,24.5476,1.96418,17.2814,2.81213,13.5924,4.21042,13.0098,6.12771,16.7506,7.57933,29.8464,6.19426,55.0435,3.29045,65.2746,1.85806,52.2692,1.46038,36.064,1.54228,24.2993,1.98075,17.1414,2.84159,13.5363,4.2558,13.0418,6.18066,16.9435,7.58882,30.393
33.5603,0.995458,0.0309682,6,63,0,-25.738,1.08675,0.653499,0.0367421,0.020077,0.377052,0.637123,0.0197545,0.158938,7.89417,7.49195,24.0655,31.4159,0.496705,0.347149,0.275523,0.333768,10.5318,19.7293,15.8717,17.4701,24.8484,17.8043,35.8597,22.2763,39.306,32.8894,27.64,44.4724,15.0143,45.9916,9.11452,39.662,7.27461,31.8398,7.60021,25.2196,9.79204,20.4705,14.4776,17.7555,22.6687,17.4651,33.7169,20.8765,39.9018,30.2101,30.7826,42.651,17.0735,46.5784,9.90944,41.2638,7.44683,33.4201,7.38468,26.4567,6.28686,51.443,3.79508,60.3474,2.33822,51.0921,1.85256,37.3554,1.88915,26.4518,2.30529,19.4252,3.12968,15.7274,4.4396,15.076,6.14875,18.4439,7.44708,29.203,6.58896,48.8722,4.08751,60.4356,2.4624,52.8558,1.88072,39.0816,1.86171,27.6689,2.22823,20.1521,2.99379,16.0447,4.23709,14.9718,5.91582,17.6735,7.36085,27.1838
31.6697,0.930425,0.0309682,7,127,0,-25.5876,1.15282,0.568933,0.0436042,0.0177066,0.357132,0.713002,0.0186822,0.161984,6.45505,7.78206,19.8305,29.9438,0.222226,0.299065,0.394293,0.322948,9.41475,16.0322,15.577,14.0764,26.7471,14.4971,41.5165,19.2046,44.9739,31.2529,26.9773,43.5493,12.3384,43.2034,6.90911,35.8404,5.45618,28.042,5.87269,21.7576,7.99367,17.2753,12.7228,14.5912,21.8048,13.9788,35.9764,16.6817,46.5098,25.7721,34.9514,40.0183,16.557,44.7123,8.29499,38.9303,5.73726,30.8926,5.52971,23.9508,6.83452,49.5988,4.41952,60.5441,2.81391,52.4302,2.22748,38.2629,2.22641,26.7392,2.63069,19.3242,3.433,15.391,4.67649,14.4619,6.28463,17.1736,7.64983,26.3258,7.28457,44.7291,4.97965,59.8597,3.08675,55.4739,2.30201,41.5699,2.18694,29.1146,2.49917,20.7508,3.20235,16.0524,4.33852,14.4039,5.8847,16.0896,7.41503,23.3123
30.7486,0.907806,0.0309682,7,255,0,-21.5002,0.973038,1.28755,0.0451102,0.04076,0.473274,0.386807,0.0226185,0.184096,7.41226,5.46497,17.4915,23.5206,0.452186,0.349879,0.368108,0.316705,9.89267,13.1932,15.3263,10.8562,25.222,10.5946,39.3036,13.6434,46.674,23.2367,31.6448,36.343,14.983,37.5687,8.51204,30.1003,6.96066,22.2103,7.79324,16.2859,10.8619,12.4675,17.2114,10.5876,28.3139,10.9302,42.4418,15.1851,45.0489,26.5765,26.7668,37.9865,12.7196,36.1626,7.85381,28.1115,6.97334,20.6091,8.29474,15.1993,5.05555,45.4151,2.01505,58.3177,0.774439,49.9604,0.470892,37.7961,0.452052,27.8695,0.613087,20.8162,1.04997,16.3824,2.04336,14.6208,3.9651,17.0061,5.87475,29.3455,3.97639,52.7256,1.4116,56.8738,0.620445,45.818,0.443755,34.1635,0.484341,25.2084,0.718532,19.0571,1.29951,15.4712,2.57172,14.7984,4.75859,19.5385,5.76035,36.9812
33.6465,0.985952,0.0309682,7,127,0,-26.4312,1.01982,1.12146,0.0487125,0.0325135,0.414102,0.448935,0.0211287,0.150571,7.52223,6.34503,15.5584,19.7691,0.334572,0.264512,0.353833,0.424317,10.625,12.4029,16.8243,10.8816,27.3983,11.382,40.328,15.4293,42.4119,25.3411,26.1466,35.1107,12.8084,34.4039,7.71286,27.9614,6.46039,21.3729,7.21019,16.2704,9.9052,12.8338,15.4655,11.0203,25.2471,11.106,38.3198,14.3545,43.6294,23.256,29.3457,34.0816,14.3967,35.1696,8.22554,29.1772,6.51279,22.423,6.95417,17.0326,7.91362,38.9186,4.29329,64.8554,1.56119,61.9706,0.815446,46.6933,0.689635,33.2373,0.847086,23.7388,1.3358,17.7639,2.43133,14.903,4.58553,15.8821,7.4718,25.2536,6.86445,51.4248,2.80116,66.9827,1.12453,55.918,0.721466,40.6976,0.722663,28.8623,0.997526,20.8901,1.68909,16.2094,3.1657,14.7197,5.80105,18.2017,8.00316,34.057
35.9168,0.917813,0.0309682,7,127,0,-27.4769,2.01968,0.483029,0.0559161,0.0155492,0.208926,0.855408,0.010626,0.161631,6.67496,8.94435,33.2878,31.8278,0.2519,0.286929,0.272839,0.234588,8.80037,29.2668,13.9803,26.7102,24.1814,26.4081,38.6038,29.8964,44.073,38.29,30.2254,46.6294,15.6401,47.9425,8.87623,44.0656,6.60037,38.7207,6.59852,33.6475,8.54732,29.5333,13.4245,26.8419,23.1785,26.3207,37.5376,29.4457,44.416,37.5209,31.6073,46.1985,16.4691,48.0855,9.1955,44.4536,6.68136,39.1389,6.53323,34.013,7.50853,52.9225,4.86978,60.8862,3.30418,49.2072,2.81506,33.9329,2.95388,22.8389,3.54974,16.3267,4.58788,13.3155,6.07059,13.3206,7.8046,17.3777,8.93128,29.1034,7.87799,49.8938,5.22743,61.2548,3.4583,51.5702,2.84119,36.047,2.90173,24.2025,3.43141,17.0644,4.40111,13.5788,5.82024,13.1092,7.54766,16.391,8.8638,26.6389
33.9562,0.955222,0.0309682,7,127,0,-28.3973,1.86557,0.449347,0.0702621,0.0146504,0.23868,0.975912,0.012283,0.24374,6.40002,6.58925,24.5181,23.952,0.290084,0.318357,0.312893,0.328234,8.37745,21.0976,13.3812,18.9171,23.4767,18.5696,38.2105,21.3368,43.9491,28.4225,29.2204,35.5576,14.5466,36.3076,8.21685,32.6746,6.28587,28.0529,6.58214,23.8675,8.96359,20.6308,14.6714,18.7053,25.7844,18.7707,40.4419,22.2384,42.6142,29.87,26.153,36.1719,12.9854,35.8812,7.67506,31.9035,6.20268,27.2944,6.82088,23.2442,6.30365,45.2916,4.34293,63.4184,2.77014,55.593,2.19231,37.7536,2.20086,24.088,2.58445,16.154,3.30025,12.3868,4.34957,11.7805,5.63784,14.9629,6.64943,25.6135,6.15062,47.9496,4.12789,63.7946,2.66948,53.7917,2.17141,36.0306,2.22516,23.0072,2.64407,15.5886,3.39509,12.1801,4.47761,11.9048,5.77303,15.6299,6.69221,27.4266
36.465,0.51533,0.0309682,7,127,0,-23.9646,1.87328,0.737218,0.0719565,0.0225043,0.221283,0.574154,0.0113609,0.146351,6.52862,8.14547,22.9252,29.2826,0.22965,0.276643,0.329153,0.365163,9.11479,20.0353,15.0431,18.3438,26.3883,18.4961,41.2749,21.8002,43.9825,28.975,27.6359,35.1745,13.7545,35.3501,7.88815,31.8616,6.05167,27.5732,6.26017,23.662,8.34831,20.5629,13.3956,18.5793,23.4656,18.2551,38.3666,20.7526,45.4062,27.2558,31.5925,34.3243,15.9151,35.7518,8.68248,32.7363,6.23882,28.4765,6.07258,24.4359,6.89601,51.9231,3.756,63.3666,2.05674,53.5203,1.5243,38.819,1.52752,27.2014,1.89893,19.5964,2.69377,15.3523,4.06666,14.0662,6.07874,16.5359,7.99278,26.4083,7.36475,47.9336,4.22274,63.2693,2.23717,55.9422,1.56708,41.1854,1.50014,28.8822,1.8092,20.6319,2.52264,15.8633,3.7859,14.0656,5.704,15.7459,7.76311,23.9304
34.4652,0.976755,0.0309682,7,127,0,-25.8699,1.98045,0.719208,0.056003,0.0226267,0.215283,0.591911,0.011139,0.15065,7.29688,7.44647,33.0047,24.7527,0.33876,0.347875,0.337048,0.301552,9.332,29.1329,14.276,26.7001,23.6436,26.4693,36.1819,29.7876,40.5975,37.3984,28.8321,44.8422,15.8644,46.1137,9.46287,42.5879,7.25092,37.5882,7.34024,32.8148,9.47504,28.9944,14.5789,26.6374,24.1552,26.5275,36.6616,30.0331,40.3798,37.7805,28.1728,45.0402,15.4594,46.0326,9.30148,42.3849,7.21396,37.3705,7.38722,32.6268,7.22257,42.9961,4.56152,58.4541,2.53602,54.1535,1.76889,40.9677,1.65298,29.1616,1.93624,21.0449,2.61974,16.3191,3.81355,14.5533,5.57057,16.2259,7.37171,23.9848,7.32713,41.7129,4.7288,58.0765,2.61553,54.8213,1.79209,41.7725,1.64777,29.7695,1.90866,21.4307,2.56555,16.5177,3.72528,14.5744,5.45308,15.9951,7.29029,23.2572
30.5675,0.834562,0.0309682,7,127,0,-23.4496,2.47796,0.737387,0.0732095,0.0234107,0.170669,0.495231,0.00840556,0.140498,6.98376,5.84767,31.4955,48.2977,0.289247,0.245643,0.355585,0.303941,9.34632,28.3904,15.0986,26.4434,26.3798,26.4236,41.3621,29.6408,44.5488,36.4112,29.1622,42.119,15.2013,42.5389,8.87988,39.519,6.77861,35.5147,6.92532,31.6753,9.16107,28.5245,14.6907,26.5045,25.6593,26.3593,40.7011,29.38,44.9435,36.0336,30.0628,41.9521,15.7025,42.627,9.07212,39.7104,6.8233,35.7197,6.87198,31.8569,3.47239,56.4275,2.04849,49.9998,1.51214,38.8478,1.43557,29.0062,1.6628,21.9017,2.20388,17.4416,3.15154,15.4006,4.58623,16.0733,6.27891,21.0372,7.05594,33.4405,5.49516,50.5066,3.18574,56.1954,1.92638,48.4236,1.47821,37.2401,1.45115,27.776,1.72155,21.0817,2.31584,16.988,3.33308,15.31,4.83503,16.4748,6.49665,22.3298
30.0593,0.187275,0.0309682,7,127,0,-24.1115,2.28032,0.896732,0.0706004,0.0282176,0.187754,0.442249,0.00918745,0.138796,6.60994,5.85604,29.5336,46.7979,0.258136,0.248021,0.40357,0.284451,9.07448,26.2553,15.0717,24.2262,27.0581,24.2371,43.2984,27.7766,46.2545,35.4071,28.8027,41.7096,14.2854,41.817,8.18301,38.2476,6.28627,33.8084,6.56059,29.6822,8.92443,26.3643,14.7379,24.2748,26.4556,24.1817,42.7433,27.5503,46.635,35.0751,29.5618,41.5778,14.6708,41.9074,8.32158,38.4168,6.31424,33.9819,6.51432,29.832,3.21814,56.2194,1.71789,50.0962,1.19486,39.116,1.12036,29.4083,1.33206,22.3317,1.86369,17.8353,2.85952,15.8041,4.46592,16.7644,6.361,22.9056,6.76531,37.8112,4.44397,53.9225,2.27436,54.3424,1.36946,44.4751,1.11688,33.7967,1.19507,25.4159,1.55964,19.7007,2.3085,16.4688,3.61212,15.8438,5.47748,19.0494,6.92484,29.4523
31.0204,0.296078,0.0309682,7,127,0,-22.7475,2.10713,0.868084,0.0664412,0.0262499,0.193543,0.456201,0.0100173,0.143834,6.65254,6.03536,28.0353,44.7776,0.246671,0.230187,0.368694,0.289462,9.45573,24.9894,15.7895,23.2776,27.672,23.7272,42.0945,27.8093,42.4914,35.6852,25.956,41.6262,13.1353,41.4099,7.72216,37.7122,6.01691,33.2223,6.26957,29.073,8.39391,25.7353,13.518,23.5888,23.7237,23.306,38.5201,26.2037,44.7667,33.3037,30.9694,40.5685,15.8435,41.9853,8.73903,38.9147,6.26255,34.4833,6.02834,30.1757,3.64694,57.2169,1.97408,53.4866,1.32671,42.6062,1.18945,32.2175,1.3555,24.4345,1.82737,19.3856,2.71835,16.9336,4.15479,17.4735,5.91308,22.8638,6.5902,36.569,4.74319,53.6476,2.5534,56.7329,1.52564,47.631,1.20699,36.5328,1.24787,27.5251,1.57581,21.2919,2.26326,17.6921,3.45122,16.7955,5.14927,19.6706,6.57189,29.3609
29.6097,0.342974,0.0309682,7,127,0,-21.081,0.888427,0.687708,0.0347179,0.0224742,0.473022,0.711974,0.0256839,0.15209,7.34839,7.8353,19.8712,15.1674,0.35267,0.375469,0.308424,0.438346,9.75545,15.3578,14.5871,13.0004,22.7665,12.9859,33.5677,16.658,39.091,27.109,28.5769,41.5405,14.8966,44.6082,8.63978,37.0954,6.80434,28.0149,7.13762,20.8016,9.23276,15.9295,13.6138,13.2325,21.2207,12.7975,31.8627,15.7104,39.1777,24.9005,31.0555,39.645,16.575,45.1041,9.24543,38.564,6.92205,29.3724,6.96985,21.7925,9.7441,29.1928,7.44575,56.3465,3.63806,62.6902,2.09196,46.4456,1.77363,30.291,2.0317,19.7308,2.7909,13.8733,4.20006,11.4732,6.4305,12.5028,9.04224,19.9967,9.26609,41.8699,5.37232,63.8767,2.66033,55.8625,1.84615,38.0408,1.83805,24.5293,2.32824,16.4206,3.37408,12.3302,5.1685,11.4617,7.73097,14.8957,9.72874,28.3453
27.3189,0.901004,0.0309682,7,127,0,-18.3082,0.966856,0.968123,0.0304178,0.033657,0.442892,0.379967,0.0223387,0.0885469,7.58757,7.94808,24.2093,44.6993,0.302943,0.321404,0.419643,0.302982,10.4225,18.929,16.1588,16.2497,26.0274,16.5772,38.7658,21.9582,43.0688,36.3695,28.3789,53.1325,14.0328,53.8268,8.26898,43.8247,6.77623,33.1258,7.43104,24.8463,10.0503,19.3158,15.4568,16.388,24.9081,16.3813,37.6414,21.1234,43.5289,34.612,30.1287,52.0869,14.963,54.4359,8.57292,44.8917,6.81132,34.0488,7.29131,25.5081,3.97288,51.2791,2.02341,45.093,1.36923,35.6302,1.25706,27.2962,1.47655,21.0194,2.06978,16.7631,3.24193,14.4257,5.30302,14.293,8.25621,17.7467,10.292,28.1748,7.94202,44.72,3.96858,51.2771,2.02181,45.0801,1.36877,35.6171,1.25714,27.2858,1.47709,21.0119,2.07097,16.7583,3.24415,14.4238,5.30669,14.2948,8.26057,17.7555
27.4401,0.974321,0.0309682,7,127,0,-18.4306,1.18271,1.33212,0.0463207,0.0400898,0.360138,0.424162,0.0175663,0.189237,7.05081,3.38602,20.244,15.443,0.304824,0.309762,0.346999,0.492115,9.92895,16.3335,16.0818,14.2309,27.3258,14.4126,42.4322,18.5526,46.911,29.3182,29.365,40.7146,13.877,40.8369,7.89027,34.1565,6.28521,26.8792,6.81368,20.981,9.32936,16.8084,14.8768,14.4208,25.2739,14.1945,40.2808,17.5601,47.8243,27.311,32.5121,39.6111,15.4691,41.4711,8.4104,35.2871,6.3667,27.9023,6.61922,21.7572,6.01827,24.6744,5.17677,51.5084,1.75381,62.8002,0.667636,50.3993,0.447999,36.4249,0.492184,25.9701,0.764657,19.052,1.47172,15.2538,3.08282,15.0705,5.7231,22.5624,5.63825,47.6383,2.04962,63.3348,0.733926,52.3497,0.457468,38.0656,0.475299,27.1191,0.711452,19.7708,1.34104,15.5711,2.80215,14.8132,5.38764,20.7927,6.01506,43.6035
20.2624,0.883873,0.0309682,7,127,0,-13.6657,0.914729,1.19709,0.0481412,0.0406466,0.507188,0.443599,0.0288712,0.232427,6.21842,4.84229,16.0357,21.0885,0.355797,0.353284,0.486761,0.520488,8.00551,11.8043,12.0693,9.43459,19.5404,8.88079,30.6832,10.9747,38.8041,18.4946,29.2579,31.1514,14.1874,34.5089,7.72244,28.0209,6.03371,20.4383,6.52126,14.6913,8.84045,10.9891,13.7034,9.09422,22.2651,9.11352,33.7864,12.3093,38.2458,21.8084,24.5665,33.5112,11.6785,33.2667,6.96348,25.8649,5.99127,18.6724,6.9528,13.4981,4.495,43.7642,1.7336,56.8727,0.671143,46.936,0.431918,33.9854,0.444684,24.0671,0.639736,17.4468,1.13591,13.6521,2.22384,12.7504,4.13445,16.9126,5.16981,33.9775,2.5988,55.764,0.902393,51.6814,0.477479,38.4695,0.42017,27.2917,0.543151,19.5202,0.904781,14.7308,1.73258,12.6858,3.36301,14.4639,5.18142,25.6139,3.7089,50.2058
23.4169,0.942758,0.0309682,7,127,0,-8.39695,1.1909,0.762112,0.0720778,0.0252359,0.314046,0.534938,0.0157532,0.10047,8.53481,8.98644,12.5869,29.4077,0.297378,0.307086,0.37546,0.270432,12.1626,10.7858,19.0375,10.0222,29.9885,10.7187,41.4841,13.8256,41.0872,19.8282,26.3556,24.83,14.1348,24.6988,8.73378,21.4562,7.01948,17.6863,7.29047,14.4293,9.30777,11.9821,13.7233,10.4531,21.7413,10.0412,33.5751,11.3007,43.2033,15.2872,37.6912,21.6368,22.1162,25.3066,12.048,23.9508,7.98403,20.3735,6.9252,16.6908,7.91238,41.0808,5.45021,47.1294,3.67337,43.2364,2.92471,35.0257,2.8645,27.3104,3.32232,21.7355,4.30239,18.586,5.84214,18.0395,7.7268,20.8822,8.96724,28.6411,8.06456,40.297,5.62005,47.0578,3.76311,43.7415,2.95208,35.6352,2.85078,27.8018,3.2726,22.0563,4.21315,18.73,5.71424,17.9805,7.59474,20.5324,8.93585,27.8997
32.8042,0.998948,0.0309682,6,127,0,-17.4335,1.13588,0.656623,0.0479925,0.0221333,0.392797,0.601359,0.0186983,0.111471,6.90111,9.32009,19.9369,30.3196,0.335606,0.327647,0.443255,0.327969,9.22779,15.595,14.5497,13.0726,24.6927,12.6246,39.8585,15.5164,48.7704,24.6778,33.8345,37.2486,15.9067,39.3629,8.59406,32.9999,6.58803,25.5509,7.0044,19.5289,9.51815,15.3303,15.147,12.9546,25.7404,12.7029,41.0699,15.967,48.4915,25.7018,32.1024,37.9098,15.0003,39.0423,8.30597,32.3958,6.54799,25.0139,7.12005,19.1323,7.8563,44.2969,5.19459,50.1348,3.47923,44.0362,2.82638,34.0355,2.83487,25.4475,3.33796,19.5869,4.34301,16.3899,5.89402,15.8138,7.8254,18.5967,9.24909,26.7196,8.5269,40.4493,5.92326,49.881,3.84777,46.5847,2.93373,36.9253,2.77852,27.6725,3.1426,21.0029,3.9961,17.0546,5.38939,15.6897,7.25758,17.3484,8.98465,23.678
35.5465,0.991344,0.0309682,7,127,0,-29.1026,1.13177,0.564366,0.0290313,0.0181957,0.35945,0.764935,0.0196265,0.155565,7.12485,8.14117,31.0977,26.4077,0.275169,0.36322,0.22911,0.296743,9.77177,25.5322,15.1646,22.6388,24.4365,23.1523,36.0332,29.2955,39.3493,44.0072,26.5302,59.6487,13.7438,61.0636,8.12065,52.3424,6.41749,41.9653,6.71725,33.234,8.75294,26.9175,13.2014,23.1941,21.2586,22.5525,32.756,26.6701,40.1661,38.8064,31.2481,56.0822,16.7172,62.1926,9.23222,55.3751,6.66892,44.9476,6.45665,35.5862,7.6543,43.3543,5.33009,55.8873,3.47058,50.7698,2.72092,37.795,2.67869,26.5796,3.12078,19.3079,4.01522,15.5586,5.37541,14.9438,7.04052,18.2483,8.21462,28.2602,7.40628,45.7755,5.01536,56.1833,3.31425,49.1852,2.68204,36.0942,2.71171,25.3803,3.21357,18.6184,4.17028,15.2942,5.58837,15.1201,7.25491,19.114,8.24984,30.277
30.0122,0.998457,0.0309682,7,127,0,-25.9591,0.635769,0.879348,0.0159642,0.0272907,0.682314,0.53007,0.0370789,0.194738,7.80141,6.09451,24.1604,25.7974,0.402631,0.261686,0.49963,0.322015,10.6637,17.0957,15.7861,13.9953,23.8603,14.6104,34.1724,21.6221,39.2574,44.3541,27.0865,80.4983,13.058,83.2214,7.74963,60.6525,6.62861,39.7082,7.48027,25.9399,10.0096,18.0313,14.6745,14.2921,22.1954,14.1717,32.3529,19.6006,39.436,38.613,30.1882,75.235,14.8279,85.7226,8.2726,64.9636,6.65629,42.9149,7.2106,27.9047,5.38439,49.3768,2.62685,62.9269,1.26516,52.7989,0.886567,37.9724,0.895147,26.4644,1.17017,18.9589,1.79131,14.7852,2.94911,13.6625,4.74813,16.8696,6.25422,29.7069,4.81071,54.4098,2.20833,62.1338,1.13514,49.6188,0.864768,35.2193,0.930116,24.5829,1.26636,17.8314,1.98174,14.2892,3.277,13.8805,5.16046,18.4764,6.2635,34.3305
27.9742,0.988676,0.0309682,7,127,0,-22.0152,0.632902,1.00182,0.0143968,0.0285899,0.677034,0.485863,0.0356499,0.203824,8.28135,5.16567,27.4185,22.0329,0.364307,0.255182,0.524609,0.331965,11.1838,19.597,16.3593,16.1429,24.4362,16.8204,34.6064,24.4577,39.6286,48.4034,28.1043,86.099,14.0547,90.486,8.41006,67.2994,7.12626,44.7475,7.92765,29.5852,10.4578,20.7485,15.1324,16.5139,22.6178,16.297,32.6406,22.0808,39.7518,41.8717,31.3838,79.8635,16.087,93.0179,9.04568,72.3067,7.18052,48.6058,7.63815,31.9948,5.74675,43.6918,3.03466,67.3277,1.23143,61.9245,0.716631,45.9061,0.644551,32.295,0.804709,22.9409,1.24299,17.2842,2.15428,14.8764,3.79138,16.5525,5.71288,27.1125,5.04915,53.6807,2.21787,68.3508,0.977809,56.7655,0.66217,40.9356,0.673007,28.7409,0.912348,20.6924,1.47911,16.1259,2.60862,14.8668,4.47649,18.6252,5.96247,34.3077
32.1249,0.880359,0.0309682,7,255,0,-22.1331,2.32269,0.54269,0.0797599,0.0154129,0.179762,0.788368,0.00990071,0.116816,5.87342,11.6536,26.9439,29.5139,0.272072,0.354835,0.264008,0.304979,7.8838,24.0546,12.826,22.1953,22.7754,22.0092,36.9472,24.7038,41.7003,30.9648,27.776,36.8244,14.0825,37.6013,7.88414,34.8535,5.78971,31.0901,5.73495,27.4625,7.42055,24.4479,11.7823,22.397,20.8311,21.8861,34.8251,24.0366,42.3701,29.8425,30.4546,36.2071,15.6682,37.7932,8.49514,35.3941,5.95513,31.6853,5.6365,27.9962,10.8313,51.831,7.1906,68.0624,4.4954,60.0585,3.49471,42.9932,3.47208,29.149,4.10009,20.5008,5.34699,16.0801,7.26391,15.1688,9.70721,18.531,11.6698,29.7906,10.7857,52.2321,7.13161,68.1157,4.46765,59.8005,3.48802,42.7281,3.47743,28.9683,4.11529,20.3983,5.37272,16.0378,7.30047,15.1842,9.74774,18.6362,11.6853,30.0707
33.0946,0.998266,0.0309682,7,255,0,-25.6387,0.749121,1.04551,0.022167,0.0299572,0.568256,0.476912,0.0297751,0.15927,7.8613,6.33467,23.1313,20.1808,0.370254,0.278213,0.425742,0.348465,10.7032,17.1872,16.0407,14.3927,24.7126,14.826,35.7786,20.6576,40.6551,37.8226,28.1002,61.8247,13.9924,64.1453,8.27635,49.8227,6.87034,35.1292,7.55938,24.5645,10.0421,17.9974,14.8699,14.672,22.9185,14.4607,33.8632,19.0087,40.9662,33.7116,31.1771,58.4702,15.8143,65.587,8.86442,52.6717,6.93798,37.4652,7.31196,26.1244,7.65891,40.3001,4.18905,66.7554,1.58819,63.273,0.861749,47.1007,0.745545,33.0745,0.920298,23.3564,1.43421,17.3874,2.54509,14.6619,4.64053,15.8892,7.3182,25.7366,6.67805,52.6871,2.8209,68.7742,1.17575,57.0908,0.773377,41.0467,0.782257,28.73,1.07334,20.5869,1.78144,15.9235,3.23941,14.5547,5.74186,18.2404,7.77449,34.4261
28.62,0.892122,0.0309682,7,127,0,-23.5909,0.797771,0.917378,0.0425141,0.0321242,0.53417,0.478532,0.0260355,0.151806,8.43852,6.22261,13.1084,21.8906,0.241833,0.321797,0.360593,0.37491,11.5593,9.91852,17.4819,8.42359,27.1516,8.75256,39.2395,12.1843,43.4849,21.7408,29.0972,33.7643,14.538,34.2059,8.74729,26.7683,7.3493,19.2315,8.16016,13.7387,10.9472,10.2782,16.3891,8.54055,25.4819,8.55982,37.5539,11.3747,44.0439,19.8795,31.8472,32.497,16.0538,34.9016,9.23291,27.9816,7.39375,20.2283,7.92336,14.4137,6.23936,36.2747,3.84487,48.917,2.00755,46.4283,1.31584,36.6528,1.1851,27.3287,1.38551,20.5039,1.9339,16.2635,2.97256,14.5194,4.61237,15.8894,6.32819,22.7815,6.09884,37.7001,3.63715,49.2858,1.9147,45.7272,1.28886,35.7971,1.19013,26.6516,1.41686,20.0505,1.99988,16.0192,3.08758,14.4967,4.77099,16.2047,6.41952,23.7386
29.8803,0.975184,0.0309682,7,127,0,-20.51,1.9053,0.899379,0.0425946,0.0250956,0.227767,0.480191,0.0112493,0.151764,6.10261,7.12515,41.188,36.3492,0.396184,0.294674,0.413601,0.326909,8.06848,35.4449,13.0921,31.6716,23.5677,30.7995,39.9705,34.96,48.4559,46.6957,32.9715,59.7634,15.8741,62.049,8.4571,56.2589,6.10371,48.4808,6.09053,41.275,8.02638,35.5095,12.996,31.7056,23.3829,30.7846,39.7494,34.8578,48.5072,46.4994,33.2517,59.6489,16.0303,62.0889,8.51257,56.3577,6.11682,48.5831,6.07878,41.3623,5.21413,59.7313,2.52782,65.3386,1.37567,53.501,1.05637,39.5557,1.11077,28.7392,1.46347,21.5267,2.21848,17.5009,3.57844,16.6598,5.58949,20.5468,7.11328,34.101,5.54197,57.6354,2.73692,65.9032,1.44497,55.0365,1.06882,40.9195,1.09134,29.7116,1.4098,22.135,2.11338,17.785,3.39958,16.5729,5.36064,19.795,7.06044,32.0087
38.2152,0.943608,0.0309682,7,127,0,-28.3014,1.62673,0.782439,0.0618576,0.0257377,0.260795,0.569756,0.0128098,0.156358,7.56974,7.49356,23.6347,23.6752,0.312823,0.29878,0.290056,0.323646,9.94877,20.3188,15.432,18.341,25.6068,18.2768,39.0616,21.3151,43.464,28.4067,30.0088,35.4741,15.983,36.4009,9.44456,32.7877,7.31997,28.0354,7.54674,23.7074,9.88041,20.3698,15.2906,18.363,25.3697,18.2543,38.8347,21.2203,43.5664,28.2494,30.3279,35.3908,16.1714,36.4383,9.51627,32.8734,7.33507,28.1232,7.52444,23.7804,7.02139,43.8179,3.92364,58.5827,2.01242,51.4894,1.39838,37.6226,1.35526,26.2569,1.67402,18.7345,2.40248,14.4841,3.70722,13.0948,5.68106,15.3159,7.58314,24.7773,6.83128,45.5313,3.71619,58.7026,1.9343,50.4942,1.38039,36.6447,1.36701,25.5661,1.71269,18.3125,2.47762,14.2818,3.83258,13.114,5.84611,15.6998,7.65699,25.9555
32.6704,0.377971,0.0309682,7,127,0,-28.977,1.15277,0.666013,0.0405848,0.01991,0.411251,0.676064,0.0205429,0.165733,6.26385,7.49402,23.3351,27.313,0.317638,0.36295,0.359551,0.302064,8.6521,17.9551,14.1696,14.9407,24.8936,14.6345,40.7575,18.9686,47.2364,32.3246,28.4038,47.8358,12.4172,47.1074,6.97837,37.6734,5.82452,28.3544,6.788,21.3233,10.0139,16.7161,16.9761,14.4991,29.7229,15.3588,45.259,22.1296,43.126,38.3023,21.7037,49.4351,9.87355,44.3749,6.30916,34.4501,5.92903,25.7982,7.54091,19.5679,6.98286,48.0991,4.3429,62.9481,2.5288,55.4323,1.89922,40.2216,1.89173,27.8295,2.30503,19.9292,3.16058,15.8363,4.54626,15.1381,6.36424,18.9627,7.64528,31.4454,6.42028,53.4726,3.76453,62.8658,2.29365,51.8241,1.85349,36.8072,1.95493,25.5159,2.46869,18.6161,3.44571,15.3479,4.96245,15.5534,6.79421,20.9712,7.63168,36.3072
31.6668,0.999726,0.0309682,7,127,0,-25.8076,1.18259,0.604105,0.0516468,0.0178524,0.375518,0.698721,0.0179685,0.142881,6.93472,9.40416,21.4334,34.5161,0.338864,0.359401,0.422683,0.337752,8.47674,16.8567,12.5818,13.9249,20.7639,12.8102,34.1262,14.3116,46.4564,20.5616,39.5187,31.7415,20.6835,37.2533,10.6063,33.4096,7.30304,26.7867,7.00352,20.8565,8.77989,16.4563,13.2418,13.7086,21.9765,12.8218,35.7767,14.7109,46.9319,21.628,37.4804,32.8554,19.0809,37.1784,10.0161,32.7237,7.15918,26.0792,7.09563,20.2984,7.43145,59.5396,4.20089,67.1297,2.58512,53.1692,2.13104,36.689,2.26872,24.8411,2.85657,17.7167,3.94858,14.2289,5.64675,13.9369,7.83139,18.103,9.38278,31.4465,7.9077,56.2145,4.58241,67.8294,2.7262,55.683,2.15266,38.8327,2.2206,26.2367,2.74287,18.4987,3.75517,14.5377,5.36274,13.7614,7.50966,17.0925,9.29122,28.6837
32.8885,0.9968,0.0309682,7,127,0,-28.629,1.03343,0.802807,0.0305746,0.0252422,0.419505,0.576336,0.0228433,0.165355,7.26337,6.5056,25.7176,21.681,0.290837,0.282944,0.243639,0.293465,10.1351,20.5324,15.9078,18.0508,25.6724,18.9305,37.2511,25.6347,38.3705,41.4338,23.5405,55.9818,11.8232,54.1841,7.36391,43.9235,6.35511,33.6261,7.25772,25.7381,10.1222,20.5445,15.8838,18.054,25.6358,18.9205,37.2219,25.5999,38.3986,41.3743,23.5907,55.961,11.8464,54.2096,7.37107,43.9582,6.355,33.6551,7.25209,25.7586,6.95691,38.6067,4.50201,57.3223,2.31937,55.382,1.50308,42.1173,1.36307,29.8101,1.60871,21.3132,2.24668,16.372,3.41572,14.5696,5.19814,16.5669,6.94806,25.7279,6.40189,45.7285,3.6367,59.0753,1.9484,51.5562,1.40789,37.8471,1.40287,26.6881,1.76392,19.3873,2.55255,15.4603,3.92096,14.706,5.83315,18.4326,7.14685,31.0635
32.2464,0.989902,0.0309682,4,15,0,-27.5114,1.0062,0.833744,0.0294713,0.0249865,0.400452,0.562812,0.0225973,0.164994,7.31129,6.61557,23.9889,22.2009,0.292967,0.280512,0.245082,0.298539,10.5863,19.5885,16.8126,17.7665,26.89,19.3686,37.826,27.1479,36.9726,43.9053,21.8599,57.6524,10.9751,55.0737,6.85426,44.7485,5.85914,34.4802,6.56543,26.5081,8.96029,21.0885,13.8286,18.1742,22.3248,18.1815,33.8426,22.9397,39.6829,36.1983,28.4525,53.8488,14.3784,57.7606,8.00285,49.2352,6.02334,38.4538,6.09307,29.4565,7.11448,41.0709,4.3779,61.8835,2.12904,58.7769,1.3506,44.0157,1.23043,30.8381,1.47895,21.8613,2.1192,16.6505,3.31925,14.7193,5.20915,16.797,7.12245,26.8045,6.45371,49.3998,3.43366,63.5145,1.75972,54.25,1.26225,39.26,1.27436,27.4282,1.6399,19.7698,2.44142,15.6561,3.86724,14.8599,5.92118,18.8775,7.33556,33.0215
33.1447,0.990555,0.0309682,7,127,0,-28.6686,1.22983,0.669913,0.0373269,0.0219901,0.320858,0.642601,0.0188192,0.198928,7.53515,6.53924,28.0415,30.2192,0.307771,0.289292,0.336477,0.293189,9.83373,23.8843,14.4677,21.6868,22.0753,22.0893,30.9816,26.4567,33.5705,35.873,24.7249,45.6311,14.4425,47.553,9.04724,42.7264,7.12141,35.953,7.17189,29.7635,8.86703,25.043,12.6475,22.1602,19.2776,21.6059,28.2699,24.4857,34.039,32.3435,28.4249,43.0327,17.3051,47.9118,10.3175,44.7118,7.48689,38.1732,6.97762,31.6452,5.12308,53.0311,2.74533,60.1454,1.60876,47.8298,1.2951,33.2869,1.37836,22.7214,1.7664,16.2528,2.5156,12.9968,3.73007,12.6163,5.35681,16.3215,6.52703,28.6415,5.32675,51.3416,2.89657,60.5472,1.66153,49.0845,1.30291,34.3468,1.36019,23.4182,1.72254,16.6495,2.43834,13.1567,3.61223,12.5264,5.22006,15.7853,6.49698,27.1554
31.6695,0.697913,0.0309682,6,127,0,-22.2022,1.21558,0.683069,0.0363841,0.0190755,0.373685,0.621373,0.0169567,0.179751,7.36117,6.76578,27.1127,32.2852,0.30074,0.270945,0.347799,0.313156,10.3109,21.5914,16.8755,18.5882,29.2019,18.7307,45.9921,24.3863,50.0483,39.3472,29.6976,54.1237,13.692,52.8104,7.97654,43.2613,6.67987,33.5799,7.67291,26.0233,11.0993,20.911,18.4744,18.3599,31.8762,19.185,48.32,26.1809,47.8267,42.46,26.1169,55.0241,12.2222,51.4704,7.55347,41.5518,6.70202,32.1556,8.04914,25.0019,5.81753,56.0644,3.36721,68.5342,1.94465,58.2077,1.48113,42.1357,1.49305,29.4143,1.83628,21.2091,2.54425,16.7869,3.71527,15.709,5.33291,18.943,6.71083,30.497,6.02569,53.7155,3.57648,68.5177,2.02938,59.7124,1.5005,43.5985,1.47695,30.4385,1.78856,21.8232,2.45728,17.0678,3.58006,15.6572,5.16698,18.3625,6.63523,28.8406
25.3149,0.943535,0.0309682,7,127,0,-18.8024,0.842317,0.756285,0.0207224,0.0210767,0.490527,0.624691,0.0294831,0.104907,6.81344,10.8708,30.2468,26.8773,0.292013,0.482362,0.363953,0.37804,9.13716,23.326,13.6414,19.8549,21.0869,20.129,30.6588,26.4119,35.1645,43.9017,25.4106,67.687,13.2508,72.1968,7.75705,59.4246,6.16311,44.4001,6.48558,32.6353,8.36067,24.7701,12.2241,20.4246,18.8686,19.6267,28.2185,23.9596,35.2182,38.0991,28.9709,62.4564,15.7446,73.4054,8.66729,63.3669,6.34895,48.0507,6.25718,35.287,10.8535,46.8709,6.91089,64.6629,3.83748,59.5971,2.72287,44.4644,2.62937,31.3216,3.19657,22.6386,4.46698,17.9938,6.62073,17.0925,9.5246,21.2793,11.4541,35.066,9.1771,57.7025,5.13798,64.749,3.12593,52.5336,2.58618,37.6279,2.82245,26.6065,3.70769,19.9445,5.38194,17.0688,7.96748,18.2723,10.7857,26.3303,10.9506,45.9029
# 
#  Elapsed Time: 82.7781 seconds (Warm-up)
#                81.4952 seconds (Sampling)
#                164.273 seconds (Total)
# 
