n <- 2
np <- 2
nt <- 7
t0 <- 0.0
y0 <- c(0.0, 1.0)
len <- c(7, 7)
ts <- c(0.1, 1.0, 2.0, 3.0, 4.0, 5.0, 10.0, 0.1, 1.0, 2.0, 3.0, 4.0, 5.0, 10.0)
x_r <- c(0)
x_i <- c(0)
theta_prior<- c(2.4)
theta_sigma_prior <- c(0.1)

