n <- 2
N_subj <- 100
nt <- 7
ts <- c(0.1, 1.0, 2.0, 3.0, 4.0, 5.0, 100.0, 0.1, 1.0, 2.0, 3.0, 4.0, 5.0, 100.0,
        0.1, 1.0, 2.0, 3.0, 4.0, 5.0, 100.0, 0.1, 1.0, 2.0, 3.0, 4.0, 5.0, 100.0,
        0.1, 1.0, 2.0, 3.0, 4.0, 5.0, 100.0, 0.1, 1.0, 2.0, 3.0, 4.0, 5.0, 100.0,
        0.1, 1.0, 2.0, 3.0, 4.0, 5.0, 100.0, 0.1, 1.0, 2.0, 3.0, 4.0, 5.0, 100.0,
        0.1, 1.0, 2.0, 3.0, 4.0, 5.0, 100.0, 0.1, 1.0, 2.0, 3.0, 4.0, 5.0, 100.0,
        0.1, 1.0, 2.0, 3.0, 4.0, 5.0, 100.0, 0.1, 1.0, 2.0, 3.0, 4.0, 5.0, 100.0,
        0.1, 1.0, 2.0, 3.0, 4.0, 5.0, 100.0, 0.1, 1.0, 2.0, 3.0, 4.0, 5.0, 100.0,
        0.1, 1.0, 2.0, 3.0, 4.0, 5.0, 100.0, 0.1, 1.0, 2.0, 3.0, 4.0, 5.0, 100.0,
        0.1, 1.0, 2.0, 3.0, 4.0, 5.0, 100.0, 0.1, 1.0, 2.0, 3.0, 4.0, 5.0, 100.0,
        0.1, 1.0, 2.0, 3.0, 4.0, 5.0, 100.0, 0.1, 1.0, 2.0, 3.0, 4.0, 5.0, 100.0,
        0.1, 1.0, 2.0, 3.0, 4.0, 5.0, 100.0, 0.1, 1.0, 2.0, 3.0, 4.0, 5.0, 100.0,
        0.1, 1.0, 2.0, 3.0, 4.0, 5.0, 100.0, 0.1, 1.0, 2.0, 3.0, 4.0, 5.0, 100.0,
        0.1, 1.0, 2.0, 3.0, 4.0, 5.0, 100.0, 0.1, 1.0, 2.0, 3.0, 4.0, 5.0, 100.0,
        0.1, 1.0, 2.0, 3.0, 4.0, 5.0, 100.0, 0.1, 1.0, 2.0, 3.0, 4.0, 5.0, 100.0,
        0.1, 1.0, 2.0, 3.0, 4.0, 5.0, 100.0, 0.1, 1.0, 2.0, 3.0, 4.0, 5.0, 100.0,
        0.1, 1.0, 2.0, 3.0, 4.0, 5.0, 100.0, 0.1, 1.0, 2.0, 3.0, 4.0, 5.0, 100.0,
        0.1, 1.0, 2.0, 3.0, 4.0, 5.0, 100.0, 0.1, 1.0, 2.0, 3.0, 4.0, 5.0, 100.0,
        0.1, 1.0, 2.0, 3.0, 4.0, 5.0, 100.0, 0.1, 1.0, 2.0, 3.0, 4.0, 5.0, 100.0,
        0.1, 1.0, 2.0, 3.0, 4.0, 5.0, 100.0, 0.1, 1.0, 2.0, 3.0, 4.0, 5.0, 100.0,
        0.1, 1.0, 2.0, 3.0, 4.0, 5.0, 100.0, 0.1, 1.0, 2.0, 3.0, 4.0, 5.0, 100.0,
        0.1, 1.0, 2.0, 3.0, 4.0, 5.0, 100.0, 0.1, 1.0, 2.0, 3.0, 4.0, 5.0, 100.0,
        0.1, 1.0, 2.0, 3.0, 4.0, 5.0, 100.0, 0.1, 1.0, 2.0, 3.0, 4.0, 5.0, 100.0,
        0.1, 1.0, 2.0, 3.0, 4.0, 5.0, 100.0, 0.1, 1.0, 2.0, 3.0, 4.0, 5.0, 100.0,
        0.1, 1.0, 2.0, 3.0, 4.0, 5.0, 100.0, 0.1, 1.0, 2.0, 3.0, 4.0, 5.0, 100.0,
        0.1, 1.0, 2.0, 3.0, 4.0, 5.0, 100.0, 0.1, 1.0, 2.0, 3.0, 4.0, 5.0, 100.0,
        0.1, 1.0, 2.0, 3.0, 4.0, 5.0, 100.0, 0.1, 1.0, 2.0, 3.0, 4.0, 5.0, 100.0,
        0.1, 1.0, 2.0, 3.0, 4.0, 5.0, 100.0, 0.1, 1.0, 2.0, 3.0, 4.0, 5.0, 100.0,
        0.1, 1.0, 2.0, 3.0, 4.0, 5.0, 100.0, 0.1, 1.0, 2.0, 3.0, 4.0, 5.0, 100.0,
        0.1, 1.0, 2.0, 3.0, 4.0, 5.0, 100.0, 0.1, 1.0, 2.0, 3.0, 4.0, 5.0, 100.0,
        0.1, 1.0, 2.0, 3.0, 4.0, 5.0, 100.0, 0.1, 1.0, 2.0, 3.0, 4.0, 5.0, 100.0,
        0.1, 1.0, 2.0, 3.0, 4.0, 5.0, 100.0, 0.1, 1.0, 2.0, 3.0, 4.0, 5.0, 100.0,
        0.1, 1.0, 2.0, 3.0, 4.0, 5.0, 100.0, 0.1, 1.0, 2.0, 3.0, 4.0, 5.0, 100.0,
        0.1, 1.0, 2.0, 3.0, 4.0, 5.0, 100.0, 0.1, 1.0, 2.0, 3.0, 4.0, 5.0, 100.0,
        0.1, 1.0, 2.0, 3.0, 4.0, 5.0, 100.0, 0.1, 1.0, 2.0, 3.0, 4.0, 5.0, 100.0,
        0.1, 1.0, 2.0, 3.0, 4.0, 5.0, 100.0, 0.1, 1.0, 2.0, 3.0, 4.0, 5.0, 100.0,
        0.1, 1.0, 2.0, 3.0, 4.0, 5.0, 100.0, 0.1, 1.0, 2.0, 3.0, 4.0, 5.0, 100.0,
        0.1, 1.0, 2.0, 3.0, 4.0, 5.0, 100.0, 0.1, 1.0, 2.0, 3.0, 4.0, 5.0, 100.0,
        0.1, 1.0, 2.0, 3.0, 4.0, 5.0, 100.0, 0.1, 1.0, 2.0, 3.0, 4.0, 5.0, 100.0,
        0.1, 1.0, 2.0, 3.0, 4.0, 5.0, 100.0, 0.1, 1.0, 2.0, 3.0, 4.0, 5.0, 100.0,
        0.1, 1.0, 2.0, 3.0, 4.0, 5.0, 100.0, 0.1, 1.0, 2.0, 3.0, 4.0, 5.0, 100.0,
        0.1, 1.0, 2.0, 3.0, 4.0, 5.0, 100.0, 0.1, 1.0, 2.0, 3.0, 4.0, 5.0, 100.0,
        0.1, 1.0, 2.0, 3.0, 4.0, 5.0, 100.0, 0.1, 1.0, 2.0, 3.0, 4.0, 5.0, 100.0,
        0.1, 1.0, 2.0, 3.0, 4.0, 5.0, 100.0, 0.1, 1.0, 2.0, 3.0, 4.0, 5.0, 100.0,
        0.1, 1.0, 2.0, 3.0, 4.0, 5.0, 100.0, 0.1, 1.0, 2.0, 3.0, 4.0, 5.0, 100.0,
        0.1, 1.0, 2.0, 3.0, 4.0, 5.0, 100.0, 0.1, 1.0, 2.0, 3.0, 4.0, 5.0, 100.0,
        0.1, 1.0, 2.0, 3.0, 4.0, 5.0, 100.0, 0.1, 1.0, 2.0, 3.0, 4.0, 5.0, 100.0,
        0.1, 1.0, 2.0, 3.0, 4.0, 5.0, 100.0, 0.1, 1.0, 2.0, 3.0, 4.0, 5.0, 100.0,
        0.1, 1.0, 2.0, 3.0, 4.0, 5.0, 100.0, 0.1, 1.0, 2.0, 3.0, 4.0, 5.0, 100.0,
        0.1, 1.0, 2.0, 3.0, 4.0, 5.0, 100.0, 0.1, 1.0, 2.0, 3.0, 4.0, 5.0, 100.0,
        0.1, 1.0, 2.0, 3.0, 4.0, 5.0, 100.0, 0.1, 1.0, 2.0, 3.0, 4.0, 5.0, 100.0)
