CL        <- 19.8441457698275
Q         <- 16.5034601519153
VC        <- 131.339042837389
VP        <- 312.234123782704
ka        <- 6.81252775844963
mtt       <- 116.432772615331
circ0     <- 7.11510935407138
alpha     <- 0.000272939279108772
gamma     <- 0.167999310799846
sigma     <- 0.2
sigmaNeut <- 0.2

L <-
structure(c(1, 0, 0, 0, 0, 0, 0, 0, 1, 0, 0, 0, 0, 0, 0, 0, 1, 0, 0, 0, 0, 0, 0, 0, 1, 0, 0, 0, 0,
0, 0, 0, 1, 0, 0, 0, 0, 0, 0, 0, 1, 0, 0, 0, 0, 0, 0, 0, 1),
.Dim = c(7, 7))

omega <-
c(0.0804498402397317, 0.0697406121264108, 0.181436923446351, 0.0725521509400833,
0.0300920963592668, 0.0548768520164358, 0.117656374152362)

