nt           <- 6
nObsPK       <- 4
iObsPK       <- c(3, 4, 5, 6)
nObsPD       <- 4
iObsPD       <- c(3, 4, 5, 6)
amt          <- c(0, 80000, 0, 0, 0, 0)
cmt          <- c(2, 1, 2, 2, 2, 2)
evid         <- c(0, 1, 0, 0, 0, 0)
time         <- c(0, 0, 0.083, 0.167, 0.25, 0.5)
addl         <- c(0, 14, 0, 0, 0, 0)
alphaPrior   <- 2e-04
alphaPriorCV <- 0.2
circ0Prior   <- 5
circ0PriorCV <- 0.2
cObs         <- c(361.449792416613, 664.364690756172, 755.190453198856, 1182.6053301497)
gammaPrior   <- 0.17
gammaPriorCV <- 0.2
ii           <- c(0, 12, 0, 0, 0, 0)
mttPrior     <- 125
mttPriorCV   <- 0.2
neutObs      <- c(6.65076445200772, 6.19222021219806, 5.56065880303792, 3.87230272296641)
rate         <- c(0, 0, 0, 0, 0, 0)
ss           <- c(0, 0, 0, 0, 0, 0)
