CLHat <- 8.22280386759547
etaStd <- 
structure(c(0, 0, 0, 0, 0, 0, 0, 0, 0, 0, 0, 0, 0, 0, 0, 0, 0, 0, 0, 0, 0, 0, 0,
0, 0, 0, 0, 0, 0, 0, 0, 0, 0, 0, 0, 0, 0, 0, 0, 0, 0, 0, 0, 0, 0, 0, 0, 0, 0,
0),
.Dim = c(5, 10))
kaHat <- 0.885226501628921
L <- 
structure(c(1, 0, 0, 0, 0, 0, 1, 0, 0, 0, 0, 0, 1, 0, 0, 0, 0, 0, 1, 0, 0, 0, 0,
0, 1),
.Dim = c(5, 5))
logtheta <- 
structure(c(1.99772235150838, 1.99772235150838, 1.99772235150838,
1.99772235150838, 1.99772235150838, 1.99772235150838, 1.99772235150838,
1.99772235150838, 1.99772235150838, 1.99772235150838, 2.81026153615458,
2.81026153615458, 2.81026153615458, 2.81026153615458, 2.81026153615458,
2.81026153615458, 2.81026153615458, 2.81026153615458, 2.81026153615458,
2.81026153615458, 4.4489674029261, 4.4489674029261, 4.4489674029261,
4.4489674029261, 4.4489674029261, 4.4489674029261, 4.4489674029261,
4.4489674029261, 4.4489674029261, 4.4489674029261, 4.19778096809483,
4.19778096809483, 4.19778096809483, 4.19778096809483, 4.19778096809483,
4.19778096809483, 4.19778096809483, 4.19778096809483, 4.19778096809483,
4.19778096809483, -0.445529755424801, -0.445529755424801, -0.445529755424801,
-0.445529755424801, -0.445529755424801, -0.445529755424801, -0.445529755424801,
-0.445529755424801, -0.445529755424801, -0.445529755424801),
.Dim = c(10, 5))
omega <- 
c(0.998438349342905, 0.915177439223044, 0.984152738237754,
1.24681588995736, 1.92979761515744)
QHat <- 23.0432643524872
sigma <- 0.950589316664264
V1Hat <- 69.231545104864
V2Hat <- 61.2172980888427
