CLHat <- 10.8005842137329
etaStd <- 
structure(c(0, 0, 0, 0, 0, 0, 0, 0, 0, 0, 0, 0, 0, 0, 0, 0, 0, 0, 0, 0, 0, 0, 0,
0, 0, 0, 0, 0, 0, 0, 0, 0, 0, 0, 0, 0, 0, 0, 0, 0, 0, 0, 0, 0, 0, 0, 0, 0, 0,
0),
.Dim = c(5, 10))
kaHat <- 0.783598111207453
L <- 
structure(c(1, 0, 0, 0, 0, 0, 1, 0, 0, 0, 0, 0, 1, 0, 0, 0, 0, 0, 1, 0, 0, 0, 0,
0, 1),
.Dim = c(5, 5))
logtheta <- 
structure(c(2.48814122534985, 2.48814122534985, 2.48814122534985,
2.48814122534985, 2.48814122534985, 2.48814122534985, 2.48814122534985,
2.48814122534985, 2.48814122534985, 2.48814122534985, 3.00783049148262,
3.00783049148262, 3.00783049148262, 3.00783049148262, 3.00783049148262,
3.00783049148262, 3.00783049148262, 3.00783049148262, 3.00783049148262,
3.00783049148262, 4.38861362318626, 4.38861362318626, 4.38861362318626,
4.38861362318626, 4.38861362318626, 4.38861362318626, 4.38861362318626,
4.38861362318626, 4.38861362318626, 4.38861362318626, 4.0733734078786,
4.0733734078786, 4.0733734078786, 4.0733734078786, 4.0733734078786,
4.0733734078786, 4.0733734078786, 4.0733734078786, 4.0733734078786,
4.0733734078786, 0.479148012306896, 0.479148012306896, 0.479148012306896,
0.479148012306896, 0.479148012306896, 0.479148012306896, 0.479148012306896,
0.479148012306896, 0.479148012306896, 0.479148012306896),
.Dim = c(10, 5))
omega <- 
c(0.554769798996858, 1.24921847134829, 0.516506370157003,
0.563177531701513, 1.27152357727755)
QHat <- 19.9645694699631
sigma <- 1.69948304723948
V1Hat <- 84.8490526921515
V2Hat <- 73.7676590906018
