CLHat <- 8.0445777103996
etaStd <- 
structure(c(0, 0, 0, 0, 0, 0, 0, 0, 0, 0, 0, 0, 0, 0, 0, 0, 0, 0, 0, 0, 0, 0, 0,
0, 0, 0, 0, 0, 0, 0, 0, 0, 0, 0, 0, 0, 0, 0, 0, 0, 0, 0, 0, 0, 0, 0, 0, 0, 0,
0),
.Dim = c(5, 10))
kaHat <- 1.13385461675011
L <- 
structure(c(1, 0, 0, 0, 0, 0, 1, 0, 0, 0, 0, 0, 1, 0, 0, 0, 0, 0, 1, 0, 0, 0, 0,
0, 1),
.Dim = c(5, 5))
logtheta <- 
structure(c(2.35557625676595, 2.35557625676595, 2.35557625676595,
2.35557625676595, 2.35557625676595, 2.35557625676595, 2.35557625676595,
2.35557625676595, 2.35557625676595, 2.35557625676595, 2.90915918932727,
2.90915918932727, 2.90915918932727, 2.90915918932727, 2.90915918932727,
2.90915918932727, 2.90915918932727, 2.90915918932727, 2.90915918932727,
2.90915918932727, 4.1259159943578, 4.1259159943578, 4.1259159943578,
4.1259159943578, 4.1259159943578, 4.1259159943578, 4.1259159943578,
4.1259159943578, 4.1259159943578, 4.1259159943578, 4.34601127116091,
4.34601127116091, 4.34601127116091, 4.34601127116091, 4.34601127116091,
4.34601127116091, 4.34601127116091, 4.34601127116091, 4.34601127116091,
4.34601127116091, 0.0465874373728413, 0.0465874373728413, 0.0465874373728413,
0.0465874373728413, 0.0465874373728413, 0.0465874373728413, 0.0465874373728413,
0.0465874373728413, 0.0465874373728413, 0.0465874373728413),
.Dim = c(10, 5))
omega <- 
c(0.980104105779901, 1.8657693436835, 1.63693007244729,
1.99428144516423, 1.74734868132509)
QHat <- 22.1611267849088
sigma <- 1.8004368969705
V1Hat <- 70.9471465834997
V2Hat <- 77.601835051912
