nsub <- 128
nsub1 <- 64
nsub2 <- 64
len <- c(6, 6, 6, 6, 6, 6, 6, 6, 6, 6, 6, 6, 6, 6, 6, 6, 6, 6, 6, 6, 6, 6, 6, 6, 6, 6, 6, 6, 6, 6, 6, 6, 6, 6, 6, 6, 6, 6, 6, 6, 6, 6, 6, 6, 6, 6, 6, 6, 6, 6, 6, 6, 6, 6, 6, 6, 6, 6, 6, 6, 6, 6, 6, 6,
         6, 6, 6, 6, 6, 6, 6, 6, 6, 6, 6, 6, 6, 6, 6, 6, 6, 6, 6, 6, 6, 6, 6, 6, 6, 6, 6, 6, 6, 6, 6, 6, 6, 6, 6, 6, 6, 6, 6, 6, 6, 6, 6, 6, 6, 6, 6, 6, 6, 6, 6, 6, 6, 6, 6, 6, 6, 6, 6, 6, 6, 6, 6, 6)
ntot <- 768
ts <- c(4.000e-01, 4.000e+00, 4.000e+01, 4.000e+02, 4.000e+03, 4.000e+04,
        4.000e-01, 4.000e+00, 4.000e+01, 4.000e+02, 4.000e+03, 4.000e+04,
        4.000e-01, 4.000e+00, 4.000e+01, 4.000e+02, 4.000e+03, 4.000e+04,
        4.000e-01, 4.000e+00, 4.000e+01, 4.000e+02, 4.000e+03, 4.000e+04,
        4.000e-01, 4.000e+00, 4.000e+01, 4.000e+02, 4.000e+03, 4.000e+04,
        4.000e-01, 4.000e+00, 4.000e+01, 4.000e+02, 4.000e+03, 4.000e+04,
        4.000e-01, 4.000e+00, 4.000e+01, 4.000e+02, 4.000e+03, 4.000e+04,
        4.000e-01, 4.000e+00, 4.000e+01, 4.000e+02, 4.000e+03, 4.000e+04,
        4.000e-01, 4.000e+00, 4.000e+01, 4.000e+02, 4.000e+03, 4.000e+04,
        4.000e-01, 4.000e+00, 4.000e+01, 4.000e+02, 4.000e+03, 4.000e+04,
        4.000e-01, 4.000e+00, 4.000e+01, 4.000e+02, 4.000e+03, 4.000e+04,
        4.000e-01, 4.000e+00, 4.000e+01, 4.000e+02, 4.000e+03, 4.000e+04,
        4.000e-01, 4.000e+00, 4.000e+01, 4.000e+02, 4.000e+03, 4.000e+04,
        4.000e-01, 4.000e+00, 4.000e+01, 4.000e+02, 4.000e+03, 4.000e+04,
        4.000e-01, 4.000e+00, 4.000e+01, 4.000e+02, 4.000e+03, 4.000e+04,
        4.000e-01, 4.000e+00, 4.000e+01, 4.000e+02, 4.000e+03, 4.000e+04,
        4.000e-01, 4.000e+00, 4.000e+01, 4.000e+02, 4.000e+03, 4.000e+04,
        4.000e-01, 4.000e+00, 4.000e+01, 4.000e+02, 4.000e+03, 4.000e+04,
        4.000e-01, 4.000e+00, 4.000e+01, 4.000e+02, 4.000e+03, 4.000e+04,
        4.000e-01, 4.000e+00, 4.000e+01, 4.000e+02, 4.000e+03, 4.000e+04,
        4.000e-01, 4.000e+00, 4.000e+01, 4.000e+02, 4.000e+03, 4.000e+04,
        4.000e-01, 4.000e+00, 4.000e+01, 4.000e+02, 4.000e+03, 4.000e+04,
        4.000e-01, 4.000e+00, 4.000e+01, 4.000e+02, 4.000e+03, 4.000e+04,
        4.000e-01, 4.000e+00, 4.000e+01, 4.000e+02, 4.000e+03, 4.000e+04,
        4.000e-01, 4.000e+00, 4.000e+01, 4.000e+02, 4.000e+03, 4.000e+04,
        4.000e-01, 4.000e+00, 4.000e+01, 4.000e+02, 4.000e+03, 4.000e+04,
        4.000e-01, 4.000e+00, 4.000e+01, 4.000e+02, 4.000e+03, 4.000e+04,
        4.000e-01, 4.000e+00, 4.000e+01, 4.000e+02, 4.000e+03, 4.000e+04,
        4.000e-01, 4.000e+00, 4.000e+01, 4.000e+02, 4.000e+03, 4.000e+04,
        4.000e-01, 4.000e+00, 4.000e+01, 4.000e+02, 4.000e+03, 4.000e+04,
        4.000e-01, 4.000e+00, 4.000e+01, 4.000e+02, 4.000e+03, 4.000e+04,
        4.000e-01, 4.000e+00, 4.000e+01, 4.000e+02, 4.000e+03, 4.000e+04,
        4.000e-01, 4.000e+00, 4.000e+01, 4.000e+02, 4.000e+03, 4.000e+04,
        4.000e-01, 4.000e+00, 4.000e+01, 4.000e+02, 4.000e+03, 4.000e+04,
        4.000e-01, 4.000e+00, 4.000e+01, 4.000e+02, 4.000e+03, 4.000e+04,
        4.000e-01, 4.000e+00, 4.000e+01, 4.000e+02, 4.000e+03, 4.000e+04,
        4.000e-01, 4.000e+00, 4.000e+01, 4.000e+02, 4.000e+03, 4.000e+04,
        4.000e-01, 4.000e+00, 4.000e+01, 4.000e+02, 4.000e+03, 4.000e+04,
        4.000e-01, 4.000e+00, 4.000e+01, 4.000e+02, 4.000e+03, 4.000e+04,
        4.000e-01, 4.000e+00, 4.000e+01, 4.000e+02, 4.000e+03, 4.000e+04,
        4.000e-01, 4.000e+00, 4.000e+01, 4.000e+02, 4.000e+03, 4.000e+04,
        4.000e-01, 4.000e+00, 4.000e+01, 4.000e+02, 4.000e+03, 4.000e+04,
        4.000e-01, 4.000e+00, 4.000e+01, 4.000e+02, 4.000e+03, 4.000e+04,
        4.000e-01, 4.000e+00, 4.000e+01, 4.000e+02, 4.000e+03, 4.000e+04,
        4.000e-01, 4.000e+00, 4.000e+01, 4.000e+02, 4.000e+03, 4.000e+04,
        4.000e-01, 4.000e+00, 4.000e+01, 4.000e+02, 4.000e+03, 4.000e+04,
        4.000e-01, 4.000e+00, 4.000e+01, 4.000e+02, 4.000e+03, 4.000e+04,
        4.000e-01, 4.000e+00, 4.000e+01, 4.000e+02, 4.000e+03, 4.000e+04,
        4.000e-01, 4.000e+00, 4.000e+01, 4.000e+02, 4.000e+03, 4.000e+04,
        4.000e-01, 4.000e+00, 4.000e+01, 4.000e+02, 4.000e+03, 4.000e+04,
        4.000e-01, 4.000e+00, 4.000e+01, 4.000e+02, 4.000e+03, 4.000e+04,
        4.000e-01, 4.000e+00, 4.000e+01, 4.000e+02, 4.000e+03, 4.000e+04,
        4.000e-01, 4.000e+00, 4.000e+01, 4.000e+02, 4.000e+03, 4.000e+04,
        4.000e-01, 4.000e+00, 4.000e+01, 4.000e+02, 4.000e+03, 4.000e+04,
        4.000e-01, 4.000e+00, 4.000e+01, 4.000e+02, 4.000e+03, 4.000e+04,
        4.000e-01, 4.000e+00, 4.000e+01, 4.000e+02, 4.000e+03, 4.000e+04,
        4.000e-01, 4.000e+00, 4.000e+01, 4.000e+02, 4.000e+03, 4.000e+04,
        4.000e-01, 4.000e+00, 4.000e+01, 4.000e+02, 4.000e+03, 4.000e+04,
        4.000e-01, 4.000e+00, 4.000e+01, 4.000e+02, 4.000e+03, 4.000e+04,
        4.000e-01, 4.000e+00, 4.000e+01, 4.000e+02, 4.000e+03, 4.000e+04,
        4.000e-01, 4.000e+00, 4.000e+01, 4.000e+02, 4.000e+03, 4.000e+04,
        4.000e-01, 4.000e+00, 4.000e+01, 4.000e+02, 4.000e+03, 4.000e+04,
        4.000e-01, 4.000e+00, 4.000e+01, 4.000e+02, 4.000e+03, 4.000e+04,
        4.000e-01, 4.000e+00, 4.000e+01, 4.000e+02, 4.000e+03, 4.000e+04,
        4.000e-01, 4.000e+00, 4.000e+01, 4.000e+02, 4.000e+03, 4.000e+04,
        4.000e-01, 4.000e+00, 4.000e+01, 4.000e+02, 4.000e+03, 4.000e+04,
        4.000e-01, 4.000e+00, 4.000e+01, 4.000e+02, 4.000e+03, 4.000e+04,
        4.000e-01, 4.000e+00, 4.000e+01, 4.000e+02, 4.000e+03, 4.000e+04,
        4.000e-01, 4.000e+00, 4.000e+01, 4.000e+02, 4.000e+03, 4.000e+04,
        4.000e-01, 4.000e+00, 4.000e+01, 4.000e+02, 4.000e+03, 4.000e+04,
        4.000e-01, 4.000e+00, 4.000e+01, 4.000e+02, 4.000e+03, 4.000e+04,
        4.000e-01, 4.000e+00, 4.000e+01, 4.000e+02, 4.000e+03, 4.000e+04,
        4.000e-01, 4.000e+00, 4.000e+01, 4.000e+02, 4.000e+03, 4.000e+04,
        4.000e-01, 4.000e+00, 4.000e+01, 4.000e+02, 4.000e+03, 4.000e+04,
        4.000e-01, 4.000e+00, 4.000e+01, 4.000e+02, 4.000e+03, 4.000e+04,
        4.000e-01, 4.000e+00, 4.000e+01, 4.000e+02, 4.000e+03, 4.000e+04,
        4.000e-01, 4.000e+00, 4.000e+01, 4.000e+02, 4.000e+03, 4.000e+04,
        4.000e-01, 4.000e+00, 4.000e+01, 4.000e+02, 4.000e+03, 4.000e+04,
        4.000e-01, 4.000e+00, 4.000e+01, 4.000e+02, 4.000e+03, 4.000e+04,
        4.000e-01, 4.000e+00, 4.000e+01, 4.000e+02, 4.000e+03, 4.000e+04,
        4.000e-01, 4.000e+00, 4.000e+01, 4.000e+02, 4.000e+03, 4.000e+04,
        4.000e-01, 4.000e+00, 4.000e+01, 4.000e+02, 4.000e+03, 4.000e+04,
        4.000e-01, 4.000e+00, 4.000e+01, 4.000e+02, 4.000e+03, 4.000e+04,
        4.000e-01, 4.000e+00, 4.000e+01, 4.000e+02, 4.000e+03, 4.000e+04,
        4.000e-01, 4.000e+00, 4.000e+01, 4.000e+02, 4.000e+03, 4.000e+04,
        4.000e-01, 4.000e+00, 4.000e+01, 4.000e+02, 4.000e+03, 4.000e+04,
        4.000e-01, 4.000e+00, 4.000e+01, 4.000e+02, 4.000e+03, 4.000e+04,
        4.000e-01, 4.000e+00, 4.000e+01, 4.000e+02, 4.000e+03, 4.000e+04,
        4.000e-01, 4.000e+00, 4.000e+01, 4.000e+02, 4.000e+03, 4.000e+04,
        4.000e-01, 4.000e+00, 4.000e+01, 4.000e+02, 4.000e+03, 4.000e+04,
        4.000e-01, 4.000e+00, 4.000e+01, 4.000e+02, 4.000e+03, 4.000e+04,
        4.000e-01, 4.000e+00, 4.000e+01, 4.000e+02, 4.000e+03, 4.000e+04,
        4.000e-01, 4.000e+00, 4.000e+01, 4.000e+02, 4.000e+03, 4.000e+04,
        4.000e-01, 4.000e+00, 4.000e+01, 4.000e+02, 4.000e+03, 4.000e+04,
        4.000e-01, 4.000e+00, 4.000e+01, 4.000e+02, 4.000e+03, 4.000e+04,
        4.000e-01, 4.000e+00, 4.000e+01, 4.000e+02, 4.000e+03, 4.000e+04,
        4.000e-01, 4.000e+00, 4.000e+01, 4.000e+02, 4.000e+03, 4.000e+04,
        4.000e-01, 4.000e+00, 4.000e+01, 4.000e+02, 4.000e+03, 4.000e+04,
        4.000e-01, 4.000e+00, 4.000e+01, 4.000e+02, 4.000e+03, 4.000e+04,
        4.000e-01, 4.000e+00, 4.000e+01, 4.000e+02, 4.000e+03, 4.000e+04,
        4.000e-01, 4.000e+00, 4.000e+01, 4.000e+02, 4.000e+03, 4.000e+04,
        4.000e-01, 4.000e+00, 4.000e+01, 4.000e+02, 4.000e+03, 4.000e+04,
