theta <- 
c(4.66300822562575, 3.26151069725903, 1.73431197781484)
Eta <- 
structure(c(-0.477894627380585, 0.0299326296503692, 0.124729928625044,
-0.127072738633416, 0.451788718862651, 1.12481998493468, -0.20810742992254,
0.484057769049587, 0.382542057184185, 0.688346005585656, 0.504067055257459,
0.943832820552962, 0.62126069830445, -0.115521619950311,
-0.256661531391904, 0.649018887143196, -0.0604274445294846,
0.125968530406357, 0.205554709869015, 0.747960566002855,
-0.799037508279553, -0.028971649583383, 0.658784073799552,
-0.346548678191437, -0.0887349125433912, -0.124732829167939,
-0.459704337586624, -0.463558044753635, -0.625372082204762,
0.142301918801588, -0.447215696771818, 0.279241034684946,
0.124855185128199, -0.356508673330699, -0.218898167351369,
0.445962668536631, 0.010129931121887, -1.19109492026966,
-0.522289178109916, 0.437095780902858, -0.176107204792125,
-0.230389659980281, 0.456769098517361, 0.0917541108103849,
-0.856771923583663, 0.0454464564708799, 0.467861467422145,
-0.318811209231422, -0.458916419338104, -0.197366507453997,
-0.0274554841094799, -0.0105057264967965, -0.278645367687559,
-0.282487642077163, -0.390220326443875, -0.43481667071448,
-0.108780131272711, 0.0927619925513448, -0.639653643356142,
0.810390741205052, -0.0306078731078668, 0.601024717596938,
-0.495121008769754, 0.55980500711187, 0.127477422208738, 0.324721001527454,
-0.252497259607812, -0.791441974359496, -0.223168738578839,
0.509974516434153, 0.0331363780785231, -1.18953548361764,
0.393180755565347, 0.444980074506173, -0.171562031432811,
0.139852740115437, 0.758763547323006, -0.0449291204660896,
-0.614236148393225, 0.0709513453217237, -0.672551007443313,
-0.402564662237898, 0.246967904971645, -0.158923779782334,
-0.393218171675117, -0.526813883251033, -0.513010515174779,
0.693801522949712, -0.337567669023458, -0.296450885505135,
-0.555318568550802, -0.929187180935007, 0.261330079183957,
-0.052111833038922, 0.617507800798653, 0.0857041866727399),
.Dim = c(32, 3))
sigma_eta <- 
c(0.207230427580191, 0.0102341473089681, 0.377297310594256)
sigma_y <- 3.05581780514296
