J <- 32
dose <- 
c(100, 100, 100, 120, 60, 113, 90, 135, 75, 105, 123, 113, 113,
75, 85, 87, 117, 112, 95.5, 88.5, 93, 87, 110, 115, 112, 120, 120, 120,
153, 105, 125, 93)
id <- 
c(1, 1, 1, 1, 1, 1, 1, 2, 2, 2, 2, 2, 2, 2, 3, 3, 3, 3, 3, 3, 3, 3,
4, 4, 4, 4, 4, 4, 4, 4, 5, 5, 5, 5, 5, 5, 5, 5, 6, 6, 6, 6, 6, 6, 6, 6, 7,
7, 7, 7, 7, 7, 7, 8, 8, 8, 8, 8, 8, 8, 8, 9, 9, 9, 9, 9, 9, 9, 9, 10, 10,
10, 10, 10, 10, 10, 10, 11, 11, 11, 11, 11, 11, 11, 11, 12, 12, 12, 12, 13,
13, 13, 13, 13, 13, 13, 13, 14, 14, 14, 14, 14, 14, 14, 14, 15, 15, 15, 15,
15, 15, 15, 15, 16, 16, 16, 16, 16, 16, 16, 17, 17, 17, 17, 17, 17, 17, 18,
18, 18, 18, 18, 18, 18, 19, 19, 19, 19, 19, 19, 19, 20, 20, 20, 20, 20, 20,
20, 21, 21, 21, 21, 21, 21, 21, 22, 22, 22, 22, 22, 22, 22, 23, 23, 23, 23,
23, 23, 23, 24, 24, 24, 24, 24, 24, 24, 25, 25, 25, 25, 25, 25, 25, 26, 26,
26, 26, 26, 26, 26, 27, 27, 27, 27, 27, 27, 27, 28, 28, 28, 28, 28, 28, 28,
29, 29, 29, 29, 29, 29, 29, 30, 30, 30, 30, 30, 30, 30, 31, 31, 31, 31, 31,
31, 31, 32, 32, 32, 32, 32, 32, 32)
N <- 
c(7, 7, 8, 8, 8, 8, 7, 8, 8, 8, 8, 4, 8, 8, 8, 7, 7, 7, 7, 7, 7, 7,
7, 7, 7, 7, 7, 7, 7, 7, 7, 7)
dv <- 
c(44, 27, 28, 31, 60, 65, 71, 100, 49, 32, 26, 22, 28, 33, 100, 46,
22, 19, 20, 42, 49, 54, 100, 30, 24, 13, 9, 9, 11, 12, 82, 43, 25, 18, 17,
23, 29, 41, 100, 34, 23, 20, 16, 17, 18, 25, 36, 33, 28, 52, 80, 90, 100,
88, 35, 20, 12, 16, 23, 36, 48, 92, 33, 22, 16, 18, 32, 30, 45, 90, 39, 22,
17, 17, 22, 25, 33, 100, 37, 24, 14, 11, 14, 23, 33, 85, 25, 15, 11, 88,
41, 23, 16, 14, 18, 22, 35, 85, 32, 22, 21, 28, 38, 46, 65, 100, 43, 26,
15, 13, 21, 28, 39, 100, 42, 32, 26, 31, 33, 54, 100, 35, 23, 17, 18, 18,
21, 100, 32, 20, 18, 18, 19, 29, 100, 33, 28, 18, 18, 17, 26, 100, 41, 30,
22, 23, 23, 35, 100, 46, 27, 22, 36, 40, 44, 100, 35, 27, 23, 27, 43, 43,
100, 34, 24, 15, 15, 19, 19, 88, 37, 20, 20, 26, 28, 50, 100, 32, 20, 17,
19, 21, 30, 100, 41, 28, 19, 17, 17, 24, 100, 32, 21, 19, 22, 33, 46, 100,
39, 25, 16, 14, 15, 20, 86, 35, 21, 18, 20, 29, 41, 100, 45, 24, 23, 26,
28, 39, 100, 45, 30, 24, 22, 28, 42, 100, 36, 27, 24, 23, 20, 22)
time <- 
c(24, 36, 48, 72, 96, 120, 144, 0, 24, 36, 48, 72, 96, 120, 0, 24,
36, 48, 72, 96, 120, 144, 0, 24, 36, 48, 72, 96, 120, 144, 0, 24, 36, 48,
72, 96, 120, 144, 0, 24, 36, 48, 72, 96, 120, 144, 24, 36, 48, 72, 96, 120,
144, 0, 24, 36, 48, 72, 96, 120, 144, 0, 24, 36, 48, 72, 96, 120, 144, 0,
24, 36, 48, 72, 96, 120, 144, 0, 24, 36, 48, 72, 96, 120, 144, 0, 24, 36,
48, 0, 24, 36, 48, 72, 96, 120, 144, 0, 24, 36, 48, 72, 96, 120, 144, 0,
24, 36, 48, 72, 96, 120, 144, 0, 24, 36, 48, 72, 96, 120, 0, 24, 36, 48,
72, 96, 120, 0, 24, 36, 48, 72, 96, 120, 0, 24, 36, 48, 72, 96, 120, 0, 24,
36, 48, 72, 96, 120, 0, 24, 36, 48, 72, 96, 120, 0, 24, 36, 48, 72, 96,
120, 0, 24, 36, 48, 72, 96, 120, 0, 24, 36, 48, 72, 96, 120, 0, 24, 36, 48,
72, 96, 120, 0, 24, 36, 48, 72, 96, 120, 0, 24, 36, 48, 72, 96, 120, 0, 24,
36, 48, 72, 96, 120, 0, 24, 36, 48, 72, 96, 120, 0, 24, 36, 48, 72, 96,
120, 0, 24, 36, 48, 72, 96, 120, 0, 24, 36, 48, 72, 96, 120)
Eta_est <- 
structure(c(-0.161353257334516, -1.12518262665871, -1.27221940132543,
2.05396166702831, -0.120921411593528, 0.0417149988380709,
-2.19342888953787, 2.047280404399, -0.125956102587045,
-0.00274334970440031, -2.04962147951756, 2.10767454410602,
-0.121403281748413, 0.292799967347985, -2.19819078610484, 2.16418307442288,
-0.122242570990423, 0.535640066564362, -2.64739524865221, 1.6051135018131,
-0.122214036083611, 0.181514571012477, -1.7526028224592, 2.39428858600561,
-0.123525943256836, 0.621864957317406, -1.44843874992637, 1.81579791644505,
-0.125129302734635, 1.29881838994986, -1.74990106887266, 2.12858005960205,
-0.127282738598202, -0.676182226117446, -2.22379497654656,
1.66678551139575, -0.146437622078692, -0.729014316628296, -2.1494733449803,
2.14524277553145, -0.124358874374926, 0.77818136185468, -2.03579803817878,
2.06998222514453, -0.0602873695163393, -1.75834045714278,
-1.98223029303105, 1.93365284854789, -0.083615526622355,
-0.245712773293089, -1.75279964989761, 2.18885359346956,
-0.112478226223805, 0.824563538321702, -1.88913656496598, 1.79446885850826,
-0.191311386582394, 1.39400429956918, -2.32759944218257, 1.89359775829322,
-0.122143151656782, 0.0139883545089822, -2.34577723283518,
1.82693123164477, -0.118418486995258, 0.188183532558906, -1.90450879565137,
2.33192892852116, -0.122168626745829, 0.0901481961572364,
-1.71128944868468, 2.11555938594542, -0.123330614289961, 0.2837965556565,
-1.72044567358211, 2.12472128369238, -0.119899101674597,
0.0476216006111034, -2.35537036617632, 1.91853517876619,
-0.121426165340918, 0.254556223530505, -1.95355908137017, 2.13114501496265,
-0.119654851426923, -0.0387304110174898, -2.29478748690191,
1.83466446355495, -0.120413901090825, 0.0753671934825848,
-2.11026583226648, 2.11202078515694, -0.123752001458445, 0.117585862626823,
-2.27014608367271, 2.3436113716613, -0.120815392894883, -0.109709179134903,
-2.23841159662179, 2.01874676544846, -0.121025316653432,
0.0360357405633042, -2.11413579006622, 2.18489665049287,
-0.120170376435303, -0.0310743543517386, -2.10797578180179,
2.09732792473636, -0.120698266354118, 0.0538216629753741,
-1.99080533311633, 2.1985075061824, -0.123615511492757, 0.194660643956511,
-1.66604091505276, 2.56608415974711, -0.122391139563952,
0.0701608708740654, -2.08232833271337, 2.08099662631957,
-0.122052127281712, 0.0725188771853517, -1.97186907004777, 2.2916951002227,
-0.121843343474742, 0.0827155978763996, -2.27030105731892,
2.01424274208703),
.Dim = c(4, 32))
ref <- 25
