CLHat <- 8.6509379229434
etaStd <- 
structure(c(0, 0, 0, 0, 0, 0, 0, 0, 0, 0, 0, 0, 0, 0, 0, 0, 0, 0, 0, 0, 0, 0, 0,
0, 0, 0, 0, 0, 0, 0, 0, 0, 0, 0, 0, 0, 0, 0, 0, 0, 0, 0, 0, 0, 0, 0, 0, 0, 0,
0),
.Dim = c(5, 10))
kaHat <- 0.867122565760402
L <- 
structure(c(1, 0, 0, 0, 0, 0, 1, 0, 0, 0, 0, 0, 1, 0, 0, 0, 0, 0, 1, 0, 0, 0, 0,
0, 1),
.Dim = c(5, 5))
logtheta <- 
structure(c(2.28785977878287, 2.28785977878287, 2.28785977878287,
2.28785977878287, 2.28785977878287, 2.28785977878287, 2.28785977878287,
2.28785977878287, 2.28785977878287, 2.28785977878287, 2.91863164656282,
2.91863164656282, 2.91863164656282, 2.91863164656282, 2.91863164656282,
2.91863164656282, 2.91863164656282, 2.91863164656282, 2.91863164656282,
2.91863164656282, 4.01576383845855, 4.01576383845855, 4.01576383845855,
4.01576383845855, 4.01576383845855, 4.01576383845855, 4.01576383845855,
4.01576383845855, 4.01576383845855, 4.01576383845855, 4.14602514405918,
4.14602514405918, 4.14602514405918, 4.14602514405918, 4.14602514405918,
4.14602514405918, 4.14602514405918, 4.14602514405918, 4.14602514405918,
4.14602514405918, 0.0926215384387871, 0.0926215384387871, 0.0926215384387871,
0.0926215384387871, 0.0926215384387871, 0.0926215384387871, 0.0926215384387871,
0.0926215384387871, 0.0926215384387871, 0.0926215384387871),
.Dim = c(10, 5))
omega <- 
c(0.864798573893495, 1.93254831619561, 1.01732879504561,
1.71512669080403, 1.6886963522993)
QHat <- 19.0350539108785
sigma <- 1.2585389863234
V1Hat <- 73.9969847851989
V2Hat <- 49.6378814598074
