CLHat <- 8.23940067447797
etaStd <- 
structure(c(0, 0, 0, 0, 0, 0, 0, 0, 0, 0, 0, 0, 0, 0, 0, 0, 0, 0, 0, 0, 0, 0, 0,
0, 0, 0, 0, 0, 0, 0, 0, 0, 0, 0, 0, 0, 0, 0, 0, 0, 0, 0, 0, 0, 0, 0, 0, 0, 0,
0),
.Dim = c(5, 10))
kaHat <- 1.34323183933638
L <- 
structure(c(1, 0, 0, 0, 0, 0, 1, 0, 0, 0, 0, 0, 1, 0, 0, 0, 0, 0, 1, 0, 0, 0, 0,
0, 1),
.Dim = c(5, 5))
logtheta <- 
structure(c(2.17336712561932, 2.17336712561932, 2.17336712561932,
2.17336712561932, 2.17336712561932, 2.17336712561932, 2.17336712561932,
2.17336712561932, 2.17336712561932, 2.17336712561932, 2.78352406589832,
2.78352406589832, 2.78352406589832, 2.78352406589832, 2.78352406589832,
2.78352406589832, 2.78352406589832, 2.78352406589832, 2.78352406589832,
2.78352406589832, 4.37044146101306, 4.37044146101306, 4.37044146101306,
4.37044146101306, 4.37044146101306, 4.37044146101306, 4.37044146101306,
4.37044146101306, 4.37044146101306, 4.37044146101306, 4.27714334460061,
4.27714334460061, 4.27714334460061, 4.27714334460061, 4.27714334460061,
4.27714334460061, 4.27714334460061, 4.27714334460061, 4.27714334460061,
4.27714334460061, 0.027905638332517, 0.027905638332517, 0.027905638332517,
0.027905638332517, 0.027905638332517, 0.027905638332517, 0.027905638332517,
0.027905638332517, 0.027905638332517, 0.027905638332517),
.Dim = c(10, 5))
omega <- 
c(1.07277134235483, 1.1144281658344, 1.58953804383054,
0.690975605044514, 1.34482695197221)
QHat <- 13.8454343026255
sigma <- 1.51577270193957
V1Hat <- 67.8408258908039
V2Hat <- 65.3786650280032
