CLHat <- 7.60018598815456
etaStd <- 
structure(c(0, 0, 0, 0, 0, 0, 0, 0, 0, 0, 0, 0, 0, 0, 0, 0, 0, 0, 0, 0, 0, 0, 0,
0, 0, 0, 0, 0, 0, 0, 0, 0, 0, 0, 0, 0, 0, 0, 0, 0, 0, 0, 0, 0, 0, 0, 0, 0, 0,
0),
.Dim = c(5, 10))
kaHat <- 0.889528557828771
L <- 
structure(c(1, 0, 0, 0, 0, 0, 1, 0, 0, 0, 0, 0, 1, 0, 0, 0, 0, 0, 1, 0, 0, 0, 0,
0, 1),
.Dim = c(5, 5))
logtheta <- 
structure(c(2.03130098689867, 2.03130098689867, 2.03130098689867,
2.03130098689867, 2.03130098689867, 2.03130098689867, 2.03130098689867,
2.03130098689867, 2.03130098689867, 2.03130098689867, 2.94454933060238,
2.94454933060238, 2.94454933060238, 2.94454933060238, 2.94454933060238,
2.94454933060238, 2.94454933060238, 2.94454933060238, 2.94454933060238,
2.94454933060238, 4.40451684389411, 4.40451684389411, 4.40451684389411,
4.40451684389411, 4.40451684389411, 4.40451684389411, 4.40451684389411,
4.40451684389411, 4.40451684389411, 4.40451684389411, 4.47071964242601,
4.47071964242601, 4.47071964242601, 4.47071964242601, 4.47071964242601,
4.47071964242601, 4.47071964242601, 4.47071964242601, 4.47071964242601,
4.47071964242601, 0.305002160073466, 0.305002160073466, 0.305002160073466,
0.305002160073466, 0.305002160073466, 0.305002160073466, 0.305002160073466,
0.305002160073466, 0.305002160073466, 0.305002160073466),
.Dim = c(10, 5))
omega <- 
c(1.20844887057319, 0.527532807434909, 0.563299642759375,
1.19029845925979, 1.3998309392482)
QHat <- 18.0779662634242
sigma <- 1.72450177546125
V1Hat <- 82.900740228295
V2Hat <- 74.4371095806153
