CLHat <- 9.86603181345371
etaStd <- 
structure(c(0, 0, 0, 0, 0, 0, 0, 0, 0, 0, 0, 0, 0, 0, 0, 0, 0, 0, 0, 0, 0, 0, 0,
0, 0, 0, 0, 0, 0, 0, 0, 0, 0, 0, 0, 0, 0, 0, 0, 0, 0, 0, 0, 0, 0, 0, 0, 0, 0,
0),
.Dim = c(5, 10))
kaHat <- 0.881699450693772
L <- 
structure(c(1, 0, 0, 0, 0, 0, 1, 0, 0, 0, 0, 0, 1, 0, 0, 0, 0, 0, 1, 0, 0, 0, 0,
0, 1),
.Dim = c(5, 5))
logtheta <- 
structure(c(2.59987482912132, 2.59987482912132, 2.59987482912132,
2.59987482912132, 2.59987482912132, 2.59987482912132, 2.59987482912132,
2.59987482912132, 2.59987482912132, 2.59987482912132, 2.92231871706536,
2.92231871706536, 2.92231871706536, 2.92231871706536, 2.92231871706536,
2.92231871706536, 2.92231871706536, 2.92231871706536, 2.92231871706536,
2.92231871706536, 4.25690433356533, 4.25690433356533, 4.25690433356533,
4.25690433356533, 4.25690433356533, 4.25690433356533, 4.25690433356533,
4.25690433356533, 4.25690433356533, 4.25690433356533, 4.08718974464777,
4.08718974464777, 4.08718974464777, 4.08718974464777, 4.08718974464777,
4.08718974464777, 4.08718974464777, 4.08718974464777, 4.08718974464777,
4.08718974464777, 0.342759168308457, 0.342759168308457, 0.342759168308457,
0.342759168308457, 0.342759168308457, 0.342759168308457, 0.342759168308457,
0.342759168308457, 0.342759168308457, 0.342759168308457),
.Dim = c(10, 5))
omega <- 
c(1.06949896982405, 1.57841144280974, 0.749476691707969,
0.853357286541723, 1.5011908642482)
QHat <- 21.2389156690979
sigma <- 1.31058115477208
V1Hat <- 73.9240421598089
V2Hat <- 54.8420053449817
