CLHat <- 8.28002290773641
etaStd <- 
structure(c(0, 0, 0, 0, 0, 0, 0, 0, 0, 0, 0, 0, 0, 0, 0, 0, 0, 0, 0, 0, 0, 0, 0,
0, 0, 0, 0, 0, 0, 0, 0, 0, 0, 0, 0, 0, 0, 0, 0, 0, 0, 0, 0, 0, 0, 0, 0, 0, 0,
0),
.Dim = c(5, 10))
kaHat <- 0.889371897271863
L <- 
structure(c(1, 0, 0, 0, 0, 0, 1, 0, 0, 0, 0, 0, 1, 0, 0, 0, 0, 0, 1, 0, 0, 0, 0,
0, 1),
.Dim = c(5, 5))
logtheta <- 
structure(c(2.27827222997713, 2.27827222997713, 2.27827222997713,
2.27827222997713, 2.27827222997713, 2.27827222997713, 2.27827222997713,
2.27827222997713, 2.27827222997713, 2.27827222997713, 3.11449453896563,
3.11449453896563, 3.11449453896563, 3.11449453896563, 3.11449453896563,
3.11449453896563, 3.11449453896563, 3.11449453896563, 3.11449453896563,
3.11449453896563, 4.4468262159149, 4.4468262159149, 4.4468262159149,
4.4468262159149, 4.4468262159149, 4.4468262159149, 4.4468262159149,
4.4468262159149, 4.4468262159149, 4.4468262159149, 4.40192893280335,
4.40192893280335, 4.40192893280335, 4.40192893280335, 4.40192893280335,
4.40192893280335, 4.40192893280335, 4.40192893280335, 4.40192893280335,
4.40192893280335, -0.0163956280677702, -0.0163956280677702, -0.0163956280677702,
-0.0163956280677702, -0.0163956280677702, -0.0163956280677702,
-0.0163956280677702, -0.0163956280677702, -0.0163956280677702,
-0.0163956280677702),
.Dim = c(10, 5))
omega <- 
c(1.25559140066616, 1.25898202683311, 0.861880631535314,
1.99859885347541, 1.61839452944696)
QHat <- 20.2523127971694
sigma <- 1.27594155760016
V1Hat <- 66.3253128155313
V2Hat <- 64.0373209207782
