CLHat <- 9.03101310740243
etaStd <- 
structure(c(0, 0, 0, 0, 0, 0, 0, 0, 0, 0, 0, 0, 0, 0, 0, 0, 0, 0, 0, 0, 0, 0, 0, 0,
0, 0, 0, 0, 0, 0, 0, 0, 0, 0, 0, 0, 0, 0, 0, 0, 0, 0, 0, 0, 0, 0, 0, 0, 0, 0),
.Dim = c(5, 10))
kaHat <- 1.00344648906815
L <- 
structure(c(1, 0, 0, 0, 0, 0, 1, 0, 0, 0, 0, 0, 1, 0, 0, 0, 0, 0, 1, 0, 0, 0, 0, 0,
1),
.Dim = c(5, 5))
logtheta <- 
structure(c(2.21064408409252, 2.21064408409252, 2.21064408409252, 2.21064408409252,
2.21064408409252, 2.21064408409252, 2.21064408409252, 2.21064408409252,
2.21064408409252, 2.21064408409252, 2.89793578733211, 2.89793578733211,
2.89793578733211, 2.89793578733211, 2.89793578733211, 2.89793578733211,
2.89793578733211, 2.89793578733211, 2.89793578733211, 2.89793578733211,
4.26363196732769, 4.26363196732769, 4.26363196732769, 4.26363196732769,
4.26363196732769, 4.26363196732769, 4.26363196732769, 4.26363196732769,
4.26363196732769, 4.26363196732769, 4.46989615408184, 4.46989615408184,
4.46989615408184, 4.46989615408184, 4.46989615408184, 4.46989615408184,
4.46989615408184, 4.46989615408184, 4.46989615408184, 4.46989615408184,
0.0869440783904671, 0.0869440783904671, 0.0869440783904671, 0.0869440783904671,
0.0869440783904671, 0.0869440783904671, 0.0869440783904671, 0.0869440783904671,
0.0869440783904671, 0.0869440783904671),
.Dim = c(10, 5))
omega <- 
c(0.802001132862642, 1.09233685361687, 1.7213969589211, 1.08648055442609,
0.694992449134588)
QHat <- 14.0196613638163
sigma <- 1.23593237181194
V1Hat <- 84.7122459708543
V2Hat <- 78.8103049860171
