n <- 11
ts <- c(90,
        91,
        92,
        93,
        94,
        95,
        96,
        97,
        98,
        99,
        100)
yobs <- c(
 -0.27204644,  0.26198631, -0.25835151,  0.22486253, -0.16963251,  0.09098462,
  0.02549337, -0.14729033,  0.23571404, -0.27632096,  0.25950532)
rtol <- 1.e-10
atol <- 1.e-10
