t  <- c(90,  91,  92,  93,  94,  95,  96,  97,  98,  99, 100)
ysol <- c(
    -0.282778019645566211453,
    0.2726569938779074012578,
    -0.252724888565125028027,
    0.2178145975841278793289,
    -0.162518058403695260977,
    0.0834422972081027987247,
    0.0174970757698351565846,
    -0.129366359354296109190,
    0.2298300516773555217696,
    -0.287007628526951707880,
    0.2686659923588058987936)
