y0 <- 1.0
sigma <- 0.1
