nsub <- 8
len <- c(5, 5, 5, 5, 5, 5, 5, 5)
ntot <- 40
ts <- c(4.000e-01, 4.000e+00, 4.000e+01, 4.000e+02, 4.000e+03,
        4.000e-01, 4.000e+00, 4.000e+01, 4.000e+02, 4.000e+03,
        4.000e-01, 4.000e+00, 4.000e+01, 4.000e+02, 4.000e+03,
        4.000e-01, 4.000e+00, 4.000e+01, 4.000e+02, 4.000e+03,
        4.000e-01, 4.000e+00, 4.000e+01, 4.000e+02, 4.000e+03,
        4.000e-01, 4.000e+00, 4.000e+01, 4.000e+02, 4.000e+03,
        4.000e-01, 4.000e+00, 4.000e+01, 4.000e+02, 4.000e+03,
        4.000e-01, 4.000e+00, 4.000e+01, 4.000e+02, 4.000e+03)
obs <- c(1.48e-02, 9.50e-02, 2.70e-01, 5.80e-01, 8.29e-01,
         1.38e-02, 9.41e-02, 2.60e-01, 5.20e-01, 8.10e-01,
         1.35e-02, 9.44e-02, 2.90e-01, 5.40e-01, 8.10e-01,
         1.50e-02, 9.45e-02, 2.88e-01, 5.58e-01, 8.49e-01,
         1.60e-02, 9.46e-02, 2.81e-01, 5.53e-01, 8.16e-01,
         1.29e-02, 9.48e-02, 2.90e-01, 5.51e-01, 8.13e-01,
         1.40e-02, 9.50e-02, 2.54e-01, 5.49e-01, 8.13e-01,
         1.45e-02, 9.10e-02, 2.19e-01, 5.58e-01, 8.68e-01)

## ts <- c(4.000e-01, 4.000e+00, 4.000e+01, 4.000e+02, 4.000e+03, 4.000e+04, 4.000e+05, 4.000e+06)
## obs <- c(1.4794e-02, 9.4459e-02, 2.8416e-01, 5.4947e-01, 8.1683e-01, 9.6102e-01, 9.9506e-01, 9.9948e-01)
