y0_mu <- 2.0
y0_1 <- c(2.0, 2.0, 2.0, 2.0, 2.0, 2.0, 2.0, 2.0)
sigma <- 0.5
