CL <- 7.4367958406427
ka <- 1.0811298754049
Q <- 28.0799996152587
sigma <- 0.589695154260051
V1 <- 78.4460632446725
V2 <- 68.1255965629187
