addl <- 
c(14, 0, 0, 0, 0, 0, 0, 0, 0, 0, 0, 0, 0, 0, 0, 0, 0, 0, 0, 0, 0,
0, 0, 0, 0, 0, 0, 0, 0, 0, 0, 0, 0, 0, 0, 0, 0, 0, 0, 0, 0, 0, 0, 0, 0, 0,
0, 0, 0, 0, 0, 0, 0, 0)
amt <- 
c(80000, 0, 0, 0, 0, 0, 0, 0, 0, 0, 0, 0, 0, 0, 0, 0, 0, 0, 0, 0,
0, 0, 0, 0, 0, 0, 0, 0, 0, 0, 0, 0, 0, 0, 0, 0, 0, 0, 0, 0, 0, 0, 0, 0, 0,
0, 0, 0, 0, 0, 0, 0, 0, 0)
cmt <- 
c(1, 2, 2, 2, 2, 2, 2, 2, 2, 2, 2, 2, 2, 2, 2, 2, 2, 2, 2, 2, 2, 2,
2, 2, 2, 2, 2, 2, 2, 2, 2, 2, 2, 2, 2, 2, 2, 2, 2, 2, 2, 2, 2, 2, 2, 2, 2,
2, 2, 2, 2, 2, 2, 2)
cObs <- 
c(359.239725273613, 662.647763577673, 1106.23947626728,
1185.25862586227, 1802.42630338229, 2296.47896937277, 2008.04412122616,
2000.94001020581, 1115.28848387488, 902.769414322048, 445.989900210258,
285.638744806589, 333.509854464029, 664.522440159846, 960.044660816181,
1157.24318831826, 1593.58511079002, 2170.22768767046, 2175.56839105518,
2168.6215871781, 1987.27941644705, 1664.69092604263, 1036.71435566938,
586.567512366466, 598.166776478966, 456.911484801004, 602.102501350673,
674.42359599799, 718.274895672445, 657.555037424762, 799.864867801669,
732.697595097764, 710.706629167781, 699.163030339527, 808.881505713484,
752.3935398991, 817.291984927985, 856.791824709865, 977.407712393251,
1411.31113182608, 1680.12995306103, 2245.11408727479, 2387.24722107541,
2587.93663945925, 2861.5837345359, 2017.31188996355, 1977.37016778236,
1494.39781590254, 1425.58827575855, 912.015573364201, 678.735368078007,
702.439657846077, 554.634757309262)
evid <- 
c(1, 0, 0, 0, 0, 0, 0, 0, 0, 0, 0, 0, 0, 0, 0, 0, 0, 0, 0, 0, 0,
0, 0, 0, 0, 0, 0, 0, 0, 0, 0, 0, 0, 0, 0, 0, 0, 0, 0, 0, 0, 0, 0, 0, 0, 0,
0, 0, 0, 0, 0, 0, 0, 0)
ii <- 
c(12, 0, 0, 0, 0, 0, 0, 0, 0, 0, 0, 0, 0, 0, 0, 0, 0, 0, 0, 0, 0, 0,
0, 0, 0, 0, 0, 0, 0, 0, 0, 0, 0, 0, 0, 0, 0, 0, 0, 0, 0, 0, 0, 0, 0, 0, 0,
0, 0, 0, 0, 0, 0, 0)
iObs <- 
c(2, 3, 4, 5, 6, 7, 8, 9, 10, 11, 12, 13, 14, 15, 16, 17, 18, 19,
20, 21, 22, 23, 24, 25, 26, 27, 28, 29, 30, 31, 32, 33, 34, 35, 36, 37, 38,
39, 40, 41, 42, 43, 44, 45, 46, 47, 48, 49, 50, 51, 52, 53, 54)
nObs <- 53
nt <- 54
rate <- 
c(0, 0, 0, 0, 0, 0, 0, 0, 0, 0, 0, 0, 0, 0, 0, 0, 0, 0, 0, 0, 0,
0, 0, 0, 0, 0, 0, 0, 0, 0, 0, 0, 0, 0, 0, 0, 0, 0, 0, 0, 0, 0, 0, 0, 0, 0,
0, 0, 0, 0, 0, 0, 0, 0)
ss <- 
c(0, 0, 0, 0, 0, 0, 0, 0, 0, 0, 0, 0, 0, 0, 0, 0, 0, 0, 0, 0, 0, 0,
0, 0, 0, 0, 0, 0, 0, 0, 0, 0, 0, 0, 0, 0, 0, 0, 0, 0, 0, 0, 0, 0, 0, 0, 0,
0, 0, 0, 0, 0, 0, 0)
time <- 
c(0, 0.083, 0.167, 0.25, 0.5, 0.75, 1, 1.5, 2, 3, 4, 6, 8, 12,
12.083, 12.167, 12.25, 12.5, 12.75, 13, 13.5, 14, 15, 16, 18, 20, 24, 36,
48, 60, 72, 84, 96, 108, 120, 132, 144, 156, 168, 168.083, 168.167, 168.25,
168.5, 168.75, 169, 169.5, 170, 171, 172, 174, 176, 180, 186, 192)
