alpha <- 1.491987e-06
beta <- 1.45357
ke0 <- 0.0004363742
