alpha <- 9.914049e-07
beta <- 1.513418
ke0 <- 0.0004906597
