ke0 <- 0.0005020309
alpha <- 2.079905e-06
beta <- 1.334059

