addl <- 
c(14, 0, 0, 0, 0, 0, 0, 0, 0, 0, 0, 0, 0, 0, 0, 0, 0, 0, 0, 0, 0, 0, 0,
0, 0, 0, 0, 0, 0, 0, 0, 0, 0, 0, 0, 0, 0, 0, 0, 0, 0, 0, 0, 0, 0, 0, 0, 0, 0, 0,
0, 0, 0, 0, 0, 14, 0, 0, 0, 0, 0, 0, 0, 0, 0, 0, 0, 0, 0, 0, 0, 0, 0, 0, 0, 0,
0, 0, 0, 0, 0, 0, 0, 0, 0, 0, 0, 0, 0, 0, 0, 0, 0, 0, 0, 0, 0, 0, 0, 0, 0, 0, 0,
0, 0, 0, 0, 0, 0, 0, 14, 0, 0, 0, 0, 0, 0, 0, 0, 0, 0, 0, 0, 0, 0, 0, 0, 0, 0,
0, 0, 0, 0, 0, 0, 0, 0, 0, 0, 0, 0, 0, 0, 0, 0, 0, 0, 0, 0, 0, 0, 0, 0, 0, 0, 0,
0, 0, 0, 0, 0, 0, 0, 0, 0, 14, 0, 0, 0, 0, 0, 0, 0, 0, 0, 0, 0, 0, 0, 0, 0, 0,
0, 0, 0, 0, 0, 0, 0, 0, 0, 0, 0, 0, 0, 0, 0, 0, 0, 0, 0, 0, 0, 0, 0, 0, 0, 0, 0,
0, 0, 0, 0, 0, 0, 0, 0, 0, 0, 0)
amt <- 
c(10000, 10000, 10000, 10000, 10000, 10000, 10000, 10000, 10000, 10000,
10000, 10000, 10000, 10000, 10000, 10000, 10000, 10000, 10000, 10000, 10000,
10000, 10000, 10000, 10000, 10000, 10000, 10000, 10000, 10000, 10000, 10000,
10000, 10000, 10000, 10000, 10000, 10000, 10000, 10000, 10000, 10000, 10000,
10000, 10000, 10000, 10000, 10000, 10000, 10000, 10000, 10000, 10000, 10000,
10000, 20000, 20000, 20000, 20000, 20000, 20000, 20000, 20000, 20000, 20000,
20000, 20000, 20000, 20000, 20000, 20000, 20000, 20000, 20000, 20000, 20000,
20000, 20000, 20000, 20000, 20000, 20000, 20000, 20000, 20000, 20000, 20000,
20000, 20000, 20000, 20000, 20000, 20000, 20000, 20000, 20000, 20000, 20000,
20000, 20000, 20000, 20000, 20000, 20000, 20000, 20000, 20000, 20000, 20000,
20000, 40000, 40000, 40000, 40000, 40000, 40000, 40000, 40000, 40000, 40000,
40000, 40000, 40000, 40000, 40000, 40000, 40000, 40000, 40000, 40000, 40000,
40000, 40000, 40000, 40000, 40000, 40000, 40000, 40000, 40000, 40000, 40000,
40000, 40000, 40000, 40000, 40000, 40000, 40000, 40000, 40000, 40000, 40000,
40000, 40000, 40000, 40000, 40000, 40000, 40000, 40000, 40000, 40000, 40000,
40000, 80000, 80000, 80000, 80000, 80000, 80000, 80000, 80000, 80000, 80000,
80000, 80000, 80000, 80000, 80000, 80000, 80000, 80000, 80000, 80000, 80000,
80000, 80000, 80000, 80000, 80000, 80000, 80000, 80000, 80000, 80000, 80000,
80000, 80000, 80000, 80000, 80000, 80000, 80000, 80000, 80000, 80000, 80000,
80000, 80000, 80000, 80000, 80000, 80000, 80000, 80000, 80000, 80000, 80000,
80000)
CLPrior <- 10
CLPriorCV <- 1
cmt <- 
c(1, 2, 2, 2, 2, 2, 2, 2, 2, 2, 2, 2, 2, 2, 2, 2, 2, 2, 2, 2, 2, 2, 2,
2, 2, 2, 2, 2, 2, 2, 2, 2, 2, 2, 2, 2, 2, 2, 2, 2, 2, 2, 2, 2, 2, 2, 2, 2, 2, 2,
2, 2, 2, 2, 2, 1, 2, 2, 2, 2, 2, 2, 2, 2, 2, 2, 2, 2, 2, 2, 2, 2, 2, 2, 2, 2, 2,
2, 2, 2, 2, 2, 2, 2, 2, 2, 2, 2, 2, 2, 2, 2, 2, 2, 2, 2, 2, 2, 2, 2, 2, 2, 2, 2,
2, 2, 2, 2, 2, 2, 1, 2, 2, 2, 2, 2, 2, 2, 2, 2, 2, 2, 2, 2, 2, 2, 2, 2, 2, 2, 2,
2, 2, 2, 2, 2, 2, 2, 2, 2, 2, 2, 2, 2, 2, 2, 2, 2, 2, 2, 2, 2, 2, 2, 2, 2, 2, 2,
2, 2, 2, 2, 2, 2, 2, 1, 2, 2, 2, 2, 2, 2, 2, 2, 2, 2, 2, 2, 2, 2, 2, 2, 2, 2, 2,
2, 2, 2, 2, 2, 2, 2, 2, 2, 2, 2, 2, 2, 2, 2, 2, 2, 2, 2, 2, 2, 2, 2, 2, 2, 2, 2,
2, 2, 2, 2, 2, 2, 2, 2)
cObs <- 
c(24.6245, 48.7239, 41.8217, 97.4417, 116.386, 126.061, 120.121,
150.822, 124.123, 79.9109, 59.0371, 38.3901, 13.2806, 33.4553, 61.8461, 81.4356,
126.121, 126.641, 157.147, 162.486, 190.789, 114.829, 109.639, 61.1207, 34.4578,
10.0761, 15.7181, 15.0426, 15.6111, 13.3331, 13.3177, 11.7539, 18.3829, 12.7954,
14.4127, 10.2617, 13.169, 12.6868, 34.7138, 49.1977, 76.1389, 87.5292, 160.928,
142.424, 162.768, 167.625, 122.466, 96.1224, 59.6166, 35.6819, 12.6984, 3.64905,
0.810863, 55.1948, 125.892, 179.907, 226.836, 364.946, 388.365, 429.381,
265.697, 297.912, 199.056, 85.5289, 36.2947, 6.95859, 76.9121, 134.558, 193.085,
316.562, 342.498, 371.302, 442.242, 271.852, 247.946, 169.664, 110.891, 38.9017,
10.0086, 12.3683, 11.2857, 11.7689, 8.58729, 8.59905, 10.9782, 8.17167, 8.42132,
10.1684, 10.7336, 9.61892, 8.70164, 73.8891, 116.917, 208.623, 212.437, 373.139,
429.278, 328.142, 304.605, 224.246, 149.299, 64.05, 29.7273, 9.62454, 1.52932,
0.140547, 96.3396, 250.707, 294.72, 446.125, 602.002, 644.855, 573.809, 580.384,
378.437, 379.072, 246.564, 181.996, 54.3535, 195.77, 257.668, 317.492, 599.574,
576.739, 699.239, 734.961, 553.466, 484.06, 388.946, 214.564, 223.6, 76.1144,
54.3289, 95.0294, 61.5721, 92.6279, 94.3479, 87.9357, 82.4368, 57.7259, 60.6283,
60.0217, 79.0272, 80.2252, 179.362, 269.942, 277.15, 604.867, 659.168, 571.07,
717.566, 686.598, 510.495, 370.632, 330.66, 160.221, 57.0922, 18.0017, 5.14398,
62.8523, 108.985, 182.576, 267.839, 348.754, 570.621, 524.631, 578.95, 484.097,
520.192, 326.963, 238.152, 185.445, 230.457, 262.998, 344.27, 566.623, 466.158,
556.784, 736.863, 600.518, 600.022, 452.241, 447.358, 399.182, 243.909, 227.244,
236.559, 222.165, 171.442, 167.813, 249.737, 223.161, 190.201, 222.909, 270.515,
189.969, 175.818, 322.107, 327.143, 299.324, 551.754, 624.388, 574.714, 673.714,
691.659, 827.928, 465.735, 392.136, 455.431, 216.841, 107.979, 47.3649)
E0Prior <- 80
E0PriorCV <- 1
EC50Prior <- 250
EC50PriorCV <- 1
EmaxPrior <- 40
EmaxPriorCV <- 1
end <- 
c(55, 110, 165, 220)
evid <- 
c(1, 0, 0, 0, 0, 0, 0, 0, 0, 0, 0, 0, 0, 0, 0, 0, 0, 0, 0, 0, 0, 0, 0,
0, 0, 0, 0, 0, 0, 0, 0, 0, 0, 0, 0, 0, 0, 0, 0, 0, 0, 0, 0, 0, 0, 0, 0, 0, 0, 0,
0, 0, 0, 0, 0, 1, 0, 0, 0, 0, 0, 0, 0, 0, 0, 0, 0, 0, 0, 0, 0, 0, 0, 0, 0, 0, 0,
0, 0, 0, 0, 0, 0, 0, 0, 0, 0, 0, 0, 0, 0, 0, 0, 0, 0, 0, 0, 0, 0, 0, 0, 0, 0, 0,
0, 0, 0, 0, 0, 0, 1, 0, 0, 0, 0, 0, 0, 0, 0, 0, 0, 0, 0, 0, 0, 0, 0, 0, 0, 0, 0,
0, 0, 0, 0, 0, 0, 0, 0, 0, 0, 0, 0, 0, 0, 0, 0, 0, 0, 0, 0, 0, 0, 0, 0, 0, 0, 0,
0, 0, 0, 0, 0, 0, 0, 1, 0, 0, 0, 0, 0, 0, 0, 0, 0, 0, 0, 0, 0, 0, 0, 0, 0, 0, 0,
0, 0, 0, 0, 0, 0, 0, 0, 0, 0, 0, 0, 0, 0, 0, 0, 0, 0, 0, 0, 0, 0, 0, 0, 0, 0, 0,
0, 0, 0, 0, 0, 0, 0, 0)
gammaPrior <- 2
gammaPriorCV <- 1
ii <- 
c(12, 0, 0, 0, 0, 0, 0, 0, 0, 0, 0, 0, 0, 0, 0, 0, 0, 0, 0, 0, 0, 0, 0,
0, 0, 0, 0, 0, 0, 0, 0, 0, 0, 0, 0, 0, 0, 0, 0, 0, 0, 0, 0, 0, 0, 0, 0, 0, 0, 0,
0, 0, 0, 0, 0, 12, 0, 0, 0, 0, 0, 0, 0, 0, 0, 0, 0, 0, 0, 0, 0, 0, 0, 0, 0, 0,
0, 0, 0, 0, 0, 0, 0, 0, 0, 0, 0, 0, 0, 0, 0, 0, 0, 0, 0, 0, 0, 0, 0, 0, 0, 0, 0,
0, 0, 0, 0, 0, 0, 0, 12, 0, 0, 0, 0, 0, 0, 0, 0, 0, 0, 0, 0, 0, 0, 0, 0, 0, 0,
0, 0, 0, 0, 0, 0, 0, 0, 0, 0, 0, 0, 0, 0, 0, 0, 0, 0, 0, 0, 0, 0, 0, 0, 0, 0, 0,
0, 0, 0, 0, 0, 0, 0, 0, 0, 12, 0, 0, 0, 0, 0, 0, 0, 0, 0, 0, 0, 0, 0, 0, 0, 0,
0, 0, 0, 0, 0, 0, 0, 0, 0, 0, 0, 0, 0, 0, 0, 0, 0, 0, 0, 0, 0, 0, 0, 0, 0, 0, 0,
0, 0, 0, 0, 0, 0, 0, 0, 0, 0, 0)
iObsPD <- 
c(2, 8, 10, 11, 12, 13, 14, 15, 21, 23, 24, 25, 26, 27, 28, 29, 30,
31, 32, 33, 34, 35, 36, 37, 38, 39, 40, 46, 48, 49, 50, 51, 52, 53, 54, 55, 57,
63, 65, 66, 67, 68, 69, 70, 76, 78, 79, 80, 81, 82, 83, 84, 85, 86, 87, 88, 89,
90, 91, 92, 93, 94, 95, 101, 103, 104, 105, 106, 107, 108, 109, 110, 112, 118,
120, 121, 122, 123, 124, 125, 131, 133, 134, 135, 136, 137, 138, 139, 140, 141,
142, 143, 144, 145, 146, 147, 148, 149, 150, 156, 158, 159, 160, 161, 162, 163,
164, 165, 167, 173, 175, 176, 177, 178, 179, 180, 186, 188, 189, 190, 191, 192,
193, 194, 195, 196, 197, 198, 199, 200, 201, 202, 203, 204, 205, 211, 213, 214,
215, 216, 217, 218, 219, 220)
iObsPK <- 
c(3, 4, 5, 6, 7, 8, 9, 10, 11, 12, 13, 14, 15, 16, 17, 18, 19, 20,
21, 22, 23, 24, 25, 26, 27, 28, 29, 30, 31, 32, 33, 34, 35, 36, 37, 38, 39, 40,
41, 42, 43, 44, 45, 46, 47, 48, 49, 50, 51, 52, 53, 54, 55, 58, 59, 60, 61, 62,
63, 64, 65, 66, 67, 68, 69, 70, 71, 72, 73, 74, 75, 76, 77, 78, 79, 80, 81, 82,
83, 84, 85, 86, 87, 88, 89, 90, 91, 92, 93, 94, 95, 96, 97, 98, 99, 100, 101,
102, 103, 104, 105, 106, 107, 108, 109, 110, 113, 114, 115, 116, 117, 118, 119,
120, 121, 122, 123, 124, 125, 126, 127, 128, 129, 130, 131, 132, 133, 134, 135,
136, 137, 138, 139, 140, 141, 142, 143, 144, 145, 146, 147, 148, 149, 150, 151,
152, 153, 154, 155, 156, 157, 158, 159, 160, 161, 162, 163, 164, 165, 168, 169,
170, 171, 172, 173, 174, 175, 176, 177, 178, 179, 180, 181, 182, 183, 184, 185,
186, 187, 188, 189, 190, 191, 192, 193, 194, 195, 196, 197, 198, 199, 200, 201,
202, 203, 204, 205, 206, 207, 208, 209, 210, 211, 212, 213, 214, 215, 216, 217,
218, 219, 220)
kaPrior <- 2
