addl <- 
c(14, 0, 0, 0, 0, 0, 0, 0, 0, 0, 0, 0, 0, 0, 0, 0, 0, 0, 0, 0, 0, 0, 0,
0, 0, 0, 0, 0, 0, 0, 0, 0, 0, 0, 0, 0, 0, 0, 0, 0, 0, 0, 0, 0, 0, 0, 0, 0, 0, 0,
0, 0, 0, 0, 0, 14, 0, 0, 0, 0, 0, 0, 0, 0, 0, 0, 0, 0, 0, 0, 0, 0, 0, 0, 0, 0,
0, 0, 0, 0, 0, 0, 0, 0, 0, 0, 0, 0, 0, 0, 0, 0, 0, 0, 0, 0, 0, 0, 0, 0, 0, 0, 0,
0, 0, 0, 0, 0, 0, 0, 14, 0, 0, 0, 0, 0, 0, 0, 0, 0, 0, 0, 0, 0, 0, 0, 0, 0, 0,
0, 0, 0, 0, 0, 0, 0, 0, 0, 0, 0, 0, 0, 0, 0, 0, 0, 0, 0, 0, 0, 0, 0, 0, 0, 0, 0,
0, 0, 0, 0, 0, 0, 0, 0, 0, 14, 0, 0, 0, 0, 0, 0, 0, 0, 0, 0, 0, 0, 0, 0, 0, 0,
0, 0, 0, 0, 0, 0, 0, 0, 0, 0, 0, 0, 0, 0, 0, 0, 0, 0, 0, 0, 0, 0, 0, 0, 0, 0, 0,
0, 0, 0, 0, 0, 0, 0, 0, 0, 0, 0, 14, 0, 0, 0, 0, 0, 0, 0, 0, 0, 0, 0, 0, 0, 0,
0, 0, 0, 0, 0, 0, 0, 0, 0, 0, 0, 0, 0, 0, 0, 0, 0, 0, 0, 0, 0, 0, 0, 0, 0, 0, 0,
0, 0, 0, 0, 0, 0, 0, 0, 0, 0, 0, 0, 0, 14, 0, 0, 0, 0, 0, 0, 0, 0, 0, 0, 0, 0,
0, 0, 0, 0, 0, 0, 0, 0, 0, 0, 0, 0, 0, 0, 0, 0, 0, 0, 0, 0, 0, 0, 0, 0, 0, 0, 0,
0, 0, 0, 0, 0, 0, 0, 0, 0, 0, 0, 0, 0, 0, 0, 14, 0, 0, 0, 0, 0, 0, 0, 0, 0, 0,
0, 0, 0, 0, 0, 0, 0, 0, 0, 0, 0, 0, 0, 0, 0, 0, 0, 0, 0, 0, 0, 0, 0, 0, 0, 0, 0,
0, 0, 0, 0, 0, 0, 0, 0, 0, 0, 0, 0, 0, 0, 0, 0, 0, 14, 0, 0, 0, 0, 0, 0, 0, 0,
0, 0, 0, 0, 0, 0, 0, 0, 0, 0, 0, 0, 0, 0, 0, 0, 0, 0, 0, 0, 0, 0, 0, 0, 0, 0, 0,
0, 0, 0, 0, 0, 0, 0, 0, 0, 0, 0, 0, 0, 0, 0, 0, 0, 0, 0, 14, 0, 0, 0, 0, 0, 0,
0, 0, 0, 0, 0, 0, 0, 0, 0, 0, 0, 0, 0, 0, 0, 0, 0, 0, 0, 0, 0, 0, 0, 0, 0, 0, 0,
0, 0, 0, 0, 0, 0, 0, 0, 0, 0, 0, 0, 0, 0, 0, 0, 0, 0, 0, 0, 0, 14, 0, 0, 0, 0,
0, 0, 0, 0, 0, 0, 0, 0, 0, 0, 0, 0, 0, 0, 0, 0, 0, 0, 0, 0, 0, 0, 0, 0, 0, 0, 0,
0, 0, 0, 0, 0, 0, 0, 0, 0, 0, 0, 0, 0, 0, 0, 0, 0, 0, 0, 0, 0, 0, 0, 14, 0, 0,
0, 0, 0, 0, 0, 0, 0, 0, 0, 0, 0, 0, 0, 0, 0, 0, 0, 0, 0, 0, 0, 0, 0, 0, 0, 0, 0,
0, 0, 0, 0, 0, 0, 0, 0, 0, 0, 0, 0, 0, 0, 0, 0, 0, 0, 0, 0, 0, 0, 0, 0, 0, 14,
0, 0, 0, 0, 0, 0, 0, 0, 0, 0, 0, 0, 0, 0, 0, 0, 0, 0, 0, 0, 0, 0, 0, 0, 0, 0, 0,
0, 0, 0, 0, 0, 0, 0, 0, 0, 0, 0, 0, 0, 0, 0, 0, 0, 0, 0, 0, 0, 0, 0, 0, 0, 0, 0,
14, 0, 0, 0, 0, 0, 0, 0, 0, 0, 0, 0, 0, 0, 0, 0, 0, 0, 0, 0, 0, 0, 0, 0, 0, 0,
0, 0, 0, 0, 0, 0, 0, 0, 0, 0, 0, 0, 0, 0, 0, 0, 0, 0, 0, 0, 0, 0, 0, 0, 0, 0, 0,
0, 0, 14, 0, 0, 0, 0, 0, 0, 0, 0, 0, 0, 0, 0, 0, 0, 0, 0, 0, 0, 0, 0, 0, 0, 0,
0, 0, 0, 0, 0, 0, 0, 0, 0, 0, 0, 0, 0, 0, 0, 0, 0, 0, 0, 0, 0, 0, 0, 0, 0, 0, 0,
0, 0, 0, 0, 14, 0, 0, 0, 0, 0, 0, 0, 0, 0, 0, 0, 0, 0, 0, 0, 0, 0, 0, 0, 0, 0,
0, 0, 0, 0, 0, 0, 0, 0, 0, 0, 0, 0, 0, 0, 0, 0, 0, 0, 0, 0, 0, 0, 0, 0, 0, 0, 0,
0, 0, 0, 0, 0, 0, 14, 0, 0, 0, 0, 0, 0, 0, 0, 0, 0, 0, 0, 0, 0, 0, 0, 0, 0, 0,
0, 0, 0, 0, 0, 0, 0, 0, 0, 0, 0, 0, 0, 0, 0, 0, 0, 0, 0, 0, 0, 0, 0, 0, 0, 0, 0,
0, 0, 0, 0, 0, 0, 0, 0)
amt <- 
c(10000, 10000, 10000, 10000, 10000, 10000, 10000, 10000, 10000, 10000,
10000, 10000, 10000, 10000, 10000, 10000, 10000, 10000, 10000, 10000, 10000,
10000, 10000, 10000, 10000, 10000, 10000, 10000, 10000, 10000, 10000, 10000,
10000, 10000, 10000, 10000, 10000, 10000, 10000, 10000, 10000, 10000, 10000,
10000, 10000, 10000, 10000, 10000, 10000, 10000, 10000, 10000, 10000, 10000,
10000, 20000, 20000, 20000, 20000, 20000, 20000, 20000, 20000, 20000, 20000,
20000, 20000, 20000, 20000, 20000, 20000, 20000, 20000, 20000, 20000, 20000,
20000, 20000, 20000, 20000, 20000, 20000, 20000, 20000, 20000, 20000, 20000,
20000, 20000, 20000, 20000, 20000, 20000, 20000, 20000, 20000, 20000, 20000,
20000, 20000, 20000, 20000, 20000, 20000, 20000, 20000, 20000, 20000, 20000,
20000, 40000, 40000, 40000, 40000, 40000, 40000, 40000, 40000, 40000, 40000,
40000, 40000, 40000, 40000, 40000, 40000, 40000, 40000, 40000, 40000, 40000,
40000, 40000, 40000, 40000, 40000, 40000, 40000, 40000, 40000, 40000, 40000,
40000, 40000, 40000, 40000, 40000, 40000, 40000, 40000, 40000, 40000, 40000,
40000, 40000, 40000, 40000, 40000, 40000, 40000, 40000, 40000, 40000, 40000,
40000, 80000, 80000, 80000, 80000, 80000, 80000, 80000, 80000, 80000, 80000,
80000, 80000, 80000, 80000, 80000, 80000, 80000, 80000, 80000, 80000, 80000,
80000, 80000, 80000, 80000, 80000, 80000, 80000, 80000, 80000, 80000, 80000,
80000, 80000, 80000, 80000, 80000, 80000, 80000, 80000, 80000, 80000, 80000,
80000, 80000, 80000, 80000, 80000, 80000, 80000, 80000, 80000, 80000, 80000,
80000, 10000, 10000, 10000, 10000, 10000, 10000, 10000, 10000, 10000, 10000,
10000, 10000, 10000, 10000, 10000, 10000, 10000, 10000, 10000, 10000, 10000,
10000, 10000, 10000, 10000, 10000, 10000, 10000, 10000, 10000, 10000, 10000,
10000, 10000, 10000, 10000, 10000, 10000, 10000, 10000, 10000, 10000, 10000,
10000, 10000, 10000, 10000, 10000, 10000, 10000, 10000, 10000, 10000, 10000,
10000, 20000, 20000, 20000, 20000, 20000, 20000, 20000, 20000, 20000, 20000,
20000, 20000, 20000, 20000, 20000, 20000, 20000, 20000, 20000, 20000, 20000,
20000, 20000, 20000, 20000, 20000, 20000, 20000, 20000, 20000, 20000, 20000,
20000, 20000, 20000, 20000, 20000, 20000, 20000, 20000, 20000, 20000, 20000,
20000, 20000, 20000, 20000, 20000, 20000, 20000, 20000, 20000, 20000, 20000,
20000, 40000, 40000, 40000, 40000, 40000, 40000, 40000, 40000, 40000, 40000,
40000, 40000, 40000, 40000, 40000, 40000, 40000, 40000, 40000, 40000, 40000,
40000, 40000, 40000, 40000, 40000, 40000, 40000, 40000, 40000, 40000, 40000,
40000, 40000, 40000, 40000, 40000, 40000, 40000, 40000, 40000, 40000, 40000,
40000, 40000, 40000, 40000, 40000, 40000, 40000, 40000, 40000, 40000, 40000,
40000, 80000, 80000, 80000, 80000, 80000, 80000, 80000, 80000, 80000, 80000,
80000, 80000, 80000, 80000, 80000, 80000, 80000, 80000, 80000, 80000, 80000,
80000, 80000, 80000, 80000, 80000, 80000, 80000, 80000, 80000, 80000, 80000,
80000, 80000, 80000, 80000, 80000, 80000, 80000, 80000, 80000, 80000, 80000,
80000, 80000, 80000, 80000, 80000, 80000, 80000, 80000, 80000, 80000, 80000,
80000, 10000, 10000, 10000, 10000, 10000, 10000, 10000, 10000, 10000, 10000,
10000, 10000, 10000, 10000, 10000, 10000, 10000, 10000, 10000, 10000, 10000,
10000, 10000, 10000, 10000, 10000, 10000, 10000, 10000, 10000, 10000, 10000,
10000, 10000, 10000, 10000, 10000, 10000, 10000, 10000, 10000, 10000, 10000,
10000, 10000, 10000, 10000, 10000, 10000, 10000, 10000, 10000, 10000, 10000,
10000, 20000, 20000, 20000, 20000, 20000, 20000, 20000, 20000, 20000, 20000,
20000, 20000, 20000, 20000, 20000, 20000, 20000, 20000, 20000, 20000, 20000,
20000, 20000, 20000, 20000, 20000, 20000, 20000, 20000, 20000, 20000, 20000,
20000, 20000, 20000, 20000, 20000, 20000, 20000, 20000, 20000, 20000, 20000,
20000, 20000, 20000, 20000, 20000, 20000, 20000, 20000, 20000, 20000, 20000,
20000, 40000, 40000, 40000, 40000, 40000, 40000, 40000, 40000, 40000, 40000,
40000, 40000, 40000, 40000, 40000, 40000, 40000, 40000, 40000, 40000, 40000,
40000, 40000, 40000, 40000, 40000, 40000, 40000, 40000, 40000, 40000, 40000,
40000, 40000, 40000, 40000, 40000, 40000, 40000, 40000, 40000, 40000, 40000,
40000, 40000, 40000, 40000, 40000, 40000, 40000, 40000, 40000, 40000, 40000,
40000, 80000, 80000, 80000, 80000, 80000, 80000, 80000, 80000, 80000, 80000,
80000, 80000, 80000, 80000, 80000, 80000, 80000, 80000, 80000, 80000, 80000,
80000, 80000, 80000, 80000, 80000, 80000, 80000, 80000, 80000, 80000, 80000,
80000, 80000, 80000, 80000, 80000, 80000, 80000, 80000, 80000, 80000, 80000,
80000, 80000, 80000, 80000, 80000, 80000, 80000, 80000, 80000, 80000, 80000,
80000, 10000, 10000, 10000, 10000, 10000, 10000, 10000, 10000, 10000, 10000,
10000, 10000, 10000, 10000, 10000, 10000, 10000, 10000, 10000, 10000, 10000,
10000, 10000, 10000, 10000, 10000, 10000, 10000, 10000, 10000, 10000, 10000,
10000, 10000, 10000, 10000, 10000, 10000, 10000, 10000, 10000, 10000, 10000,
10000, 10000, 10000, 10000, 10000, 10000, 10000, 10000, 10000, 10000, 10000,
10000, 20000, 20000, 20000, 20000, 20000, 20000, 20000, 20000, 20000, 20000,
20000, 20000, 20000, 20000, 20000, 20000, 20000, 20000, 20000, 20000, 20000,
20000, 20000, 20000, 20000, 20000, 20000, 20000, 20000, 20000, 20000, 20000,
20000, 20000, 20000, 20000, 20000, 20000, 20000, 20000, 20000, 20000, 20000,
