CLHat <- 3.25523339351317
E0Hat <- 323.531762905515
EC50 <- 121.249983054451
EmaxHat <- 97.5052214435187
etaStd <- 
structure(c(0, 0, 0, 0, 0, 0, 0, 0, 0, 0, 0, 0, 0, 0, 0, 0, 0, 0, 0, 0, 0, 0, 0,
0),
.Dim = c(6, 4))
gamma <- 0.528378215093759
kaHat <- 3.30533165979412
ke0Hat <- 0.407031741312589
L <- 
structure(c(1, 0, 0, 0, 0, 0, 0, 1, 0, 0, 0, 0, 0, 0, 1, 0, 0, 0, 0, 0, 0, 1, 0,
0, 0, 0, 0, 0, 1, 0, 0, 0, 0, 0, 0, 1),
.Dim = c(6, 6))
omega <- 
c(0.104593251473481, 0.338506055408793, 0.310074673090995,
0.149160882041595, 0.399836989979209, 0.13037879710809)
sigma <- 0.2
sigmaPD <- 0.2
VHat <- 26.1732534370403
