CLHat <- 14.0900887694006
E0Hat <- 296.138447143856
EC50 <- 523.141455547621
EmaxHat <- 33.5168810395161
etaStd <- 
structure(c(0, 0, 0, 0, 0, 0, 0, 0, 0, 0, 0, 0, 0, 0, 0, 0, 0, 0, 0, 0, 0, 0, 0,
0),
.Dim = c(6, 4))
gamma <- 0.880006136504545
kaHat <- 2.08558313895912
ke0Hat <- 3.90902516339994
L <- 
structure(c(1, 0, 0, 0, 0, 0, 0, 1, 0, 0, 0, 0, 0, 0, 1, 0, 0, 0, 0, 0, 0, 1, 0,
0, 0, 0, 0, 0, 1, 0, 0, 0, 0, 0, 0, 1),
.Dim = c(6, 6))
omega <- 
c(0.291922188530909, 0.305938486868876, 0.391847105614554,
0.234573503033586, 0.257039600217257, 0.304477797750634)
sigma <- 0.2
sigmaPD <- 0.2
VHat <- 38.9847914396683
