CLHat <- 11.760728210188
E0Hat <- 107.296091931719
EC50 <- 1077.48538674736
EmaxHat <- 22.3974430932388
etaStd <- 
structure(c(0, 0, 0, 0, 0, 0, 0, 0, 0, 0, 0, 0, 0, 0, 0, 0, 0, 0, 0, 0, 0, 0, 0,
0),
.Dim = c(6, 4))
gamma <- 2.07066741953203
kaHat <- 3.67542877584179
ke0Hat <- 0.624040904625421
L <- 
structure(c(1, 0, 0, 0, 0, 0, 0, 1, 0, 0, 0, 0, 0, 0, 1, 0, 0, 0, 0, 0, 0, 1, 0,
0, 0, 0, 0, 0, 1, 0, 0, 0, 0, 0, 0, 1),
.Dim = c(6, 6))
omega <- 
c(0.155825827226413, 0.102453163993102, 0.869485070754226,
0.280151297212244, 0.200833521017214, 0.37990763515631)
sigma <- 0.2
sigmaPD <- 0.2
VHat <- 106.860883086485
