CLHat <- 4.50017191419625
E0Hat <- 8.12849840443662
EC50 <- 23.9473792424485
EmaxHat <- 6.54225282002238
etaStd <- 
structure(c(0, 0, 0, 0, 0, 0, 0, 0, 0, 0, 0, 0, 0, 0, 0, 0, 0, 0, 0, 0, 0, 0, 0,
0),
.Dim = c(6, 4))
gamma <- 2.05359541557312
kaHat <- 2.00190537255721
ke0Hat <- 1.07044767136621
L <- 
structure(c(1, 0, 0, 0, 0, 0, 0, 1, 0, 0, 0, 0, 0, 0, 1, 0, 0, 0, 0, 0, 0, 1, 0,
0, 0, 0, 0, 0, 1, 0, 0, 0, 0, 0, 0, 1),
.Dim = c(6, 6))
omega <- 
c(0.144308448673568, 0.269395917143925, 0.267704170865838,
0.194332722195067, 0.201565537364725, 0.151521520693543)
sigma <- 0.2
sigmaPD <- 0.2
VHat <- 318.98515168679
