addl <- 
c(14, 0, 0, 0, 0, 0, 0, 0, 0, 0, 0, 0, 0, 0, 0, 0, 0, 0, 0, 0, 0, 0, 0,
0, 0, 0, 0, 0, 0, 0, 0, 0, 0, 0, 0, 0, 14, 0, 0, 0, 0, 0, 0, 0, 0, 0, 0, 0, 0,
0, 0, 0, 0, 0, 0, 0, 0, 0, 0, 0, 0, 0, 0, 0, 0, 0, 0, 0, 0, 0, 0, 0, 14, 0, 0,
0, 0, 0, 0, 0, 0, 0, 0, 0, 0, 0, 0, 0, 0, 0, 0, 0, 0, 0, 0, 0, 0, 0, 0, 0, 0, 0,
0, 0, 0, 0, 0, 0, 14, 0, 0, 0, 0, 0, 0, 0, 0, 0, 0, 0, 0, 0, 0, 0, 0, 0, 0, 0,
0, 0, 0, 0, 0, 0, 0, 0, 0, 0, 0, 0, 0, 0, 0, 0, 14, 0, 0, 0, 0, 0, 0, 0, 0, 0,
0, 0, 0, 0, 0, 0, 0, 0, 0, 0, 0, 0, 0, 0, 0, 0, 0, 0, 0, 0, 0, 0, 0, 0, 0, 0,
14, 0, 0, 0, 0, 0, 0, 0, 0, 0, 0, 0, 0, 0, 0, 0, 0, 0, 0, 0, 0, 0, 0, 0, 0, 0,
0, 0, 0, 0, 0, 0, 0, 0, 0, 0, 14, 0, 0, 0, 0, 0, 0, 0, 0, 0, 0, 0, 0, 0, 0, 0,
0, 0, 0, 0, 0, 0, 0, 0, 0, 0, 0, 0, 0, 0, 0, 0, 0, 0, 0, 0, 14, 0, 0, 0, 0, 0,
0, 0, 0, 0, 0, 0, 0, 0, 0, 0, 0, 0, 0, 0, 0, 0, 0, 0, 0, 0, 0, 0, 0, 0, 0, 0, 0,
0, 0, 0)
amt <- 
c(50000, 50000, 50000, 50000, 50000, 50000, 50000, 50000, 50000, 50000,
50000, 50000, 50000, 50000, 50000, 50000, 50000, 50000, 50000, 50000, 50000,
50000, 50000, 50000, 50000, 50000, 50000, 50000, 50000, 50000, 50000, 50000,
50000, 50000, 50000, 50000, 100000, 100000, 100000, 100000, 100000, 100000,
100000, 100000, 100000, 100000, 100000, 100000, 100000, 100000, 100000, 100000,
100000, 100000, 100000, 100000, 100000, 100000, 100000, 100000, 100000, 100000,
100000, 100000, 100000, 100000, 100000, 100000, 100000, 100000, 100000, 100000,
200000, 200000, 200000, 200000, 200000, 200000, 200000, 200000, 200000, 200000,
200000, 200000, 200000, 200000, 200000, 200000, 200000, 200000, 200000, 200000,
200000, 200000, 200000, 200000, 200000, 200000, 200000, 200000, 200000, 200000,
200000, 200000, 200000, 200000, 200000, 200000, 400000, 400000, 400000, 400000,
400000, 400000, 400000, 400000, 400000, 400000, 400000, 400000, 400000, 400000,
400000, 400000, 400000, 400000, 400000, 400000, 400000, 400000, 400000, 400000,
400000, 400000, 400000, 400000, 400000, 400000, 400000, 400000, 400000, 400000,
400000, 400000, 50000, 50000, 50000, 50000, 50000, 50000, 50000, 50000, 50000,
50000, 50000, 50000, 50000, 50000, 50000, 50000, 50000, 50000, 50000, 50000,
50000, 50000, 50000, 50000, 50000, 50000, 50000, 50000, 50000, 50000, 50000,
50000, 50000, 50000, 50000, 50000, 100000, 100000, 100000, 100000, 100000,
100000, 100000, 100000, 100000, 100000, 100000, 100000, 100000, 100000, 100000,
100000, 100000, 100000, 100000, 100000, 100000, 100000, 100000, 100000, 100000,
100000, 100000, 100000, 100000, 100000, 100000, 100000, 100000, 100000, 100000,
100000, 200000, 200000, 200000, 200000, 200000, 200000, 200000, 200000, 200000,
200000, 200000, 200000, 200000, 200000, 200000, 200000, 200000, 200000, 200000,
200000, 200000, 200000, 200000, 200000, 200000, 200000, 200000, 200000, 200000,
200000, 200000, 200000, 200000, 200000, 200000, 200000, 400000, 400000, 400000,
400000, 400000, 400000, 400000, 400000, 400000, 400000, 400000, 400000, 400000,
400000, 400000, 400000, 400000, 400000, 400000, 400000, 400000, 400000, 400000,
400000, 400000, 400000, 400000, 400000, 400000, 400000, 400000, 400000, 400000,
400000, 400000, 400000)
CLPrior <- 10
CLPriorCV <- 1
cmt <- 
c(1, 2, 2, 2, 2, 2, 2, 2, 2, 2, 2, 2, 2, 2, 2, 2, 2, 2, 2, 2, 2, 2, 2,
2, 2, 2, 2, 2, 2, 2, 2, 2, 2, 2, 2, 2, 1, 2, 2, 2, 2, 2, 2, 2, 2, 2, 2, 2, 2, 2,
2, 2, 2, 2, 2, 2, 2, 2, 2, 2, 2, 2, 2, 2, 2, 2, 2, 2, 2, 2, 2, 2, 1, 2, 2, 2, 2,
2, 2, 2, 2, 2, 2, 2, 2, 2, 2, 2, 2, 2, 2, 2, 2, 2, 2, 2, 2, 2, 2, 2, 2, 2, 2, 2,
2, 2, 2, 2, 1, 2, 2, 2, 2, 2, 2, 2, 2, 2, 2, 2, 2, 2, 2, 2, 2, 2, 2, 2, 2, 2, 2,
2, 2, 2, 2, 2, 2, 2, 2, 2, 2, 2, 2, 2, 1, 2, 2, 2, 2, 2, 2, 2, 2, 2, 2, 2, 2, 2,
2, 2, 2, 2, 2, 2, 2, 2, 2, 2, 2, 2, 2, 2, 2, 2, 2, 2, 2, 2, 2, 2, 1, 2, 2, 2, 2,
2, 2, 2, 2, 2, 2, 2, 2, 2, 2, 2, 2, 2, 2, 2, 2, 2, 2, 2, 2, 2, 2, 2, 2, 2, 2, 2,
2, 2, 2, 2, 1, 2, 2, 2, 2, 2, 2, 2, 2, 2, 2, 2, 2, 2, 2, 2, 2, 2, 2, 2, 2, 2, 2,
2, 2, 2, 2, 2, 2, 2, 2, 2, 2, 2, 2, 2, 1, 2, 2, 2, 2, 2, 2, 2, 2, 2, 2, 2, 2, 2,
2, 2, 2, 2, 2, 2, 2, 2, 2, 2, 2, 2, 2, 2, 2, 2, 2, 2, 2, 2, 2, 2)
cObs <- 
c(118.561, 202.156, 335.145, 551.151, 694.619, 640.705, 765.733,
731.953, 750.497, 433.808, 322.094, 178.658, 62.0612, 132.086, 319.651, 398.414,
625.037, 640.571, 696.825, 637.984, 952.51, 550.859, 494.701, 218.307, 172.766,
63.2429, 65.0536, 59.7153, 71.1744, 54.3243, 83.3434, 67.7712, 74.7062, 80.6138,
352.536, 651.341, 870.248, 1274.62, 1852.06, 1867.21, 2007.66, 1213.4, 1105.92,
815.978, 325.643, 218.204, 53.1383, 496.963, 596.847, 1224.65, 1765.36, 1803.26,
1643.6, 1264.53, 1515.37, 1120.99, 846.655, 448.058, 203.194, 50.5626, 61.7279,
42.2844, 52.3113, 50.3718, 66.5159, 47.309, 50.0534, 61.8418, 631.951, 857.047,
1189.47, 2426.36, 2188.77, 2456.43, 3060.06, 3072.74, 2296.91, 1679.19, 1122.14,
653.877, 355.756, 619.228, 1414.34, 1979.54, 2292.71, 2800.37, 3007.77, 2875.52,
2360.72, 1847.91, 1987.09, 1693.1, 832.542, 373.779, 315.888, 442.415, 375.259,
355.513, 395.85, 389.368, 335.825, 357.075, 324.889, 625.316, 1019.94, 1261.86,
2231.55, 2208.67, 2400.22, 3166.4, 2459.78, 2502.68, 2018.38, 1244, 784.186,
1083.49, 1163.88, 2224.37, 2495.4, 2090.62, 4021.31, 2835.04, 4319.71, 4132.39,
3460.53, 2534.94, 1375.78, 866.338, 890.423, 1181.66, 1201.61, 1072.35, 1065.32,
852.269, 1264.25, 1168.86, 92.0464, 173.809, 216.444, 315.269, 536.571, 445.863,
404.618, 464.569, 424.058, 361.486, 201.058, 117.574, 57.1876, 121.964, 187.286,
342.939, 412.909, 525.8, 500.284, 616.402, 473.302, 373.743, 393.501, 226.788,
132.656, 60.7505, 74.0542, 51.6875, 56.1238, 68.2609, 54.9255, 58.4331, 49.0177,
62.0538, 493.929, 834.373, 1208.84, 1872.66, 1803.07, 1971.79, 3153.94, 2761.15,
2033.81, 1961.61, 1560.81, 713.48, 279.405, 863.417, 1073.38, 1089.95, 2284.73,
2682.22, 2485.29, 2856.07, 2827.97, 3108.86, 1601.13, 1131.01, 1103.22, 370.697,
399.816, 377.993, 323.758, 367.881, 420.123, 320.638, 349.328, 457.342, 459.972,
1037.09, 1530.85, 3248.06, 3724.26, 2508.77, 3946.23, 3522.6, 2879.27, 2514.1,
1636.4, 1052.38, 316.906, 1098.09, 1374.54, 2361.87, 2830.88, 4018.67, 3140.76,
3941.1, 4436.94, 3575.72, 2895.26, 1559.21, 940.176, 278.537, 348.751, 407.965,
324.386, 298.486, 373.098, 364.699, 309.237, 338.138, 991.754, 1714.95, 2579.43,
4469.63, 4996.89, 5799.71, 5909.46, 6691.22, 6198.64, 5076.54, 3122.48, 2296.95,
505.094, 1433.51, 3570.97, 3798.5, 5821.4, 6617.46, 6290.1, 7971.3, 8470.73,
5959.12, 5953.05, 2743.46, 1619.63, 473.462, 576.222, 835.261, 462.441, 753.938,
511.252, 520.513, 578.486, 643.289)
E0Prior <- 80
E0PriorCV <- 1
EC50Prior <- 250
EC50PriorCV <- 1
EmaxPrior <- 40
EmaxPriorCV <- 1
end <- 
c(36, 72, 108, 144, 180, 216, 252, 288)
evid <- 
c(1, 0, 0, 0, 0, 0, 0, 0, 0, 0, 0, 0, 0, 0, 0, 0, 0, 0, 0, 0, 0, 0, 0,
0, 0, 0, 0, 0, 0, 0, 0, 0, 0, 0, 0, 0, 1, 0, 0, 0, 0, 0, 0, 0, 0, 0, 0, 0, 0, 0,
0, 0, 0, 0, 0, 0, 0, 0, 0, 0, 0, 0, 0, 0, 0, 0, 0, 0, 0, 0, 0, 0, 1, 0, 0, 0, 0,
0, 0, 0, 0, 0, 0, 0, 0, 0, 0, 0, 0, 0, 0, 0, 0, 0, 0, 0, 0, 0, 0, 0, 0, 0, 0, 0,
0, 0, 0, 0, 1, 0, 0, 0, 0, 0, 0, 0, 0, 0, 0, 0, 0, 0, 0, 0, 0, 0, 0, 0, 0, 0, 0,
0, 0, 0, 0, 0, 0, 0, 0, 0, 0, 0, 0, 0, 1, 0, 0, 0, 0, 0, 0, 0, 0, 0, 0, 0, 0, 0,
0, 0, 0, 0, 0, 0, 0, 0, 0, 0, 0, 0, 0, 0, 0, 0, 0, 0, 0, 0, 0, 0, 1, 0, 0, 0, 0,
0, 0, 0, 0, 0, 0, 0, 0, 0, 0, 0, 0, 0, 0, 0, 0, 0, 0, 0, 0, 0, 0, 0, 0, 0, 0, 0,
0, 0, 0, 0, 1, 0, 0, 0, 0, 0, 0, 0, 0, 0, 0, 0, 0, 0, 0, 0, 0, 0, 0, 0, 0, 0, 0,
0, 0, 0, 0, 0, 0, 0, 0, 0, 0, 0, 0, 0, 1, 0, 0, 0, 0, 0, 0, 0, 0, 0, 0, 0, 0, 0,
0, 0, 0, 0, 0, 0, 0, 0, 0, 0, 0, 0, 0, 0, 0, 0, 0, 0, 0, 0, 0, 0)
gammaPrior <- 2
gammaPriorCV <- 1
