addl <- 
c(14, 0, 0, 0, 0, 0, 0, 0, 0, 0, 0, 0, 0, 0, 0, 0, 0, 0, 0, 0, 0, 0, 0,
0, 0, 0, 0, 0, 0, 0, 0, 0, 0, 0, 0, 0, 14, 0, 0, 0, 0, 0, 0, 0, 0, 0, 0, 0, 0,
0, 0, 0, 0, 0, 0, 0, 0, 0, 0, 0, 0, 0, 0, 0, 0, 0, 0, 0, 0, 0, 0, 0, 14, 0, 0,
0, 0, 0, 0, 0, 0, 0, 0, 0, 0, 0, 0, 0, 0, 0, 0, 0, 0, 0, 0, 0, 0, 0, 0, 0, 0, 0,
0, 0, 0, 0, 0, 0, 14, 0, 0, 0, 0, 0, 0, 0, 0, 0, 0, 0, 0, 0, 0, 0, 0, 0, 0, 0,
0, 0, 0, 0, 0, 0, 0, 0, 0, 0, 0, 0, 0, 0, 0, 0, 14, 0, 0, 0, 0, 0, 0, 0, 0, 0,
0, 0, 0, 0, 0, 0, 0, 0, 0, 0, 0, 0, 0, 0, 0, 0, 0, 0, 0, 0, 0, 0, 0, 0, 0, 0,
14, 0, 0, 0, 0, 0, 0, 0, 0, 0, 0, 0, 0, 0, 0, 0, 0, 0, 0, 0, 0, 0, 0, 0, 0, 0,
0, 0, 0, 0, 0, 0, 0, 0, 0, 0, 14, 0, 0, 0, 0, 0, 0, 0, 0, 0, 0, 0, 0, 0, 0, 0,
0, 0, 0, 0, 0, 0, 0, 0, 0, 0, 0, 0, 0, 0, 0, 0, 0, 0, 0, 0, 14, 0, 0, 0, 0, 0,
0, 0, 0, 0, 0, 0, 0, 0, 0, 0, 0, 0, 0, 0, 0, 0, 0, 0, 0, 0, 0, 0, 0, 0, 0, 0, 0,
0, 0, 0, 14, 0, 0, 0, 0, 0, 0, 0, 0, 0, 0, 0, 0, 0, 0, 0, 0, 0, 0, 0, 0, 0, 0,
0, 0, 0, 0, 0, 0, 0, 0, 0, 0, 0, 0, 0, 14, 0, 0, 0, 0, 0, 0, 0, 0, 0, 0, 0, 0,
0, 0, 0, 0, 0, 0, 0, 0, 0, 0, 0, 0, 0, 0, 0, 0, 0, 0, 0, 0, 0, 0, 0, 14, 0, 0,
0, 0, 0, 0, 0, 0, 0, 0, 0, 0, 0, 0, 0, 0, 0, 0, 0, 0, 0, 0, 0, 0, 0, 0, 0, 0, 0,
0, 0, 0, 0, 0, 0, 14, 0, 0, 0, 0, 0, 0, 0, 0, 0, 0, 0, 0, 0, 0, 0, 0, 0, 0, 0,
0, 0, 0, 0, 0, 0, 0, 0, 0, 0, 0, 0, 0, 0, 0, 0)
amt <- 
c(10000, 10000, 10000, 10000, 10000, 10000, 10000, 10000, 10000, 10000,
10000, 10000, 10000, 10000, 10000, 10000, 10000, 10000, 10000, 10000, 10000,
10000, 10000, 10000, 10000, 10000, 10000, 10000, 10000, 10000, 10000, 10000,
10000, 10000, 10000, 10000, 20000, 20000, 20000, 20000, 20000, 20000, 20000,
20000, 20000, 20000, 20000, 20000, 20000, 20000, 20000, 20000, 20000, 20000,
20000, 20000, 20000, 20000, 20000, 20000, 20000, 20000, 20000, 20000, 20000,
20000, 20000, 20000, 20000, 20000, 20000, 20000, 40000, 40000, 40000, 40000,
40000, 40000, 40000, 40000, 40000, 40000, 40000, 40000, 40000, 40000, 40000,
40000, 40000, 40000, 40000, 40000, 40000, 40000, 40000, 40000, 40000, 40000,
40000, 40000, 40000, 40000, 40000, 40000, 40000, 40000, 40000, 40000, 80000,
80000, 80000, 80000, 80000, 80000, 80000, 80000, 80000, 80000, 80000, 80000,
80000, 80000, 80000, 80000, 80000, 80000, 80000, 80000, 80000, 80000, 80000,
80000, 80000, 80000, 80000, 80000, 80000, 80000, 80000, 80000, 80000, 80000,
80000, 80000, 10000, 10000, 10000, 10000, 10000, 10000, 10000, 10000, 10000,
10000, 10000, 10000, 10000, 10000, 10000, 10000, 10000, 10000, 10000, 10000,
10000, 10000, 10000, 10000, 10000, 10000, 10000, 10000, 10000, 10000, 10000,
10000, 10000, 10000, 10000, 10000, 20000, 20000, 20000, 20000, 20000, 20000,
20000, 20000, 20000, 20000, 20000, 20000, 20000, 20000, 20000, 20000, 20000,
20000, 20000, 20000, 20000, 20000, 20000, 20000, 20000, 20000, 20000, 20000,
20000, 20000, 20000, 20000, 20000, 20000, 20000, 20000, 40000, 40000, 40000,
40000, 40000, 40000, 40000, 40000, 40000, 40000, 40000, 40000, 40000, 40000,
40000, 40000, 40000, 40000, 40000, 40000, 40000, 40000, 40000, 40000, 40000,
40000, 40000, 40000, 40000, 40000, 40000, 40000, 40000, 40000, 40000, 40000,
80000, 80000, 80000, 80000, 80000, 80000, 80000, 80000, 80000, 80000, 80000,
80000, 80000, 80000, 80000, 80000, 80000, 80000, 80000, 80000, 80000, 80000,
80000, 80000, 80000, 80000, 80000, 80000, 80000, 80000, 80000, 80000, 80000,
80000, 80000, 80000, 10000, 10000, 10000, 10000, 10000, 10000, 10000, 10000,
10000, 10000, 10000, 10000, 10000, 10000, 10000, 10000, 10000, 10000, 10000,
10000, 10000, 10000, 10000, 10000, 10000, 10000, 10000, 10000, 10000, 10000,
10000, 10000, 10000, 10000, 10000, 10000, 20000, 20000, 20000, 20000, 20000,
20000, 20000, 20000, 20000, 20000, 20000, 20000, 20000, 20000, 20000, 20000,
20000, 20000, 20000, 20000, 20000, 20000, 20000, 20000, 20000, 20000, 20000,
20000, 20000, 20000, 20000, 20000, 20000, 20000, 20000, 20000, 40000, 40000,
40000, 40000, 40000, 40000, 40000, 40000, 40000, 40000, 40000, 40000, 40000,
40000, 40000, 40000, 40000, 40000, 40000, 40000, 40000, 40000, 40000, 40000,
40000, 40000, 40000, 40000, 40000, 40000, 40000, 40000, 40000, 40000, 40000,
40000, 80000, 80000, 80000, 80000, 80000, 80000, 80000, 80000, 80000, 80000,
80000, 80000, 80000, 80000, 80000, 80000, 80000, 80000, 80000, 80000, 80000,
80000, 80000, 80000, 80000, 80000, 80000, 80000, 80000, 80000, 80000, 80000,
80000, 80000, 80000, 80000)
CLPrior <- 10
CLPriorCV <- 1
cmt <- 
c(1, 2, 2, 2, 2, 2, 2, 2, 2, 2, 2, 2, 2, 2, 2, 2, 2, 2, 2, 2, 2, 2, 2,
2, 2, 2, 2, 2, 2, 2, 2, 2, 2, 2, 2, 2, 1, 2, 2, 2, 2, 2, 2, 2, 2, 2, 2, 2, 2, 2,
2, 2, 2, 2, 2, 2, 2, 2, 2, 2, 2, 2, 2, 2, 2, 2, 2, 2, 2, 2, 2, 2, 1, 2, 2, 2, 2,
2, 2, 2, 2, 2, 2, 2, 2, 2, 2, 2, 2, 2, 2, 2, 2, 2, 2, 2, 2, 2, 2, 2, 2, 2, 2, 2,
2, 2, 2, 2, 1, 2, 2, 2, 2, 2, 2, 2, 2, 2, 2, 2, 2, 2, 2, 2, 2, 2, 2, 2, 2, 2, 2,
2, 2, 2, 2, 2, 2, 2, 2, 2, 2, 2, 2, 2, 1, 2, 2, 2, 2, 2, 2, 2, 2, 2, 2, 2, 2, 2,
2, 2, 2, 2, 2, 2, 2, 2, 2, 2, 2, 2, 2, 2, 2, 2, 2, 2, 2, 2, 2, 2, 1, 2, 2, 2, 2,
2, 2, 2, 2, 2, 2, 2, 2, 2, 2, 2, 2, 2, 2, 2, 2, 2, 2, 2, 2, 2, 2, 2, 2, 2, 2, 2,
2, 2, 2, 2, 1, 2, 2, 2, 2, 2, 2, 2, 2, 2, 2, 2, 2, 2, 2, 2, 2, 2, 2, 2, 2, 2, 2,
2, 2, 2, 2, 2, 2, 2, 2, 2, 2, 2, 2, 2, 1, 2, 2, 2, 2, 2, 2, 2, 2, 2, 2, 2, 2, 2,
2, 2, 2, 2, 2, 2, 2, 2, 2, 2, 2, 2, 2, 2, 2, 2, 2, 2, 2, 2, 2, 2, 1, 2, 2, 2, 2,
2, 2, 2, 2, 2, 2, 2, 2, 2, 2, 2, 2, 2, 2, 2, 2, 2, 2, 2, 2, 2, 2, 2, 2, 2, 2, 2,
2, 2, 2, 2, 1, 2, 2, 2, 2, 2, 2, 2, 2, 2, 2, 2, 2, 2, 2, 2, 2, 2, 2, 2, 2, 2, 2,
2, 2, 2, 2, 2, 2, 2, 2, 2, 2, 2, 2, 2, 1, 2, 2, 2, 2, 2, 2, 2, 2, 2, 2, 2, 2, 2,
2, 2, 2, 2, 2, 2, 2, 2, 2, 2, 2, 2, 2, 2, 2, 2, 2, 2, 2, 2, 2, 2, 1, 2, 2, 2, 2,
2, 2, 2, 2, 2, 2, 2, 2, 2, 2, 2, 2, 2, 2, 2, 2, 2, 2, 2, 2, 2, 2, 2, 2, 2, 2, 2,
2, 2, 2, 2)
