addl <- 
c(14, 0, 0, 0, 0, 0, 0, 0, 0, 0, 0, 0, 0, 0, 0, 0, 0, 0, 0, 0, 0, 0, 0,
0, 0, 0, 0, 0, 0, 0, 0, 0, 0, 0, 0, 0, 14, 0, 0, 0, 0, 0, 0, 0, 0, 0, 0, 0, 0,
0, 0, 0, 0, 0, 0, 0, 0, 0, 0, 0, 0, 0, 0, 0, 0, 0, 0, 0, 0, 0, 0, 0, 14, 0, 0,
0, 0, 0, 0, 0, 0, 0, 0, 0, 0, 0, 0, 0, 0, 0, 0, 0, 0, 0, 0, 0, 0, 0, 0, 0, 0, 0,
0, 0, 0, 0, 0, 0, 14, 0, 0, 0, 0, 0, 0, 0, 0, 0, 0, 0, 0, 0, 0, 0, 0, 0, 0, 0,
0, 0, 0, 0, 0, 0, 0, 0, 0, 0, 0, 0, 0, 0, 0, 0, 14, 0, 0, 0, 0, 0, 0, 0, 0, 0,
0, 0, 0, 0, 0, 0, 0, 0, 0, 0, 0, 0, 0, 0, 0, 0, 0, 0, 0, 0, 0, 0, 0, 0, 0, 0,
14, 0, 0, 0, 0, 0, 0, 0, 0, 0, 0, 0, 0, 0, 0, 0, 0, 0, 0, 0, 0, 0, 0, 0, 0, 0,
0, 0, 0, 0, 0, 0, 0, 0, 0, 0, 14, 0, 0, 0, 0, 0, 0, 0, 0, 0, 0, 0, 0, 0, 0, 0,
0, 0, 0, 0, 0, 0, 0, 0, 0, 0, 0, 0, 0, 0, 0, 0, 0, 0, 0, 0, 14, 0, 0, 0, 0, 0,
0, 0, 0, 0, 0, 0, 0, 0, 0, 0, 0, 0, 0, 0, 0, 0, 0, 0, 0, 0, 0, 0, 0, 0, 0, 0, 0,
0, 0, 0)
amt <- 
c(100000, 100000, 100000, 100000, 100000, 100000, 100000, 100000,
100000, 100000, 100000, 100000, 100000, 100000, 100000, 100000, 100000, 100000,
100000, 100000, 100000, 100000, 100000, 100000, 100000, 100000, 100000, 100000,
100000, 100000, 100000, 100000, 100000, 100000, 100000, 100000, 200000, 200000,
200000, 200000, 200000, 200000, 200000, 200000, 200000, 200000, 200000, 200000,
200000, 200000, 200000, 200000, 200000, 200000, 200000, 200000, 200000, 200000,
200000, 200000, 200000, 200000, 200000, 200000, 200000, 200000, 200000, 200000,
200000, 200000, 200000, 200000, 400000, 400000, 400000, 400000, 400000, 400000,
400000, 400000, 400000, 400000, 400000, 400000, 400000, 400000, 400000, 400000,
400000, 400000, 400000, 400000, 400000, 400000, 400000, 400000, 400000, 400000,
400000, 400000, 400000, 400000, 400000, 400000, 400000, 400000, 400000, 400000,
800000, 800000, 800000, 800000, 800000, 800000, 800000, 800000, 800000, 800000,
800000, 800000, 800000, 800000, 800000, 800000, 800000, 800000, 800000, 800000,
800000, 800000, 800000, 800000, 800000, 800000, 800000, 800000, 800000, 800000,
800000, 800000, 800000, 800000, 800000, 800000, 100000, 100000, 100000, 100000,
100000, 100000, 100000, 100000, 100000, 100000, 100000, 100000, 100000, 100000,
100000, 100000, 100000, 100000, 100000, 100000, 100000, 100000, 100000, 100000,
100000, 100000, 100000, 100000, 100000, 100000, 100000, 100000, 100000, 100000,
100000, 100000, 200000, 200000, 200000, 200000, 200000, 200000, 200000, 200000,
200000, 200000, 200000, 200000, 200000, 200000, 200000, 200000, 200000, 200000,
200000, 200000, 200000, 200000, 200000, 200000, 200000, 200000, 200000, 200000,
200000, 200000, 200000, 200000, 200000, 200000, 200000, 200000, 400000, 400000,
400000, 400000, 400000, 400000, 400000, 400000, 400000, 400000, 400000, 400000,
400000, 400000, 400000, 400000, 400000, 400000, 400000, 400000, 400000, 400000,
400000, 400000, 400000, 400000, 400000, 400000, 400000, 400000, 400000, 400000,
400000, 400000, 400000, 400000, 800000, 800000, 800000, 800000, 800000, 800000,
800000, 800000, 800000, 800000, 800000, 800000, 800000, 800000, 800000, 800000,
800000, 800000, 800000, 800000, 800000, 800000, 800000, 800000, 800000, 800000,
800000, 800000, 800000, 800000, 800000, 800000, 800000, 800000, 800000, 800000)
CLPrior <- 10
CLPriorCV <- 1
cmt <- 
c(1, 2, 2, 2, 2, 2, 2, 2, 2, 2, 2, 2, 2, 2, 2, 2, 2, 2, 2, 2, 2, 2, 2,
2, 2, 2, 2, 2, 2, 2, 2, 2, 2, 2, 2, 2, 1, 2, 2, 2, 2, 2, 2, 2, 2, 2, 2, 2, 2, 2,
2, 2, 2, 2, 2, 2, 2, 2, 2, 2, 2, 2, 2, 2, 2, 2, 2, 2, 2, 2, 2, 2, 1, 2, 2, 2, 2,
2, 2, 2, 2, 2, 2, 2, 2, 2, 2, 2, 2, 2, 2, 2, 2, 2, 2, 2, 2, 2, 2, 2, 2, 2, 2, 2,
2, 2, 2, 2, 1, 2, 2, 2, 2, 2, 2, 2, 2, 2, 2, 2, 2, 2, 2, 2, 2, 2, 2, 2, 2, 2, 2,
2, 2, 2, 2, 2, 2, 2, 2, 2, 2, 2, 2, 2, 1, 2, 2, 2, 2, 2, 2, 2, 2, 2, 2, 2, 2, 2,
2, 2, 2, 2, 2, 2, 2, 2, 2, 2, 2, 2, 2, 2, 2, 2, 2, 2, 2, 2, 2, 2, 1, 2, 2, 2, 2,
2, 2, 2, 2, 2, 2, 2, 2, 2, 2, 2, 2, 2, 2, 2, 2, 2, 2, 2, 2, 2, 2, 2, 2, 2, 2, 2,
2, 2, 2, 2, 1, 2, 2, 2, 2, 2, 2, 2, 2, 2, 2, 2, 2, 2, 2, 2, 2, 2, 2, 2, 2, 2, 2,
2, 2, 2, 2, 2, 2, 2, 2, 2, 2, 2, 2, 2, 1, 2, 2, 2, 2, 2, 2, 2, 2, 2, 2, 2, 2, 2,
2, 2, 2, 2, 2, 2, 2, 2, 2, 2, 2, 2, 2, 2, 2, 2, 2, 2, 2, 2, 2, 2)
cObs <- 
c(237.121, 404.312, 670.29, 1102.3, 1389.24, 1281.41, 1531.47, 1463.91,
1500.99, 867.616, 644.188, 357.316, 124.122, 264.173, 639.302, 796.829, 1250.07,
1281.14, 1393.65, 1275.97, 1905.02, 1101.72, 989.401, 436.615, 345.531, 126.486,
130.107, 119.431, 142.349, 108.649, 166.687, 135.542, 149.412, 161.228, 705.072,
1302.68, 1740.5, 2549.24, 3704.12, 3734.42, 4015.31, 2426.8, 2211.85, 1631.96,
651.286, 436.408, 106.277, 993.926, 1193.69, 2449.29, 3530.72, 3606.52, 3287.2,
2529.06, 3030.73, 2241.98, 1693.31, 896.117, 406.388, 101.125, 123.456, 84.5688,
104.623, 100.744, 133.032, 94.618, 100.107, 123.684, 1263.9, 1714.09, 2378.93,
4852.73, 4377.55, 4912.86, 6120.12, 6145.49, 4593.81, 3358.38, 2244.27, 1307.75,
711.513, 1238.46, 2828.68, 3959.08, 4585.41, 5600.74, 6015.55, 5751.04, 4721.45,
3695.81, 3974.18, 3386.19, 1665.08, 747.559, 631.776, 884.83, 750.517, 711.025,
791.7, 778.737, 671.649, 714.149, 649.777, 1250.63, 2039.87, 2523.72, 4463.1,
4417.34, 4800.43, 6332.8, 4919.56, 5005.37, 4036.75, 2488, 1568.37, 2166.99,
2327.76, 4448.74, 4990.79, 4181.25, 8042.62, 5670.09, 8639.42, 8264.77, 6921.06,
5069.89, 2751.56, 1732.68, 1780.85, 2363.32, 2403.21, 2144.69, 2130.64, 1704.54,
2528.5, 2337.72, 184.093, 347.617, 432.889, 630.538, 1073.14, 891.727, 809.236,
929.138, 848.115, 722.971, 402.116, 235.147, 114.375, 243.929, 374.573, 685.878,
825.818, 1051.6, 1000.57, 1232.8, 946.604, 747.487, 787.003, 453.575, 265.313,
121.501, 148.108, 103.375, 112.248, 136.522, 109.851, 116.866, 98.0355, 124.108,
987.858, 1668.75, 2417.69, 3745.32, 3606.15, 3943.58, 6307.88, 5522.29, 4067.63,
3923.21, 3121.62, 1426.96, 558.81, 1726.83, 2146.76, 2179.9, 4569.45, 5364.44,
4970.57, 5712.14, 5655.93, 6217.72, 3202.25, 2262.03, 2206.44, 741.394, 799.631,
755.985, 647.515, 735.762, 840.245, 641.275, 698.656, 914.684, 919.943, 2074.18,
3061.69, 6496.13, 7448.51, 5017.53, 7892.46, 7045.2, 5758.54, 5028.2, 3272.79,
2104.76, 633.812, 2196.17, 2749.08, 4723.73, 5661.76, 8037.34, 6281.51, 7882.2,
8873.89, 7151.43, 5790.53, 3118.43, 1880.35, 557.073, 697.502, 815.931, 648.772,
596.971, 746.196, 729.399, 618.474, 676.277, 1983.51, 3429.9, 5158.86, 8939.26,
9993.78, 11599.4, 11818.9, 13382.4, 12397.3, 10153.1, 6244.95, 4593.9, 1010.19,
2867.02, 7141.95, 7597, 11642.8, 13234.9, 12580.2, 15942.6, 16941.5, 11918.2,
11906.1, 5486.93, 3239.26, 946.924, 1152.44, 1670.52, 924.882, 1507.88, 1022.5,
1041.03, 1156.97, 1286.58)
E0Prior <- 80
E0PriorCV <- 1
EC50Prior <- 250
EC50PriorCV <- 1
EmaxPrior <- 40
EmaxPriorCV <- 1
end <- 
c(36, 72, 108, 144, 180, 216, 252, 288)
evid <- 
c(1, 0, 0, 0, 0, 0, 0, 0, 0, 0, 0, 0, 0, 0, 0, 0, 0, 0, 0, 0, 0, 0, 0,
0, 0, 0, 0, 0, 0, 0, 0, 0, 0, 0, 0, 0, 1, 0, 0, 0, 0, 0, 0, 0, 0, 0, 0, 0, 0, 0,
0, 0, 0, 0, 0, 0, 0, 0, 0, 0, 0, 0, 0, 0, 0, 0, 0, 0, 0, 0, 0, 0, 1, 0, 0, 0, 0,
0, 0, 0, 0, 0, 0, 0, 0, 0, 0, 0, 0, 0, 0, 0, 0, 0, 0, 0, 0, 0, 0, 0, 0, 0, 0, 0,
0, 0, 0, 0, 1, 0, 0, 0, 0, 0, 0, 0, 0, 0, 0, 0, 0, 0, 0, 0, 0, 0, 0, 0, 0, 0, 0,
0, 0, 0, 0, 0, 0, 0, 0, 0, 0, 0, 0, 0, 1, 0, 0, 0, 0, 0, 0, 0, 0, 0, 0, 0, 0, 0,
0, 0, 0, 0, 0, 0, 0, 0, 0, 0, 0, 0, 0, 0, 0, 0, 0, 0, 0, 0, 0, 0, 1, 0, 0, 0, 0,
0, 0, 0, 0, 0, 0, 0, 0, 0, 0, 0, 0, 0, 0, 0, 0, 0, 0, 0, 0, 0, 0, 0, 0, 0, 0, 0,
0, 0, 0, 0, 1, 0, 0, 0, 0, 0, 0, 0, 0, 0, 0, 0, 0, 0, 0, 0, 0, 0, 0, 0, 0, 0, 0,
0, 0, 0, 0, 0, 0, 0, 0, 0, 0, 0, 0, 0, 1, 0, 0, 0, 0, 0, 0, 0, 0, 0, 0, 0, 0, 0,
0, 0, 0, 0, 0, 0, 0, 0, 0, 0, 0, 0, 0, 0, 0, 0, 0, 0, 0, 0, 0, 0)
gammaPrior <- 2
gammaPriorCV <- 1
