CL <- 5
ka <- 1.2
Q <- 8
V1 <- 20
V2 <- 70
