nt <- 500
qasd
